4,2,2,107,111226,115538,15987,102103,115553,139444,0.82867,0.999871,0.828563,1,1,0,2.23607,0.353553,2.23607,0.559017,1,0.25,0,3,2,2,2,2.26316,1
4,0,0,2,98709,98789.6,14754,86542,99192.6,98749.3,1.00449,0.995937,1.00041,0,5,0,2.23607,0.353553,2.23607,0.353553,0,0,-1,3,2,1,2,1.14583,1
4,0,0,4,98449,98610.2,14697,86593,98892.3,98569.9,1.00327,0.997147,1.00041,0,1,0,2.23607,0.353553,2.23607,0.353553,0,0,-1,3,2,2,3,1.72161,0
4,1,1,13,120959,121483,17709,202121,122150,121828,1.00265,0.994535,0.997167,0,4,0,2.23607,0.353553,2.23607,0.353553,0,0,0,1,2,2,2,1.4359,1
4,2,1,3358,92568,227891,12820,72988,228583,257000,0.889426,0.996976,0.886737,2,4,0,10.198,0.25,10.198,0.5,0,0.25,1,3,2,2,3,2.19979,1
4,2,2,3277,104535,236594,13475,80167,316686,307272,1.03064,0.747094,0.769983,2,4,0,9.21954,0.790569,9.21954,0.559017,1,0.559017,0,3,2,2,3,2.32943,1
4,2,1,3362,120236,255721,14213,90465,263182,291372,0.90325,0.971649,0.877642,2,7,0,8.544,0.901388,8.24621,0.25,1.41421,0.353553,0,3,2,2,3,2.50941,1
4,2,0,1695,112834,181141,16010,107444,181100,197193,0.918391,1.00022,0.918595,2,3,0,2.23607,0.353553,2.23607,0.559017,1,0.25,1,3,2,2,3,2.49462,1
4,2,0,1767,111474,182682,14992,94242,182601,204204,0.89421,1.00044,0.894605,1,10,-1,0,0,0,0,0,0,-1,2,0,2,3,2.40559,1
4,2,2,297,68730,80698.7,12390,66706,86294.4,108214,0.797441,0.935156,0.745732,1,37,0,1,0,1.41421,0,1,0,1,3,0,2,3,2.21684,1
4,1,0,17,34552,35237.1,8034,29798,35156.5,36047.2,0.97529,1.00229,0.977526,0,4,0,1,0.901388,1,0.559017,1,0.353553,0,3,2,2,3,1.68912,0
4,1,0,13,57808,58331.9,10635,53799,58291.6,65123.3,0.895096,1.00069,0.895714,0,2,0,1,0.25,2,0.25,1.41421,0.353553,0,3,2,2,2,1.12821,1
4,1,0,17,102902,103587,16762,116450,103506,127993,0.808685,1.00078,0.809315,0,21,0,2,0.25,2,0.25,0,0,1,3,2,2,3,1.84351,1
4,2,0,1387,144084,199978,15058,91340,200180,199938,1.00121,0.998993,1.0002,2,2,0,2.23607,0.353553,2.23607,0.353553,0,0,-1,3,2,2,4,1.84325,1
4,2,0,204,119372,127593,15506,96008,127794,127512,1.00221,0.998423,1.00063,1,12,0,2.23607,0.353553,2.23607,0.353553,0,0,-1,3,2,2,6,1.52328,1
4,2,1,1610,107169,172050,13584,81108,228614,190009,1.20318,0.752578,0.905484,2,6,0,2.23607,0.353553,2.23607,0.353553,0,0,-1,3,2,2,4,1.49205,1
4,2,1,1271,68716,119936,10071,54927,148604,162975,0.911821,0.807084,0.735916,1,11,0,2.23607,0.353553,2.23607,0.353553,0,0,-1,3,2,2,5,1.78308,1
4,2,2,2218,78786,168169,12076,70770,177953,187726,0.947942,0.945016,0.895821,2,4,-1,0,0,0,0,0,0,-1,2,0,2,6,2.17423,1
4,2,0,416,46293,63057.3,9652,50020,62976.7,75391.7,0.835327,1.00128,0.836396,1,4,0,9.05539,0.559017,8.06226,0.901388,1,0.790569,0,3,2,2,6,2.26785,1
4,2,2,3431,97581,235846,12152,70038,252725,306589,0.82431,0.933214,0.769258,2,1,1,27.4591,0.790569,27.6586,0.75,0,0.75,0,1,2,2,6,2.47311,1
4,2,1,144,29766,35569,7755,27577,40118.4,41716.8,0.961686,0.8866,0.852631,2,3,0,12.6491,1.06066,16.1245,0.25,4.12311,0.901388,0,3,2,2,6,2.17496,1
4,2,2,1502,56728,117257,9446,42264,141618,145369,0.9742,0.827979,0.806617,1,27,0,17.6918,0.790569,15.6205,0,2.23607,1.06066,1,3,2,2,6,2.00673,1
4,2,2,594,79501,103438,11879,59667,121963,127723,0.954903,0.848116,0.809868,2,10,0,1,0.5,1,0.25,1,0.559017,0,3,1,2,6,1.80621,1
4,2,2,337,63708,77288.7,11566,60000,77776.6,80505,0.966109,0.993727,0.960048,1,8,0,1,1.06066,1,1.06066,0,0,-1,3,2,2,4,1.45156,1
4,2,1,669,82145,109105,12147,64831,123632,127322,0.971013,0.8825,0.85692,2,42,0,1,0.901388,1,0.901388,0,0,-1,3,2,2,5,1.54277,1
4,2,2,98,102017,105966,15570,100200,106248,128164,0.829002,0.997345,0.826801,1,4,0,2.23607,0.353553,2.23607,0.353553,0,0,-1,3,2,2,6,1.86492,1
4,2,0,2177,137063,224794,13807,81801,224950,224753,1.00087,0.999306,1.00018,2,3,0,2.23607,0.353553,2.23607,0.353553,0,0,-1,3,2,2,4,2.39007,1
4,2,1,2645,98173,204763,12722,71932,209817,208971,1.00405,0.975914,0.979867,2,3,0,2.23607,0.353553,1.41421,0.75,1,0.559017,0,3,2,2,6,2.30063,1
4,2,2,88,35714,39260.3,9288,36348,40269.1,43845.5,0.918431,0.974949,0.895424,1,2,0,12.0416,0.5,12.0416,1.06066,1,0.353553,1,3,1,2,6,2.16177,1
4,2,2,3423,107532,245475,13216,78948,285407,313056,0.911679,0.860088,0.784124,1,16,0,10.8167,0.353553,10.8167,0.707107,1.41421,0.353553,1,3,2,2,6,2.22238,1
4,2,2,822,67176,100302,12348,71040,118318,104824,1.12873,0.847732,0.956857,2,32,1,28.2843,0.75,27.2947,0.559017,2,0.353553,0,3,2,2,6,2.18525,1
4,1,6,13,54947,55470.9,10295,49481,59566.7,60387.4,0.98641,0.93124,0.918584,0,3,0,10.0499,0.25,10.0499,0.25,0,0,-1,3,2,2,6,2.18843,1
4,2,2,784,55659,87253.3,10234,48504,109424,108808,1.00566,0.797387,0.801903,2,1,0,9,0.901388,9,0.75,1,0.790569,0,3,2,2,6,1.83427,1
4,2,1,91,31894,35561.2,8584,42292,41337.6,56562.7,0.730828,0.860263,0.628704,1,2,0,11.6619,0.5,13.8924,0.559017,2.23607,0.901388,0,3,1,2,6,2.07577,1
4,2,1,2313,70291,163502,10659,54621,174451,191179,0.912499,0.937238,0.855229,2,2,0,17.2047,0.901388,23.2594,0.5,7.07107,0.25,0,3,2,2,6,1.70724,1
4,2,2,2351,86804,181547,12474,70974,192038,240792,0.797526,0.945369,0.753957,2,3,0,2,0.25,2,0.25,0,0,-1,3,2,2,6,2.07608,1
4,2,1,328,36922,50140,9514,43376,50264,70157.4,0.716446,0.997533,0.714678,2,5,0,1,0.5,1.41421,0.901388,1,0.559017,0,3,1,2,6,2.01832,1
4,2,2,2873,107653,223432,13643,85591,233349,264175,0.883311,0.9575,0.845771,2,10,0,3,0.5,5,0.75,2,0.25,0,3,1,2,6,1.96891,1
4,2,0,193,99279,107057,15369,95923,107298,106976,1.00301,0.997747,1.00075,2,3,0,2.23607,0.353553,2.23607,0.353553,0,0,-1,3,2,2,6,2.10274,1
4,2,1,1114,66793,111686,11607,63507,114283,138810,0.823306,0.977274,0.804595,2,3,0,8.94427,0.707107,9.43398,0.707107,1,0,1,3,1,2,4,2.41763,1
4,2,1,652,56729,83003.8,10558,55176,87245.8,112846,0.773138,0.951379,0.735547,2,3,0,7.61577,0.790569,8.24621,0.901388,1,0.901388,1,3,2,2,6,2.07894,1
4,2,1,307,33560,45931.7,8000,27602,53770.4,61648,0.872216,0.85422,0.745064,1,3,0,10,0.75,10.6301,0.901388,1,0.790569,1,3,2,2,6,2.12084,1
4,2,2,1417,72182,129285,10646,51782,138577,154026,0.8997,0.932947,0.839372,2,15,0,10.2956,0.559017,10.2956,0.707107,1,0.25,1,3,2,2,6,2.14752,1
4,2,1,1798,81270,153727,11816,63890,156520,158101,0.99,0.982156,0.972334,2,7,0,11.0454,0.707107,13.0384,0.75,1,0.559017,1,3,1,2,6,2.07979,1
4,2,2,177,58174,65306.9,10590,54226,71221.7,66190.3,1.07601,0.916952,0.986653,1,1,0,10.0499,0.353553,11.0454,0.25,1.41421,0.25,1,3,2,2,6,2.1329,1
4,2,1,922,64588,101744,10688,52848,106051,121247,0.874668,0.959383,0.839142,1,3,0,10.0499,0.790569,11.0454,0,1,0.790569,0,3,2,2,6,1.88175,1
4,2,2,2665,61482,168878,9836,48838,171704,183925,0.933559,0.983541,0.918193,1,4,0,9.21954,0.353553,11.4018,0.790569,3.16228,0.5,0,3,2,2,6,1.96747,1
4,2,2,6628,119319,386420,14801,96517,422852,454196,0.930991,0.913841,0.850778,2,28,0,12.0416,0.707107,13.4536,0.5,2.23607,0.5,0,3,1,2,6,2.16859,1
4,2,6,3140,98562,225100,13603,84403,280475,265935,1.05467,0.802569,0.846447,2,2,0,2,0.25,2,0.25,0,0,-1,3,2,2,6,2.30967,1
4,1,0,22,25257,26143.6,7317,30299,26063,34787.1,0.749215,1.00309,0.751531,0,3,0,1,0.559017,0,0.25,1,0.353553,0,3,2,2,6,1.97471,0
4,2,1,1374,92149,147520,12970,74506,151860,194007,0.782756,0.971419,0.760384,2,4,0,2.23607,0.5,3.16228,0.901388,1.41421,0.559017,0,3,1,2,5,1.90708,1
4,2,6,416,117080,133844,14374,86774,170968,172060,0.993652,0.782863,0.777893,2,10,0,2.23607,0.901388,2.23607,0.901388,0,0,-1,3,2,2,6,2.36282,1
4,2,2,135,32280,37720.3,8461,33757,41691.4,56942.8,0.732163,0.904751,0.662425,2,5,0,11.1803,0.25,11.1803,0.75,1,0.790569,1,1,2,2,4,2.01526,1
4,1,1,44,32812,34585.1,7847,32769,36838,43692.9,0.843111,0.938846,0.791551,0,1,0,9.48683,0.901388,9.48683,0.25,1.41421,0.707107,0,3,2,2,6,1.91371,1
4,0,0,4,10146,10307.2,4551,8725,10862.8,10266.9,1.05804,0.948855,1.00393,0,1,0,8.06226,0.353553,8.06226,0.353553,0,0,-1,3,2,1,5,1.34555,0
4,2,1,339,57951,71612.3,9755,47913,73548.4,106351,0.691562,0.973675,0.673357,1,3,0,9,0.790569,11,0.790569,1,0.707107,0,3,2,2,5,1.80579,1
4,2,1,1586,78766,142680,11567,57705,154026,177942,0.865597,0.926338,0.801835,2,17,0,11.0454,0,12.0416,0.353553,1,0.353553,0,3,0,2,6,2.17649,1
4,2,0,800,52263,84502.1,9955,46305,84461.8,97060.3,0.870199,1.00048,0.870614,2,1,0,12,0.353553,13,0.901388,1,0.559017,1,3,2,2,6,2.2226,1
4,2,2,184,63074,70489,11085,61927,78810.1,162032,0.486386,0.894416,0.435031,2,18,0,12.0416,0.25,12.1655,0.5,1,0.25,0,3,2,2,6,2.16708,1
4,2,1,681,39031,66474.5,7985,36077,80437.8,98210.9,0.819031,0.826409,0.676854,2,1,-1,0,0,0,0,0,0,-1,2,0,2,6,2.32382,1
4,2,0,2162,113912,201038,12873,80157,200957,214035,0.938899,1.0004,0.939276,2,4,0,2.23607,0.353553,1.41421,0.707107,1,0.790569,1,3,2,2,6,2.48916,1
4,2,2,1154,71805,118310,11330,64664,143645,168646,0.851755,0.823628,0.701529,2,8,0,2.23607,0.790569,2.23607,0.5,1.41421,0.353553,0,3,2,2,6,2.11462,1
4,2,2,926,81256,118573,12271,67637,137333,161508,0.850313,0.863398,0.734159,2,1,0,1,0.901388,2,0.559017,1,0.5,1,1,2,2,4,1.98976,1
4,2,2,2187,96397,184531,13010,77596,208301,237867,0.875703,0.885885,0.775772,2,3,0,1,0.5,0,0.75,1,0.75,1,1,1,2,5,2.04853,1
4,2,2,972,87546,126716,12073,65469,146518,146053,1.00319,0.86485,0.867607,2,3,0,3.16228,0.75,3.16228,0.75,0,0,-1,3,2,2,6,2.37509,1
4,2,2,2313,85196,178407,12436,75816,178915,193143,0.926333,0.997163,0.923705,1,2,0,10.7703,0.790569,10.7703,0.559017,1,0.25,1,3,2,2,4,1.83651,1
4,2,2,6297,121567,375329,14723,96669,381303,389200,0.979709,0.984332,0.964358,2,4,0,10.198,0.790569,11.1803,0.5,1,0.790569,1,3,2,2,6,1.70874,1
4,2,2,188,43850,51426.2,8606,38722,62425.3,74338.6,0.839743,0.823803,0.691783,1,3,0,9,0.901388,11.0454,0.353553,1,0.901388,0,3,2,2,4,1.62109,1
4,1,2,29,19808,20976.7,5502,17190,22380.1,25968.5,0.861817,0.937292,0.807774,0,1,0,9.05539,0.790569,9.05539,0.790569,0,0,-1,3,2,2,5,1.43379,1
4,2,2,307,47847,60218.7,9309,42561,88771,94870.1,0.935712,0.67836,0.63475,1,4,0,8.24621,1.06066,8.24621,0.707107,1,0.353553,0,3,2,2,6,1.89547,1
4,2,2,1316,68214,121247,11377,56557,131352,140157,0.937174,0.923073,0.86508,2,1,0,12,0,12,0,0,0,-1,3,0,2,6,2.05013,1
4,1,2,22,57798,58684.6,9662,59612,84571.5,92317.3,0.916095,0.693905,0.635683,0,1,0,12.1655,0.559017,12.1655,0.790569,1,0.25,0,3,2,2,6,2.19604,1
4,2,1,1896,86194,162601,13330,81476,186041,198042,0.939401,0.874005,0.821042,1,9,0,11.1803,0.707107,12.3693,0.25,0,0.901388,1,3,1,2,6,2.20681,1
4,2,2,754,23333,53718.3,6507,20199,56800.4,57015.7,0.996223,0.945739,0.942167,1,2,0,11.4018,0.901388,11.7047,0.353553,1,0.901388,0,3,2,2,6,2.1788,1
4,2,1,732,43032,72530.7,8717,36131,75578.7,91447.4,0.826472,0.959671,0.793142,2,2,0,2.23607,0.901388,3.60555,0.707107,1.41421,0.75,1,3,2,2,6,2.24512,1
4,2,1,569,47678,70608,9275,39453,77450.1,81196.7,0.953858,0.911658,0.869592,2,1,0,1,0.901388,1,0.559017,1,0.353553,1,3,2,2,6,2.28718,1
4,2,2,464,44637,63335.7,8260,34510,65604.4,71403.9,0.918779,0.965418,0.887005,1,3,0,2,0.559017,2,0.559017,0,0,-1,3,2,2,6,2.26048,1
4,2,1,1770,91039,162368,13550,78332,221992,227835,0.974352,0.731414,0.712655,1,6,0,3.16228,0.5,3.16228,0.901388,0,0.559017,0,3,1,2,6,2.16687,1
4,2,0,1463,147202,206159,15002,90016,206119,212357,0.970624,1.0002,0.970813,1,15,0,2.23607,0.353553,2.23607,0.559017,1,0.25,0,3,2,2,4,2.37047,1
4,2,0,4715,135783,325792,15216,90636,326034,325671,1.00111,0.999258,1.00037,2,3,0,2.23607,0.353553,2.23607,0.353553,0,0,-1,3,2,2,6,2.19817,1
4,2,2,1685,59806,127710,8860,41694,135152,174866,0.77289,0.944931,0.730327,2,4,0,11,0.901388,13.1529,0.790569,2.23607,0.559017,1,3,2,2,6,1.98921,1
4,2,0,99,35353,39342.6,7883,35837,39181.4,63666.8,0.615414,1.00411,0.617945,2,1,0,9.05539,0.559017,9.05539,0.5,1,0.559017,1,3,2,2,6,1.62685,1
4,0,0,6,9288,9529.79,4340,8250,9918.87,9368.6,1.05874,0.960774,1.01721,0,1,0,10.4403,0.353553,10.4403,0.353553,0,0,-1,3,2,2,6,1.43868,1
4,2,2,1237,57773,107623,9115,43701,115445,115696,0.997827,0.932243,0.930216,2,1,0,9.84886,0.25,10.2956,0.5,2,0.25,0,3,2,2,6,1.8346,1
4,2,2,477,59164,78386.5,10965,55121,115409,106373,1.08494,0.679205,0.736899,2,3,0,12.1655,0.901388,14.1421,0.75,1,0.5,0,3,2,2,6,2.08083,1
4,2,1,1339,57980,111940,9988,50266,121810,118817,1.02519,0.918975,0.942123,2,2,0,14.0357,0.75,19.0263,0,4,0.25,0,3,2,2,6,2.05881,1
4,2,1,66,15180,17839.7,5657,13979,18217.5,21694.6,0.839723,0.979265,0.822311,2,7,0,10.4403,0.901388,10.4403,0.901388,0,0,-1,3,2,2,6,1.91929,0
4,2,1,805,40132,72572.6,8286,38116,78620.6,107829,0.729125,0.923073,0.673036,1,1,0,2,0.790569,2.82843,0.25,3,0.75,1,1,2,2,5,1.58844,1
4,2,0,856,44109,78604.8,8099,37911,78483.9,96793.7,0.810837,1.00154,0.812086,2,3,0,4.12311,0.790569,3.60555,0.559017,1,0.901388,1,3,2,2,6,1.98349,1
4,2,0,44,27793,29566.1,7172,24954,29445.3,31494.8,0.934925,1.00411,0.938764,1,6,0,4.47214,0.559017,5.83095,0.25,1,1.06066,1,3,2,2,6,1.86769,1
4,2,2,1109,128367,173058,14498,89160,178008,177726,1.00159,0.972193,0.973736,1,3,0,1.41421,0.25,1.41421,0.901388,1,0.353553,1,3,2,2,6,2.01774,1
3,2,2,3690,69145,126134,10468,44804,136014,157190,0.865288,0.92736,0.802434,2,8,-1,0,0,0,0,0,0,-1,2,0,2,2,2.33531,1
3,2,0,1335,69975,90593.1,11389,51173,90685.8,90562.2,1.00136,0.998978,1.00034,2,13,0,3,0.25,3,0.25,0,0,-1,3,2,1,2,1.38249,1
3,2,1,1323,70526,90958.8,11331,50603,91136.9,91968.3,0.990959,0.998046,0.989023,2,2,0,3,0.25,3,0.25,0,0,-1,3,2,2,3,1.91071,1
3,2,2,4791,69990,143984,11271,49683,145826,162390,0.898001,0.987365,0.886655,1,21,0,3,0.25,3,0.25,0,0,0,3,2,2,3,2.15293,1
3,2,2,2181,48117,81801,9425,37619,83353.2,129084,0.645731,0.981378,0.633706,2,7,0,21.0238,0.559017,21.0238,0.790569,2,0.25,1,3,2,2,3,2.41252,1
3,2,2,4387,60718,128472,9652,39130,137169,170672,0.803696,0.9366,0.752742,2,9,-1,0,0,0,0,0,0,-1,2,0,2,3,2.43182,1
3,2,1,6461,67150,166935,10909,48509,170315,190957,0.891904,0.980155,0.874203,2,19,0,17.4929,0.901388,18.3576,0.901388,1.41421,0.790569,0,3,2,2,3,2.68326,1
3,2,2,4719,69301,142183,11041,49031,185694,194086,0.956761,0.765683,0.732576,2,5,1,55.3624,0.559017,55.5788,0.75,7.61577,1.06066,0,3,2,2,3,2.56339,1
3,2,4,1857,69239,97919,11186,49472,97965.4,108057,0.906604,0.999527,0.906175,2,1,0,3,0.25,3,0.25,0,0,-1,3,2,2,3,2.53619,1
3,2,2,1855,53448,82097.1,9680,38800,96759.4,107334,0.901479,0.848467,0.764874,2,44,0,2,0,2,0,0,0,-1,3,0,2,3,2.21612,1
3,2,4,70,34308,35389.1,7973,27973,35491.4,38269.7,0.927402,0.997117,0.924728,1,58,0,2.82843,0.901388,2.82843,0.901388,0,0,-1,3,2,2,3,1.69347,1
3,2,2,409,46542,52858.7,8770,33404,59480.5,73040.9,0.814345,0.888672,0.723686,2,39,0,2.82843,0.5,2.82843,0.707107,0,0.5,0,3,1,2,3,1.92834,1
3,2,2,1557,73955,98001.7,11527,52047,98983,125075,0.791387,0.990087,0.783542,2,4,0,3,0.25,2,0,0,0.25,1,3,2,2,3,1.81255,1
3,2,2,4032,57738,120009,10113,42351,149066,148943,1.00083,0.805073,0.805741,2,17,-1,0,0,0,0,0,0,-1,2,0,2,4,2.21875,1
3,2,0,2100,67627,100060,11295,49901,100122,100029,1.00093,0.999383,1.00031,1,8,0,3,0.25,3,0.25,0,0,-1,3,2,2,6,2.03637,1
3,2,1,2975,71579,117526,11330,49630,124812,123022,1.01455,0.941619,0.955323,1,6,0,3,0.25,3,0.25,0,0,-1,3,2,2,6,1.93329,1
3,2,2,4770,58636,132305,10225,43515,153972,148414,1.03745,0.859284,0.891463,2,14,0,3,0.25,3,0.25,0,0,-1,3,2,2,6,2.06747,1
3,2,2,591,33292,42419.6,7788,28340,46542.8,52899.4,0.879836,0.911411,0.801892,2,3,0,21.095,0.5,20.0998,0.790569,1,1.06066,0,3,1,2,6,2.29169,1
3,2,2,3423,48558,101424,8476,33344,102442,126866,0.807483,0.990061,0.799457,2,3,0,19.2354,0.901388,18.2483,0.790569,2,0.25,1,3,2,2,6,2.36937,1
3,2,0,8095,66409,191430,11061,49057,191400,204907,0.934081,1.00016,0.934232,2,52,0,15.6205,0.559017,15.5563,0.790569,2.23607,0.559017,1,3,2,2,6,2.63782,1
3,3,0,3236,35726,85703.7,31180,841972,88765.3,91097.4,0.9744,0.965508,0.940792,2,1,-1,0,0,0,0,0,0,-1,0,0,2,6,2.42983,1
3,2,2,3239,39494,89518,8840,32664,91714.2,91789.8,0.999177,0.976054,0.97525,2,11,0,29.1548,0.790569,57.8014,0.707107,29.1548,0.790569,1,3,2,2,6,2.18735,1
3,2,2,2353,56786,93126.4,9502,37738,103494,106460,0.972136,0.899826,0.874753,2,64,0,1,0.5,1,0.559017,1.41421,0.25,1,3,1,2,6,2.13956,1
3,2,1,1331,45573,66129.3,8720,32956,69603.1,74356.7,0.93607,0.950092,0.889353,2,64,0,3.60555,0.707107,3.60555,0.707107,0,0,-1,3,1,2,6,1.91084,1
3,2,2,2465,52755,90825.2,9571,38971,98436.4,100727,0.977257,0.922679,0.901694,2,79,0,4.24264,0.790569,3.60555,0.790569,1,0,0,3,2,2,6,1.8127,1
3,2,1,2322,70474,106336,11314,50814,107104,111255,0.962689,0.992823,0.95578,2,4,0,3,0.25,3,0.25,0,0,1,3,2,2,6,2.01075,1
3,3,0,5378,51608,134667,66486,2006766,154363,167519,0.92147,0.872405,0.803895,2,1,-1,0,0,0,0,0,0,-1,0,0,2,4,2.50962,1
3,2,0,5339,73145,155602,11320,50902,155556,155723,0.998925,1.0003,0.999223,2,4,-1,0,0,0,0,0,0,-1,2,0,2,6,2.16179,1
3,3,0,4915,52846,128755,36444,762160,136098,145733,0.93389,0.946043,0.8835,2,5,-1,0,0,0,0,0,0,-1,0,0,2,6,2.12535,1
3,2,2,1360,35836,56840.2,7784,25514,87474.7,115776,0.75555,0.649791,0.49095,2,24,0,23.2594,0.790569,45.618,0.707107,23.2594,0.790569,1,3,2,2,6,2.32028,1
3,2,2,1255,45221,64603.6,8824,34086,68855.6,68271.9,1.00855,0.938248,0.946269,1,20,0,21.2132,0.559017,21.2132,0.559017,0,0,1,3,2,2,6,2.42349,1
3,2,6,1729,43727,70430.2,8342,29366,71457.5,85047.5,0.840207,0.985623,0.828128,1,14,0,19.2354,0.901388,19.2354,0.901388,0,0,-1,3,2,2,6,2.36822,1
3,2,2,1906,42280,71716.8,8675,34147,71824.7,112128,0.640557,0.998498,0.639595,2,3,-1,0,0,0,0,0,0,-1,2,0,2,6,2.43857,1
3,2,1,1570,34398,58645.5,7850,28994,62331.6,76442.2,0.815408,0.940863,0.767187,2,2,0,19.8494,0.25,21.4009,0.5,2.23607,0.901388,1,3,2,2,6,2.35118,1
3,2,2,840,25478,38451.2,6229,17355,40295.8,44362.1,0.908339,0.954222,0.866757,2,18,0,29.0689,0.353553,36.8782,0.75,9.21954,0.901388,0,3,2,2,6,2.16671,1
3,2,2,4041,52924,115334,9323,36815,128139,143862,0.890708,0.900071,0.801701,1,6,0,0,0.901388,6.08276,0.559017,6,1.06066,1,3,2,2,6,2.15802,1
3,2,1,1557,30980,55026.7,7602,24522,56907.8,61824.8,0.920469,0.966945,0.890043,2,2,0,11.4018,0,8.24621,0,3.16228,0,0,3,0,2,6,2.05795,1
3,2,0,6335,58035,155875,10237,44683,155859,166181,0.93789,1.0001,0.937983,2,10,0,1,0.790569,4,0.75,2,0.559017,1,3,2,2,6,2.08024,1
3,2,7,1668,72377,98138.1,11427,51293,100914,106038,0.951671,0.972496,0.925496,2,2,0,3,0.25,3,0.25,0,0,-1,3,2,2,6,2.25954,1
3,2,2,1543,46651,70481.5,8830,34932,81006.3,109031,0.742967,0.870074,0.646437,1,8,0,19,0.901388,20.025,0.25,0,0.790569,0,3,2,2,4,2.47961,1
3,2,2,2142,27039,60120.6,6710,20962,67815.1,68353.7,0.99212,0.886538,0.879552,2,7,0,16.2788,0.559017,16.7631,0.790569,3.16228,0.559017,1,3,2,2,6,2.38215,1
3,3,0,1262,25388,44878.7,17134,137558,49284.2,58787.8,0.838341,0.91061,0.763401,2,1,-1,0,0,0,0,0,0,-1,0,0,2,6,2.39134,1
3,2,1,1945,46793,76832.1,8034,26652,87584.9,87161.9,1.00485,0.87723,0.881487,1,10,-1,0,0,0,0,0,0,-1,2,0,2,6,2.21352,1
3,2,1,2874,54222,98608.9,9275,37139,116551,119128,0.978363,0.84606,0.827754,2,5,0,23.0868,0.5,26.0192,0,2.23607,0.5,0,3,1,2,6,2.25669,1
3,2,0,2549,48401,87768.5,9011,35363,87722.1,110824,0.791541,1.00053,0.791959,2,3,0,17.2627,0.707107,17.4642,0.559017,1.41421,0.25,0,3,1,2,6,2.32114,1
3,2,6,918,18702,32879.8,5736,15434,34602.4,37934.4,0.912164,0.950219,0.866756,2,1,0,21.3776,0.707107,21.3776,0.707107,0,0,-1,3,1,2,6,2.2068,1
3,2,1,354,18481,23948.3,5545,14539,25727.8,25397.6,1.013,0.930833,0.942935,2,1,0,22.6716,1.06066,25.4951,0.75,3.60555,0.25,1,3,2,2,6,2.0676,1
3,2,1,9112,63614,204342,10731,47553,208841,218178,0.957207,0.978456,0.936586,2,13,0,24.0832,0.790569,24.0832,0.790569,2.23607,0.707107,0,3,2,2,6,2.30357,1
3,2,2,5500,56567,141511,10258,44404,145249,170543,0.851683,0.974264,0.829764,2,44,0,5.83095,0.707107,10.4403,0.75,5.09902,0.559017,0,3,1,2,6,2.40067,1
3,2,1,367,25328,30996.1,6936,21800,31904.8,44256.5,0.720907,0.971516,0.700373,1,4,0,16.7631,0.790569,17.72,0.75,2,0.559017,0,3,2,2,6,2.27782,1
3,2,1,3219,48605,98320.1,9291,36739,109936,110086,0.998632,0.894342,0.893118,2,3,0,3.60555,0.559017,4.24264,0.901388,2.23607,0.353553,1,3,2,2,6,2.21567,1
3,2,2,4199,64969,129820,10406,43500,142620,141620,1.00706,0.910246,0.916673,2,14,0,3.16228,0.5,3.16228,0.75,1,0.559017,0,3,1,2,6,2.39691,1
3,2,2,812,37247,49787.8,7426,25010,57453.1,71511.5,0.80341,0.86658,0.69622,2,6,0,21,0.707107,21,0.707107,0,0,-1,1,1,2,4,2.27331,1
3,2,6,273,13984,18200.3,5024,10982,18448.8,18621,0.990757,0.986528,0.977409,1,1,0,20.025,0.75,20.025,0.75,0,0,-1,3,2,2,6,1.95739,1
3,2,1,258,16089,20073.6,4925,12587,22888.8,25550.4,0.895829,0.877005,0.785647,1,11,0,21.8403,0.790569,22.8035,0.25,1.41421,0.25,1,3,2,2,6,1.89663,1
3,2,2,4360,59681,127018,10018,42030,132941,138250,0.961592,0.95545,0.918753,2,8,0,23.3452,0.901388,25.4951,0.5,1.41421,0.25,0,3,2,2,6,2.23211,1
3,2,1,4134,48907,112754,9302,36952,120115,129313,0.928872,0.938711,0.871942,2,1,0,25.4951,0.353553,32.5576,0.5,6.32456,0.790569,1,3,2,2,6,2.52337,1
3,2,2,1225,32979,51898.2,7058,24032,59340.4,60431.7,0.981941,0.874586,0.858792,2,1,0,21.587,1.06066,19.9249,1.06066,2.23607,0,1,3,2,2,6,2.3669,1
3,2,2,1565,38909,63079.3,8194,31212,74603,87511.9,0.852489,0.845533,0.720808,2,24,0,24.0208,0.25,24,0.75,1.41421,0.790569,0,3,2,2,6,2.28131,1
3,2,2,707,16315,27234.1,5772,15396,30621.3,43517.1,0.703662,0.889384,0.625825,2,2,0,17.0294,0.75,12.1655,0.353553,6.08276,0.559017,0,3,2,2,6,2.21686,1
3,2,2,6343,63525,161488,10582,45458,182305,181697,1.00334,0.885815,0.888776,2,9,0,72.45,0.901388,129.097,0.559017,57.4891,1.06066,1,3,2,2,6,2.45211,1
3,2,2,4425,42139,110480,8920,35300,110919,119211,0.930444,0.99604,0.92676,2,1,0,4.24264,0.790569,3.60555,0.353553,1,0.5,0,3,2,2,6,2.26671,1
3,2,1,3206,47078,96592.4,9213,36099,97053,113504,0.855061,0.995254,0.851003,2,3,1,6.7082,1.06066,13,1.06066,6.32456,0,1,3,2,2,6,2.19775,1
3,2,1,5266,55053,136383,9981,42433,137529,157975,0.870576,0.991663,0.863319,2,7,0,4.47214,0.25,6.32456,0.25,2,0,1,3,2,2,6,2.24302,1
3,2,2,2681,44763,86169.1,9084,37140,102323,102908,0.994312,0.842131,0.837341,2,3,0,3.60555,0.901388,5,0.559017,2,0.5,0,3,2,2,6,2.43592,1
3,2,2,9414,67367,212759,11319,51467,216528,220383,0.982508,0.982594,0.965407,2,3,0,22,0.353553,23,0,1,0.790569,0,3,2,2,4,2.37406,1
3,2,2,4554,47801,118134,8837,36407,121421,139417,0.870923,0.972928,0.847346,2,1,0,21.587,0.559017,24.3516,0.353553,3.16228,0.75,1,3,2,2,6,2.15285,1
3,2,2,726,27383,38595.5,6219,20089,42741.6,41411.5,1.03212,0.902996,0.932,2,1,0,22.2036,0.25,22.3607,0.5,1.41421,0.559017,1,3,2,2,6,2.06752,1
3,2,1,721,31692,42827.3,6976,23516,52198,75141.5,0.694664,0.820478,0.569956,2,3,0,23.0868,1.06066,25.0799,0.559017,3,0.901388,0,3,2,2,6,2.02945,1
3,2,2,3795,54635,113246,9310,37312,118924,122243,0.972846,0.952257,0.926399,2,23,0,25.4951,0.901388,25.7099,0.353553,1.41421,0.901388,1,3,2,2,6,2.45312,1
3,2,2,1660,38115,63752.5,8575,33973,70459,69633.4,1.01186,0.904817,0.915546,1,3,0,22.3607,0.5,21.3776,0.901388,1,0.25,0,3,1,2,6,2.31949,1
3,2,2,2679,44331,85706.2,9339,39035,90132.1,102350,0.880628,0.950896,0.837385,2,5,-1,0,0,0,0,0,0,-1,2,0,2,6,2.37913,1
3,2,1,1656,35359,60934.7,7798,29434,63453.5,81779.2,0.775912,0.960305,0.745113,2,4,0,21.0238,1.06066,24.0208,0.25,2.23607,0.559017,1,3,2,2,6,2.26132,1
3,2,0,3684,33427,90323.7,7408,26694,90277.4,98024.9,0.920964,1.00051,0.921437,1,10,0,9.21954,0.353553,14.3178,0.790569,5.65685,0.5,1,3,2,2,6,2.28611,1
3,2,2,2233,37097,71584.1,7982,28992,72399.6,87989.2,0.822823,0.988736,0.813555,2,9,0,4.47214,0.25,5.38516,0.901388,2,0.353553,0,3,2,2,6,2.38055,1
3,2,1,2222,42230,76547.2,8209,29359,79987.2,89569.2,0.893021,0.956993,0.854615,2,1,0,21.1896,1.06066,42.72,0.707107,21.1896,1.06066,0,3,2,2,6,2.45913,1
3,2,1,1066,24634,41097.6,6492,20304,45475.6,47709.9,0.953168,0.903729,0.861406,1,4,0,3,1.06066,4.24264,0.25,2.23607,0.559017,0,3,2,2,6,2.3701,1
3,2,2,4316,54289,120947,10225,43459,125994,143050,0.880773,0.959935,0.845485,2,16,0,3.60555,0.5,4.47214,0.559017,1,0.559017,1,3,1,2,6,2.36128,1
3,2,2,4117,75208,138792,11441,50941,145709,159645,0.912703,0.952532,0.869379,2,21,0,2,0,2,0.75,0,0.25,0,3,0,2,4,2.40541,1
3,2,7,7472,63621,179021,10468,46172,202125,200779,1.00671,0.885692,0.891632,1,5,0,3,0.25,3,0.25,0,0,-1,3,2,2,6,2.18296,1
3,2,2,586,18206,27256.3,5584,14476,27688.6,34051.7,0.813132,0.98439,0.800439,1,7,0,24.1661,0.707107,25.0799,1.06066,1.41421,0.353553,0,3,1,2,6,2.104,1
3,2,2,169,21009,23619.1,5510,16104,24218.5,32274.8,0.750385,0.975249,0.731812,1,6,0,26.2488,0.5,27.2029,0.559017,1,0.25,1,3,1,2,6,1.9378,1
3,2,1,1153,29687,47494.3,6267,18025,51945.5,58505.4,0.887876,0.914309,0.811793,2,5,0,24.5153,0.75,24.7386,0.559017,1,0.707107,1,3,2,2,6,2.05115,1
3,2,1,1717,43452,69969.8,8735,32891,74581.2,73127.6,1.01988,0.938169,0.956819,2,9,0,23.5372,0.353553,22.561,0.559017,1,0.75,1,3,2,2,6,2.43025,1
3,2,1,2589,39405,79390.2,8713,34097,88841.5,91175.8,0.974397,0.893617,0.870738,2,1,-1,0,0,0,0,0,0,-1,2,0,2,6,2.41411,1
3,2,0,1247,25839,45098,6625,19863,45067.1,48782.2,0.923844,1.00069,0.924477,2,2,0,21.0238,0.353553,19.2354,0.353553,2.82843,0,0,3,2,2,6,2.22472,1
3,3,0,2925,29744,74918.5,30767,569299,80557.4,79006.7,1.01963,0.930002,0.948255,1,2,-1,0,0,0,0,0,0,-1,0,0,2,6,2.0795,1
3,2,0,3628,39617,95648.8,7578,28158,95602.5,106351,0.898932,1.00048,0.899368,2,2,0,2,0,1,0,1,0,0,3,0,2,6,2.33104,1
3,2,1,1513,27015,50382.2,6548,21318,57068.2,68781.5,0.829704,0.882841,0.732497,2,4,0,6.7082,0.901388,13.0384,0.5,6.7082,0.901388,1,3,2,2,6,2.34564,1
3,2,2,450,17055,24004.9,5536,13938,24690.3,26731.3,0.923644,0.972243,0.898007,1,4,0,0,0,0,0,0,0,-1,3,0,2,6,2.245,1
3,2,0,4465,57513,126472,10262,43488,126441,137634,0.918675,1.00024,0.918899,2,6,1,8.06226,0.901388,8.06226,0,1.41421,0.559017,1,3,2,2,6,2.24974,1
4,2,2,1357,117868,172554,15234,94528,173441,196816,0.881234,0.994883,0.876725,2,3,1,7.07107,0.5,14.0357,0,7.07107,0.5,1,1,1,2,2,2.30306,1
4,0,0,2,98954,99034.6,14815,87303,99477.9,98994.3,1.00488,0.995544,1.00041,0,5,0,2,0.25,2,0.25,0,0,-1,3,2,1,2,1.33088,0
4,0,0,1,99188,99228.3,14707,87723,99711.9,99228.3,1.00487,0.99515,1,0,4,0,2,0.25,2,0.25,0,0,-1,3,2,2,2,1.15751,0
4,2,2,1143,115345,161407,15284,94738,173319,179454,0.965812,0.931269,0.899431,1,14,0,2,0.25,2,0.25,0,0,-1,3,2,2,2,1.54256,1
4,2,1,374,68450,83521.8,12113,65995,85285.5,171469,0.497382,0.979319,0.487096,2,6,0,10,0.707107,22.0227,0.25,11,0.901388,0,3,1,2,3,2.12403,1
4,2,2,2180,106611,194462,13157,76959,248570,323098,0.769332,0.782325,0.601868,2,5,0,10.0499,0.353553,10.0499,0.707107,1,0.353553,0,3,2,2,3,2.25991,1
4,2,2,2598,120893,225589,14137,87637,255727,282988,0.903668,0.882149,0.797169,2,10,0,9.43398,0.5,10.2956,0.25,1,0.75,0,3,1,2,3,2.53846,1
4,2,2,2380,116192,212103,15301,98069,220236,242479,0.908272,0.96307,0.87473,2,1,0,8.544,0.559017,7.28011,0.5,0,0.901388,0,3,2,2,3,2.43748,1
4,1,5,12,101866,102350,14743,98441,103964,111799,0.929924,0.984469,0.915482,0,1,0,2,0.25,2,0.25,0,0,-1,3,2,2,3,2.30108,1
4,1,2,30,68884,70093,11901,63153,79744.9,84354.8,0.945351,0.878965,0.830931,0,3,0,2,0.25,2,0.25,0,0,0,3,2,2,3,1.74359,1
4,0,0,3,32283,32403.9,7439,24529,32935.9,32363.6,1.01768,0.983848,1.00125,0,2,0,1.41421,0.5,1.41421,0.5,0,0,-1,3,1,2,3,1.84848,0
4,2,2,44,53411,55184.1,11888,62016,57653.7,63020.4,0.914841,0.957167,0.875655,1,22,0,1.41421,0.5,1.41421,0.5,0,0,-1,3,1,2,2,0.897436,0
4,1,0,15,92034,92638.5,15720,102732,92598.2,110089,0.841122,1.00044,0.841488,0,1,0,2,0.25,2,0.5,1,0.25,0,3,2,2,2,1.51018,0
4,2,6,2129,117301,203097,13828,81804,213536,213173,1.0017,0.951114,0.952733,2,1,0,12.2066,0.25,12.2066,0.25,0,0,-1,3,2,2,4,1.76731,1
4,0,0,2,114441,114522,15721,100329,114884,114481,1.00352,0.996843,1.00035,0,3,0,2,0.25,2,0.25,0,0,-1,3,2,2,4,1.32416,0
4,2,0,1067,120495,163494,15115,90989,171494,163494,1.04893,0.953349,1,1,3,0,2,0.25,2,0.25,0,0,-1,3,2,2,2,0.963869,1
4,2,2,2424,92331,190015,12063,65751,234773,216706,1.08337,0.809357,0.876834,2,11,0,2,0.25,2,0.25,0,0,-1,3,2,2,5,1.70178,1
4,2,1,437,46512,64122.6,10192,48812,65744.2,67026.7,0.980865,0.975335,0.956672,2,2,0,10,0,10,0,0,0,-1,3,0,2,6,2.21322,1
4,2,0,1195,49151,97308.1,9420,46750,97227.5,122336,0.794761,1.00083,0.79542,1,5,0,9.05539,0.707107,7.07107,0.75,2.23607,0.901388,0,3,1,2,6,2.15396,1
4,2,0,5833,112444,347507,14441,87159,347426,376224,0.923456,1.00023,0.92367,2,40,0,7.81025,0.901388,8.06226,0,3.16228,0.901388,1,3,2,2,6,2.4675,1
4,2,2,1052,48987,91381.4,10371,47735,98849.3,94969.6,1.04085,0.924452,0.962217,2,9,0,8.60233,0.707107,6.7082,0.790569,1.41421,0.790569,0,3,1,2,6,2.17445,1
4,2,4,1545,66981,129243,10490,51530,139878,131754,1.06167,0.923965,0.980942,1,6,0,2,0.25,2,0.25,0,0,-1,3,2,2,6,2.03428,1
4,2,2,652,74853,101128,12079,64765,118536,122586,0.966966,0.853138,0.824955,1,20,0,0,0.25,1.41421,0.25,1,0.790569,0,3,2,2,6,1.73368,1
4,2,1,385,61356,76871,10839,52845,77992.4,93563.6,0.833577,0.985622,0.821591,1,11,0,2.23607,0.25,2.23607,0.25,0,0,0,3,2,2,4,1.29167,1
4,2,2,525,73728,94884.9,12488,66286,107052,115348,0.92808,0.886343,0.822597,2,53,0,2.23607,0.25,2.23607,0.353553,0,0.75,0,3,2,2,3,1.04072,1
4,0,0,6,99751,99992.8,14464,87824,100154,99952.5,1.00202,0.998391,1.0004,0,2,0,2,0.25,2,0.25,0,0,-1,3,2,2,3,1.30926,1
4,2,1,2824,104587,218391,13358,79326,231241,230878,1.00157,0.94443,0.945914,1,11,0,2,0.25,2,0.25,0,0,-1,3,2,2,4,1.96284,1
4,2,0,2754,132692,243675,14662,89088,246112,243635,1.01017,0.990098,1.00017,2,1,0,2,0.25,2,0.25,0,0,-1,3,2,2,4,1.90575,1
4,2,2,1280,58353,109935,10070,49238,122255,127100,0.961885,0.899229,0.864955,2,1,0,12.0416,0.25,15.5563,1.06066,4.47214,0.901388,0,3,2,2,5,1.84277,1
4,2,2,796,50811,82888.9,9596,39700,107228,180475,0.594144,0.773015,0.459283,1,4,0,13.0384,0.707107,14.2127,0.790569,2.23607,0.790569,0,1,1,2,6,2.14351,1
4,1,0,18,55142,55867.4,10803,61459,55827.1,71432.1,0.78154,1.00072,0.782104,0,9,0,10.0499,0.707107,10.0499,0.559017,0,0.25,0,3,1,2,6,2.04416,1
4,1,2,39,44677,46248.7,8891,35921,46280.6,47381.2,0.976771,0.99931,0.976097,0,2,0,9.05539,0.707107,9.05539,0.707107,0,0,1,3,1,2,6,1.97467,1
4,2,2,1885,59756,135719,9700,43802,156429,175829,0.889662,0.867611,0.771881,1,13,0,9,0.790569,11.0454,0,1,0.790569,0,3,2,2,6,2.04184,1
4,2,0,470,42531,61471.4,8966,43482,61431.1,76394.6,0.80413,1.00066,0.804657,2,1,0,11.4018,0.707107,12.8062,0.901388,2.23607,0.25,0,3,1,2,6,2.14142,1
4,2,1,414,42625,59308.7,8369,34371,64598.5,77922,0.829016,0.918112,0.76113,2,5,0,13.4536,0.25,15.6205,0.25,2.82843,0.790569,0,3,2,2,6,1.95433,1
4,2,2,1866,83307,158505,11754,65340,191369,241824,0.791358,0.828265,0.655454,2,3,0,1,0,6,0.559017,5,0.559017,1,3,0,2,6,2.13223,1
4,2,2,454,39336,57631.7,9076,38440,60678.6,62055.4,0.977813,0.949786,0.928713,2,2,0,6.08276,0.559017,6.08276,0.790569,1,0.25,0,3,2,2,6,2.08305,1
4,2,1,3437,105762,244269,13819,87683,246317,277921,0.886284,0.991687,0.878917,2,5,0,1.41421,0.25,2.82843,0.25,1,0.790569,1,3,2,2,6,1.94327,1
4,0,0,7,93708,93990.1,14158,82366,94231.9,93909.5,1.00343,0.997434,1.00086,0,8,0,2,0.25,2,0.25,0,0,-1,3,2,2,6,2.06019,0
4,2,2,384,62281,77755.7,10243,49637,81855.4,99211.5,0.82506,0.949915,0.783737,2,6,0,9.05539,0.790569,10.198,0.707107,1,0.790569,0,1,2,2,4,2.43851,1
4,2,2,509,41574,62086.1,8089,36427,78235.8,76894.6,1.01744,0.793576,0.807418,2,3,0,8,1.06066,8,0.5,1.41421,0.790569,0,3,2,2,6,2.22229,1
4,2,1,465,33546,52285,7989,27271,64028.1,69083.5,0.926822,0.816594,0.756837,2,6,0,14.1421,0.901388,15.8114,0.25,4.12311,0.353553,1,3,2,2,6,2.15082,1
4,2,1,688,56455,84180.6,10068,42574,96516.9,111012,0.869431,0.872185,0.758304,1,7,-1,0,0,0,0,0,0,-1,2,0,2,6,1.89662,1
4,2,1,1184,78340,126054,11586,61402,150129,148092,1.01376,0.839639,0.851188,2,4,0,11.0454,0.25,11,0.5,0,0.559017,1,3,2,2,6,1.86638,1
4,2,1,158,58309,64676.2,10170,49246,85918.4,85834.1,1.00098,0.752763,0.753503,1,7,0,8.06226,0.707107,8.06226,0.707107,0,0,-1,3,1,2,6,1.93026,1
4,2,2,470,49374,68314.4,8032,32050,75277.5,77909.5,0.966218,0.907501,0.876844,2,3,0,11.1803,1.06066,12.1655,0,1,0.353553,0,1,2,2,6,1.82038,1
4,2,2,129,24199,29397.5,6478,21372,34319.8,35730.3,0.960523,0.856577,0.822762,2,11,0,9.21954,1.06066,7.07107,0.75,2,0.75,1,3,2,2,6,1.95695,1
4,2,1,7337,116042,411714,14685,97397,421497,434969,0.969027,0.976792,0.946538,2,11,0,10.6301,0.559017,8.06226,0.25,2.23607,0.353553,1,3,2,2,6,2.02193,1
4,2,2,3188,98655,227128,13665,84261,252625,280361,0.90107,0.899071,0.810126,2,109,0,2.23607,1.06066,4.47214,0.707107,1.41421,1.06066,1,3,2,2,6,2.30287,1
4,1,1,49,29026,31000.6,12320,190624,31671.4,63705,0.497158,0.97882,0.486628,0,58,0,7.07107,0.901388,7.61577,0.559017,1,0.5,1,3,2,2,6,1.91676,0
4,2,2,1326,66179,119615,11971,64191,121532,148836,0.816549,0.98423,0.803673,2,3,0,3.16228,0.559017,3.60555,0.559017,1.41421,0.790569,1,3,2,2,5,1.51414,1
4,2,2,702,105932,134222,14189,86313,163634,160499,1.01954,0.820254,0.836279,2,15,0,2,0.559017,2,0.901388,1,0.353553,1,3,2,2,4,1.84879,1
4,2,2,89,36326,39912.6,8737,36619,42980.1,46098,0.932364,0.928629,0.86582,1,3,0,10.0499,0.559017,11.1803,0,0,0.901388,0,1,2,2,4,1.98135,1
4,2,0,48,23704,25638.3,6286,19626,25557.7,28224.8,0.905506,1.00315,0.908362,1,2,0,9,0.707107,9,0.5,1,0.5,1,3,1,2,6,1.70627,1
4,1,0,29,10721,11889.7,4685,10723,11809.1,15979.2,0.739028,1.00683,0.744072,0,4,0,11.0454,0.25,14.0357,1.06066,3,0.559017,1,3,2,2,6,1.65681,0
4,2,1,926,78557,115874,11259,56671,126467,137142,0.922158,0.916239,0.844917,2,21,0,10.198,0.901388,10.198,0.25,1.41421,0.707107,0,3,2,2,5,1.79138,1
4,2,1,1582,69075,132828,11343,57545,135396,154988,0.873589,0.981035,0.857021,1,1,0,12.1655,0.559017,12.1655,0.353553,0,0.25,0,3,2,2,6,2.13144,1
4,2,4,108,37217,41569.3,8473,36049,45714.8,48759.9,0.937549,0.909318,0.852529,2,2,0,11.1803,0.707107,11.1803,0.707107,0,0,-1,3,1,2,6,2.06972,1
4,2,2,307,70000,82371.7,11255,59571,92077.9,183865,0.50079,0.894588,0.448,2,21,0,12,0,12.0416,0.707107,1,0.707107,0,3,0,2,6,1.67958,1
4,2,2,223,22286,31272.6,7009,27493,37976.9,52180.1,0.727805,0.823464,0.599321,2,1,0,11,0.559017,11.0454,0.901388,1,0.5,0,1,2,2,6,1.9388,1
4,2,0,2925,125672,243546,13639,83211,243506,249575,0.97568,1.00017,0.975842,1,4,0,2,0.25,4.47214,0.559017,4,0.5,1,3,2,2,6,2.17661,1
4,2,0,2166,62427,149714,10767,57059,149674,189041,0.791752,1.00027,0.791965,1,2,0,2.23607,0.901388,3.16228,0.353553,2.23607,0.75,0,3,2,2,6,2.12989,1
4,2,6,1844,74601,148912,12186,68302,149951,162904,0.920483,0.993074,0.914108,2,4,0,6.08276,0.75,6.08276,0.75,0,0,-1,3,2,2,4,1.89393,1
4,2,1,2360,90476,185581,12551,73811,192801,202333,0.952889,0.962553,0.917207,2,6,0,3.60555,0.353553,4.24264,0.901388,2.23607,0.559017,1,3,2,2,5,1.89831,1
4,2,2,379,68418,83691.3,11801,68887,97469.4,106871,0.912027,0.858641,0.783104,1,2,0,2.23607,0.790569,2.23607,1.06066,1,0.5,0,3,2,2,6,2.23709,1
4,2,2,5749,118176,349854,14150,88674,352904,357027,0.988452,0.991357,0.979909,2,5,0,10.0499,0.901388,11.0454,0.901388,0,0.790569,0,1,2,2,4,1.98607,1
4,2,2,4912,91066,289014,12316,71428,294666,320477,0.919461,0.980819,0.901824,2,3,0,9.05539,1.06066,10.4403,0.5,2,0.790569,1,3,2,2,6,1.71053,1
4,1,2,35,31223,32633.5,7305,32991,33908.3,37189.6,0.911768,0.962404,0.877489,0,11,0,11.0454,0,10.0499,0.75,1,0.25,1,3,0,2,4,1.67806,1
4,2,2,82,31515,34819.5,7872,35780,42775.2,70767.5,0.604447,0.814011,0.492026,1,22,0,11.0454,0.25,11.0454,0.25,0,0,-1,3,2,2,5,1.49831,1
4,2,1,896,67437,103545,10399,52123,118357,130498,0.906965,0.874853,0.79346,2,19,0,12.1655,0.901388,13.1529,0.790569,1,0.25,1,3,2,2,6,1.91339,1
4,2,1,77,61322,64425,10562,53706,66077.1,95545,0.691582,0.974997,0.67429,1,2,0,11.1803,0.559017,11.0454,0.5,0,0.25,1,3,2,2,6,1.84435,1
4,2,2,292,53968,65735.3,10545,54441,68920.9,107475,0.641273,0.953778,0.611632,1,49,0,12,0.559017,12,0.559017,0,0,-1,3,2,2,6,1.69938,1
4,2,2,1251,65197,115611,10177,49497,136474,205313,0.664713,0.847125,0.563095,2,5,0,11.0454,0.25,12.1655,0.790569,1.41421,0.559017,1,3,2,2,6,1.98124,1
4,2,1,1348,51772,106095,7748,35828,112292,137379,0.817384,0.944814,0.772276,2,4,0,5.38516,0.25,11.6619,0.790569,9.43398,0.901388,1,3,2,2,6,2.10412,1
4,2,2,694,44609,72576.4,9425,44025,75970.2,99158.8,0.766148,0.955326,0.731921,2,2,0,2.23607,0.25,2.23607,0.25,1,0.353553,1,3,2,2,6,2.25499,1
4,2,2,800,49130,81369.1,8998,38880,96246,94953.8,1.01361,0.845428,0.856933,2,3,0,7,0.353553,5.83095,0.559017,3.16228,0.901388,1,3,2,2,6,2.22431,1
4,2,2,219,31668,40493.4,7629,29445,44959.6,54059.5,0.831669,0.900663,0.749053,1,4,0,2,0.353553,1,0.790569,0,0.5,1,3,2,2,6,2.21508,1
4,2,1,1727,103300,172896,13732,85172,191766,197396,0.971477,0.901601,0.875885,2,9,0,3.16228,0.559017,3.60555,0.790569,1.41421,0.25,0,3,2,2,6,2.17147,1
4,2,2,312,154287,166860,15235,90675,167291,187270,0.893318,0.997422,0.891015,1,12,-1,0,0,0,0,0,0,-1,2,0,2,4,2.31637,1
4,2,2,6646,140143,407969,15220,91940,429809,408853,1.05126,0.949187,0.997838,2,15,0,2,0.25,2,0.25,0,0,-1,1,2,2,6,2.17393,1
4,2,2,263,28251,38849.6,6985,25373,40680.1,48489,0.838956,0.955002,0.801204,1,5,0,11.6619,1.06066,12.2066,0.5,1.41421,1.06066,0,1,2,2,6,1.86823,1
4,1,1,46,24999,26852.7,7573,41703,27439.5,46706.7,0.587486,0.978615,0.574922,0,1,0,11.7047,1.06066,11.7047,0.790569,1,0.5,0,3,2,2,6,1.57851,0
4,2,0,437,28438,46048.6,6536,20330,46008.3,50380.9,0.913208,1.00088,0.914008,1,1,0,14.7648,1.06066,18.0278,0.559017,3.16228,0.901388,0,3,2,2,5,1.35168,1
4,2,1,382,56018,71412.1,10679,51587,76365.9,76681.1,0.995889,0.935131,0.931287,2,61,0,11.1803,0.25,10.4403,0.901388,1.41421,0.707107,1,3,2,2,6,1.93041,1
4,2,2,589,57655,81391,11271,62477,87597.2,113092,0.774565,0.929151,0.719688,2,1,0,11.1803,0.901388,11.1803,0.901388,0,0,-1,3,2,2,6,1.95038,1
4,2,2,405,42975,59296,8433,34283,63301,81238.1,0.779204,0.936731,0.729905,2,19,0,11.0454,0,11.0454,0.790569,0,0.790569,0,3,0,2,6,1.97068,1
4,2,1,1712,43252,112244,7317,31687,113121,120912,0.935569,0.992242,0.928311,2,2,0,7.07107,1.06066,5.38516,0.901388,2,0.75,0,3,2,2,6,1.91614,1
4,2,2,1175,83243,130594,9381,48487,130979,141285,0.927055,0.997059,0.924329,2,1,0,2,0.25,2,0.75,1,0.5,0,3,2,2,6,2.14611,1
4,2,1,559,38145,60672,8012,33828,68495,83814.3,0.817224,0.885788,0.723887,2,3,0,2.23607,0.559017,5,0.25,2.23607,1.06066,1,1,2,2,6,2.15075,1
4,2,2,57,21439,23736,6527,20111,24054.4,26584.8,0.90482,0.986763,0.892843,1,1,0,3,0.790569,3,0.790569,0,0,-1,3,2,2,6,2.03724,1
4,2,6,749,133997,164181,14086,85304,168124,170097,0.988397,0.976548,0.965217,2,2,0,2.23607,0.75,2.23607,0.75,0,0,-1,3,2,2,6,2.09942,1
4,2,2,650,93353,119547,13637,81631,228149,209986,1.08649,0.523988,0.569309,2,6,-1,0,0,0,0,0,0,-1,2,0,2,2,2.32258,1
4,1,1,12,101841,102325,15374,95890,102526,109313,0.93791,0.998035,0.936067,0,2,0,2,0.25,2,0.25,0,0,-1,3,2,2,3,1.98279,1
4,0,0,2,98730,98810.6,14577,86881,99253.9,98770.3,1.0049,0.995534,1.00041,0,1,0,2,0.25,2,0.25,0,0,-1,3,2,2,3,1.53846,0
4,2,2,2037,104755,186844,15125,96547,301749,260382,1.15887,0.619202,0.717574,2,4,0,2,0.25,2,0.25,0,0,0,1,2,2,2,1.61857,1
4,2,2,2301,84318,177046,12559,72441,182037,196244,0.927605,0.972583,0.902173,2,4,0,10.4403,0.901388,10.4403,0.901388,0,0,1,3,2,2,3,2.26515,1
4,2,2,1035,83204,124913,12226,70646,146255,182885,0.799709,0.854078,0.683014,2,2,-1,0,0,0,0,0,0,-1,2,0,2,3,2.52149,1
4,2,2,3190,113930,242483,14831,94841,245918,266722,0.921999,0.986035,0.909123,1,4,0,8.94427,0.559017,8.544,0.75,1,0.353553,0,3,2,2,3,2.37179,1
4,2,2,2246,111956,202467,15200,96828,301246,277453,1.08575,0.672099,0.729734,2,1,0,7.07107,0.559017,8,0.25,1,0.790569,0,3,2,2,3,2.5261,1
4,0,0,3,99889,100010,14583,87799,100413,99969.6,1.00443,0.995987,1.0004,0,6,0,2,0.25,2,0.25,0,0,-1,3,2,2,3,2.44667,0
4,2,6,509,85525,106037,12735,67589,171467,159732,1.07347,0.618411,0.663843,2,38,0,2,0.25,2,0.25,0,0,-1,3,2,2,2,1.39356,1
4,0,0,3,39629,39749.9,8110,29404,40491.1,39709.6,1.01968,0.981695,1.00101,0,3,0,3.16228,0.559017,3.16228,0.559017,0,0,-1,3,2,2,3,1.74842,1
4,2,1,79,57823,61006.6,10725,50751,64041.3,62055.8,1.032,0.952613,0.983092,1,21,0,3.16228,0.559017,3.16228,0.559017,0,0,-1,3,2,2,3,1.77333,1
4,2,2,107,103187,107499,15348,95584,113367,151679,0.747415,0.948238,0.708728,1,12,0,2,0.25,1,0,0,0.25,1,3,2,2,3,2.04879,1
4,2,2,1764,88468,159555,12430,74158,233148,205558,1.13422,0.684351,0.776203,1,3,0,14.2127,0.790569,15.6205,0.559017,2.23607,0.559017,1,3,2,2,4,1.99357,1
4,0,0,7,122547,122829,16434,109710,123849,122748,1.00896,0.991768,1.00066,0,1,1,4,0.559017,4,0.559017,0,0,-1,3,2,2,6,1.49137,1
4,2,0,240,120613,130285,15694,99298,130244,131334,0.991707,1.00031,0.992014,1,5,0,1,0,1,0.75,0,0.25,1,3,0,2,4,1.55705,1
4,2,2,2470,101762,201300,13977,84393,284148,277788,1.0229,0.708434,0.724654,2,8,0,2,0.25,2,0.25,0,0,1,3,2,2,5,1.96791,1
4,1,1,35,31344,32754.5,7456,30388,34140.7,37288.3,0.915588,0.959397,0.878412,0,1,0,11.4018,0.25,11.4018,0,1,0.25,0,3,2,2,6,2.14391,1
4,2,4,2250,83029,173701,11700,70136,211565,211800,0.998894,0.821029,0.820121,2,4,0,8.06226,0.75,8.06226,0.75,0,0,-1,3,2,2,6,2.05077,1
4,2,1,3474,120409,260407,14676,90052,270131,301323,0.896484,0.964002,0.864212,2,40,0,8.94427,0.559017,8.544,0.25,0,0.5,0,3,2,2,6,2.42892,1
4,2,1,2382,83529,179521,11838,63160,191305,192458,0.99401,0.938401,0.932779,2,1,0,6,0.25,11,0.901388,5,0.790569,1,3,2,2,6,2.05753,1
4,2,1,851,70093,104387,11188,53638,110482,110241,1.00219,0.944832,0.946904,2,6,0,2,0.25,2,0.25,0,0,-1,3,2,2,4,1.86182,1
4,2,2,806,77133,109614,12004,65458,113807,113484,1.00284,0.963158,0.965894,2,43,0,2.23607,0.25,2,0.75,0,0.353553,1,3,2,2,5,1.84421,1
4,2,0,255,57896,68172.2,10949,52993,68091.6,73575.5,0.925466,1.00118,0.926561,1,5,0,3.16228,0.75,3.16228,0.5,0,0.25,0,3,2,2,6,1.7868,0
4,2,2,513,64843,85516.3,11558,59016,95739,96584.9,0.991241,0.893224,0.8854,2,55,0,3.60555,0.25,3.60555,0.75,1,0.5,0,3,2,2,5,1.63368,1
4,2,6,238,108974,118565,14833,89349,135757,138048,0.983402,0.873364,0.858869,2,3,0,3.16228,0.559017,3.16228,0.559017,0,0,-1,3,2,2,6,1.99659,1
4,2,1,3612,90368,235927,12504,70534,270276,273950,0.986591,0.872912,0.861207,2,10,1,56.6392,0.901388,116.726,0.559017,59.397,0.5,0,3,2,2,4,2.48339,1
4,2,6,990,135930,175826,15533,97777,212026,181717,1.16679,0.829267,0.967582,2,1,1,4,0.559017,4,0.559017,0,0,-1,3,2,2,6,2.32597,1
4,2,7,2387,112402,208595,13168,75400,333068,230171,1.44705,0.626284,0.906262,2,1,0,2,0.25,2,0.25,0,0,-1,3,2,2,6,2.20059,1
4,2,6,316,49867,62601.4,10188,48094,77044.9,80125.2,0.961556,0.812532,0.781295,1,11,0,8.24621,0.25,8.24621,0.25,0,0,-1,1,2,2,6,2.10898,1
4,2,0,134,53852,59252,11038,54780,59211.7,62391.2,0.949039,1.00068,0.949685,1,12,0,10.7703,0.790569,11.4018,0,0,0.353553,1,3,2,2,6,1.96447,1
4,2,7,1705,69282,137991,10947,53361,146823,149148,0.984417,0.939846,0.9252,1,6,0,10.7703,0.901388,10.7703,0.901388,0,0,-1,3,2,2,6,2.02854,1
4,2,1,759,80333,110920,11665,63951,117727,152958,0.76967,0.942179,0.725167,2,1,0,7.81025,0.790569,7.07107,0.5,1.41421,0.790569,1,3,2,2,6,2.39211,1
4,2,2,606,57515,81936.1,11102,56538,84298,115382,0.730598,0.971981,0.710128,2,2,0,8.06226,0.75,9.43398,0.901388,1.41421,1.06066,0,3,2,2,6,2.23341,1
4,2,4,235,30478,39948.2,7338,23094,48052.6,47321.8,1.01544,0.831343,0.844183,1,1,0,2,0.25,2,0.25,0,0,-1,3,2,2,6,2.08534,1
4,2,2,2444,85028,183518,11512,60994,198111,224415,0.882788,0.926343,0.817764,1,2,0,2,0.25,2,0.25,0,0,1,3,2,2,6,1.72173,1
4,2,4,1084,58728,102412,9969,42725,125673,112852,1.11361,0.814909,0.907492,2,3,0,3.16228,0.75,3.16228,0.75,0,0,-1,3,2,2,4,1.76604,1
4,2,2,3009,100799,222058,13570,85370,229372,250923,0.914114,0.968113,0.884966,2,1,0,3,0.5,3.60555,0.75,1,0.559017,1,3,1,2,5,1.86232,1
4,2,6,247,97142,107096,15487,96701,114315,107391,1.06447,0.936852,0.997255,2,4,0,2,0.25,2,0.25,0,0,-1,1,2,2,6,2.14166,1
4,2,2,258,51204,61601.1,10309,53385,67177.4,152549,0.440366,0.916991,0.403812,1,1,0,12.3693,0.790569,12.3693,0.901388,0,0.25,0,1,2,2,4,2.31928,1
4,2,6,1835,83065,157013,9820,51070,195852,177537,1.10316,0.801692,0.884398,2,1,0,12.3693,0.790569,12.3693,0.790569,0,0,-1,3,2,2,6,2.19125,1
4,2,1,1084,50047,93730.9,8987,37513,95034.5,103710,0.916351,0.986283,0.903782,2,10,0,15.2643,0.25,25.2982,0.5,12,0.901388,1,3,2,2,6,2.22439,1
4,2,2,600,62173,86352.3,10399,46445,90334.8,89961.9,1.00415,0.955914,0.959877,2,6,0,11.7047,0.707107,11.7047,0.5,1,0.5,1,3,1,2,6,2.10425,1
4,2,1,583,66386,89880.2,10885,53429,103143,117027,0.881361,0.871415,0.768032,2,2,0,10.7703,0.790569,9.84886,0.707107,2.23607,0.353553,0,3,2,2,6,2.16814,1
4,2,2,2090,78786,163011,11523,58957,164497,178603,0.921022,0.990964,0.9127,2,1,0,9.84886,0.901388,9.84886,0.559017,1,0.353553,1,3,2,2,6,2.12821,1
4,1,1,13,27108,27631.9,6557,23889,28818.7,47341.8,0.608738,0.958816,0.583668,0,10,-1,0,0,0,0,0,0,-1,2,0,2,6,2.08339,1
4,2,1,75,20334,23356.4,6317,19543,23316.1,28204.3,0.826686,1.00173,0.828114,2,9,0,8.94427,0.790569,9.48683,0.5,1,0.790569,1,3,2,2,6,1.8215,0
4,2,0,4976,95220,295747,12052,67124,295707,319052,0.926829,1.00014,0.926955,2,5,0,8.94427,0.901388,7.61577,0.5,1,0.559017,0,3,2,2,5,1.78939,1
4,2,2,2612,85123,190384,12422,70194,195470,235912,0.82857,0.97398,0.807011,2,28,0,1.41421,0.901388,2.23607,0.353553,1.41421,0.901388,0,3,2,2,6,2.26625,1
4,2,2,88,27379,30925.3,8377,32537,32573.9,36984.4,0.880747,0.949389,0.836171,2,4,0,12.3693,0.707107,12.3693,0.790569,0,0.353553,0,3,1,2,6,2.17024,1
4,2,1,1597,79401,143758,11463,61267,156261,172201,0.907433,0.919986,0.834826,2,3,0,2,0.353553,1.41421,0.353553,1.41421,0,1,3,2,2,6,2.24174,1
4,2,6,1472,122699,182019,15341,99129,216205,236490,0.914223,0.841882,0.769668,2,11,0,2.23607,0.75,2.23607,0.75,0,0,-1,3,2,2,6,2.29117,1
4,2,1,123,44353,49309.8,8539,36765,51932.6,75109.6,0.691423,0.949496,0.656504,1,14,0,12.3693,0,11.7047,0.790569,1.41421,0.353553,0,3,0,2,4,2.10415,1
4,1,2,13,9227,9750.88,4276,8164,10560.8,9835.6,1.07373,0.923312,0.991387,0,1,0,11.7047,0.353553,11.7047,0.353553,0,0,-1,3,2,2,6,1.64952,1
4,2,1,184,28044,35459,6963,23887,35873.2,56483.4,0.63511,0.988454,0.627777,1,14,0,11.4018,0.75,9.48683,1.06066,2,0.25,0,3,2,2,6,1.93391,1
4,2,1,2092,98307,182612,12220,62038,187783,209825,0.89495,0.972465,0.870308,2,16,0,11.1803,0.790569,13,0.5,1.41421,1.06066,1,3,2,2,6,2.28286,1
4,2,1,1447,82838,141150,11771,64063,178392,185290,0.962768,0.791239,0.76178,2,3,0,9.84886,0.353553,9.48683,0.25,0,0.25,1,3,2,2,6,2.35383,1
4,2,2,624,54345,79491.5,9541,46883,87712.7,106431,0.824129,0.906271,0.746884,2,3,0,11.4018,0.75,11.4018,0.75,0,0,1,3,2,2,6,2.17005,1
4,2,2,265,43086,53765.2,8597,41133,55783,75891,0.735041,0.963827,0.708452,2,3,0,11.0454,0.75,12,0.559017,1,0.790569,0,3,2,2,6,1.65808,1
4,2,2,274,24268,35309.9,7175,23843,35945.1,37517.3,0.958094,0.982329,0.941163,2,1,0,12.0416,0.559017,12.0416,0.559017,0,0,-1,3,2,2,4,1.75177,1
4,2,0,3652,120443,267614,13843,83111,267534,273200,0.979259,1.0003,0.979554,2,6,0,2,0.25,2,0.707107,1,0.559017,1,3,2,2,5,1.98627,1
4,2,0,2767,65934,177441,11136,61274,177360,199292,0.889953,1.00045,0.890357,1,2,0,3.16228,0.559017,2.23607,0.707107,1.41421,0.25,0,3,2,2,6,2.32316,1
4,2,2,1486,70347,130231,11365,60609,166162,147227,1.12862,0.783757,0.884562,1,2,0,13.6015,0.901388,15.8114,0.559017,2.23607,0.5,1,3,2,2,6,2.18779,1
4,2,2,2790,88874,201308,12113,67597,210311,221674,0.948737,0.957192,0.908124,2,6,0,5.38516,0.5,7.61577,0.75,3.16228,0.25,1,3,1,2,6,2.2666,1
4,2,2,1117,72492,117506,11713,66759,157657,171670,0.918374,0.745325,0.684487,1,2,0,2.23607,0.75,2.23607,0.75,0,0,-1,3,2,2,6,2.31756,1
4,2,2,6633,120669,387971,14930,93992,398422,398682,0.999346,0.97377,0.973133,2,9,0,11.7047,0.707107,11.7047,0.75,1.41421,0.559017,0,3,1,2,4,1.89773,1
4,2,2,846,61454,95546.8,9893,54489,106696,116530,0.915606,0.895505,0.81993,1,6,0,12.083,0.901388,12.2066,1.06066,2.23607,0.75,1,3,2,2,6,1.83349,1
4,1,2,45,29146,30959.4,7509,42797,38869.8,47936.6,0.810857,0.796492,0.645841,0,19,0,12.3693,0,12.3693,0.5,0,0.5,1,3,0,2,6,1.78428,1
4,2,2,137,39921,45441.9,8973,40801,77382,84891.6,0.911539,0.587242,0.535294,2,1,0,11.4018,0.901388,11.4018,0.790569,0,0.25,0,3,2,2,6,1.99379,1
4,2,2,1795,74050,146386,11627,62815,152329,164204,0.927679,0.96099,0.89149,2,13,0,12.1655,0.75,11.0454,0.790569,1.41421,0.559017,0,3,2,2,6,2.17221,1
4,2,1,93,44116,47863.8,9519,48623,58059,69109.2,0.840104,0.8244,0.692582,1,5,0,11.4018,1.06066,11.7047,0.559017,1.41421,0.559017,0,3,2,2,6,2.10816,1
4,1,2,39,84469,86040.7,16268,212144,98051.9,129021,0.75997,0.877501,0.666875,0,85,0,11.1803,0,10.198,0.559017,1,0.901388,0,3,0,2,6,2.02385,1
4,2,1,72,29957,32858.5,7991,34103,33332.3,42250.8,0.788915,0.985785,0.777701,1,3,0,11.0454,0,11.0454,0,0,0,-1,3,0,2,6,2.04821,1
4,2,2,3202,81366,210403,11139,67637,232018,253696,0.91455,0.906838,0.829349,2,2,0,8.06226,0.790569,5.09902,0.707107,3,0.790569,0,3,2,2,6,2.06554,1
4,2,1,1805,62071,134810,10453,53451,140859,151087,0.932306,0.957059,0.892271,2,2,0,3.60555,0.353553,2.82843,1.06066,1,0.707107,0,3,2,2,6,2.25562,1
4,2,1,1100,59849,104178,11309,57303,104466,131951,0.791703,0.997242,0.789519,2,1,0,14.5602,0.901388,22.8473,0,8.94427,0.559017,1,3,2,2,6,2.37096,1
4,2,2,144,33808,39611,7716,30122,51875.6,51769.4,1.00205,0.763577,0.765143,2,2,0,1.41421,0.25,2.82843,0.5,1.41421,0.25,0,3,2,2,6,2.2209,1
4,2,7,2116,77845,163117,13191,79915,179056,182456,0.981368,0.910985,0.894011,2,116,0,2.23607,0.790569,2.23607,0.790569,0,0,-1,3,2,2,6,2.18215,1
4,2,2,1699,151112,219580,15606,97446,235242,282436,0.832903,0.933421,0.77745,2,1,0,2,0.25,2,0.25,0,0,1,3,2,2,4,2.17167,1
4,2,2,4081,87062,251521,12100,70092,288260,287579,1.00237,0.87255,0.874617,1,5,1,4,0.559017,4,0.559017,0,0,0,3,2,2,6,2.08356,1
4,2,0,112,26131,30644.5,6805,22497,30523.6,31296.5,0.975303,1.00396,0.979166,1,5,0,12.6491,0.901388,13.9284,0.559017,1,1.06066,1,3,2,2,6,1.68274,1
4,2,0,53,18384,20519.8,6623,21769,20398.9,26490.8,0.770037,1.00593,0.774601,2,4,0,12.3693,0.790569,11.4018,0.901388,1,0.559017,0,3,2,2,6,1.55178,1
4,2,2,461,50997,69574.8,9164,40008,89484.2,105563,0.847685,0.777509,0.659082,2,2,0,14.8661,0.25,17.088,0.75,2.82843,0.5,0,3,2,2,6,1.76131,1
4,2,2,139,56364,61965.5,10960,56460,66604.9,66768.9,0.997544,0.930345,0.928059,1,2,0,12.3693,0.559017,12.3693,0.790569,1,0.25,1,3,2,2,6,2.03355,1
4,2,2,65,66796,69415.4,11053,59421,74226.7,90077,0.824036,0.935181,0.770623,1,3,0,10.4403,0.790569,10.4403,0.707107,1.41421,0.353553,1,3,2,2,6,1.86423,1
4,2,2,275,27666,38748.2,7486,25950,39420.7,41112.5,0.95885,0.98294,0.942492,2,1,0,10.198,1.06066,11.1803,0.5,0,0.353553,0,3,2,2,6,1.74147,1
4,2,2,1877,56108,131749,9152,47606,151825,169211,0.897254,0.867767,0.778607,1,2,0,9.05539,0.75,9.05539,0.75,0,0,-1,3,2,2,6,1.91249,1
4,2,5,760,84879,115506,9818,50712,116774,118928,0.981889,0.98914,0.971226,2,2,0,1,0,1,0,0,0,-1,3,0,2,6,2.32433,1
4,2,2,604,44608,68948.5,8110,35578,74471.6,87165.2,0.854373,0.925835,0.791009,2,2,0,5.09902,0.5,10.4403,0.25,5.09902,0.75,0,3,1,2,6,2.23417,1
4,2,2,158,23288,29655.2,6241,19655,30054.2,30797.7,0.975861,0.986724,0.962905,1,3,0,0,0,0,0,0,0,-1,3,0,2,6,2.09525,1
4,2,7,1220,130796,179961,13173,74143,184103,206772,0.890368,0.977497,0.870332,2,5,0,2,0.25,2,0.25,0,0,-1,3,2,2,6,2.17989,1
1,3,0,5147,27569,56459.4,30446,631646,57069.4,90015.7,0.633993,0.989311,0.627217,2,2,-1,0,0,0,0,0,0,-1,0,0,1,1,2.35484,1
1,2,2,7167,36220,76448.7,7853,25169,86323.9,92963.6,0.928577,0.885603,0.822351,2,16,0,51.3517,0.353553,54.4518,0.25,3,0.75,0,1,2,1,2,2.19328,1
1,3,0,6745,31251,69111,180352,11360150,96141.9,97117.8,0.989951,0.718844,0.71162,2,6,-1,0,0,0,0,0,0,-1,0,0,1,2,2.3,1
1,2,2,8499,38355,86060.3,8448,28478,92052.5,102461,0.898411,0.934905,0.839929,2,12,1,167.362,1.06066,164.368,0.790569,3,0.5,0,3,2,1,2,2.76786,1
1,3,0,10884,38799,99891.4,65134,1703358,107328,114826,0.934704,0.930712,0.86994,2,4,-1,0,0,0,0,0,0,-1,0,0,1,2,2.49853,1
1,3,0,11356,38230,101972,101566,4243338,105977,112143,0.945013,0.962211,0.909302,2,19,-1,0,0,0,0,0,0,-1,0,0,1,2,2.55682,1
1,3,0,7828,34531,78470,63029,3593679,86644.7,106061,0.816934,0.905652,0.739858,2,12,-1,0,0,0,0,0,0,-1,0,0,1,2,2.84,1
1,3,0,10332,37468,95462,117478,6540530,104131,103798,1.00321,0.916753,0.919691,1,41,-1,0,0,0,0,0,0,-1,0,0,1,2,2.59091,1
1,3,0,9933,37064,92818.4,80669,2814465,102717,103905,0.988569,0.903633,0.893303,2,37,-1,0,0,0,0,0,0,-1,0,0,1,2,2.84,1
1,2,2,5960,33735,67188.8,7757,24091,72910.3,81032.8,0.899763,0.921526,0.829155,1,70,1,14.5602,0.901388,27.2029,0.5,17.6918,0.559017,1,3,2,1,2,2.51446,1
1,2,2,2899,25844,42116.2,6551,18323,43108.5,51623.7,0.835052,0.976982,0.815831,2,18,0,11.4018,0.25,15.6525,0.790569,5.65685,0.559017,0,3,2,1,2,1.99887,1
1,2,2,4711,31815,58258.1,7490,23292,62014.1,62767.5,0.987996,0.939433,0.928156,2,51,1,15.8114,0.25,15.8114,0.559017,1,0.790569,0,1,2,1,2,1.87875,1
1,2,2,7064,40457,80107.6,8401,27977,80521.2,102168,0.788123,0.994863,0.784074,2,14,0,9.43398,0.353553,10.7703,1.06066,5.83095,0.707107,1,1,2,1,2,2.2345,1
1,3,0,9148,33784,85132.2,82667,3774133,86697.3,90144.9,0.961755,0.981948,0.944393,2,6,-1,0,0,0,0,0,0,-1,0,0,1,3,2.46249,1
1,2,2,6008,33926,67649.2,7702,24380,90524.3,84048.5,1.07705,0.747305,0.804883,2,37,0,44.1814,0.559017,80.0562,0.901388,37.0135,0.790569,0,1,2,1,5,2.55388,1
1,2,0,5621,30636,62187,7201,21433,62170.1,66602.4,0.933452,1.00027,0.933705,2,39,1,172.351,0.353553,173.289,0.559017,1.41421,0.25,0,3,2,1,5,2.5391,1
1,2,1,6002,28852,62541.5,6963,20999,67439.1,69131.6,0.975518,0.927377,0.904674,2,1,1,170.188,0.25,169.074,1.06066,3.16228,0.559017,1,3,2,1,5,2.55396,1
1,3,0,6349,29326,64963.3,48468,1066026,80418,79228,1.01502,0.80782,0.819954,1,3,-1,0,0,0,0,0,0,-1,0,0,1,5,2.41763,1
1,3,0,3500,20153,39798.7,32282,1263688,64627.3,61478.5,1.05122,0.615818,0.647359,2,22,-1,0,0,0,0,0,0,-1,0,0,1,5,2.51812,1
1,3,0,6269,26792,61980.2,67457,4459545,71334.4,78085.9,0.913537,0.868869,0.793744,2,2,-1,0,0,0,0,0,0,-1,0,0,1,5,2.71572,1
1,3,0,10870,36207,97220.9,242255,23457627,105227,98473.4,1.06858,0.923918,0.987281,1,70,-1,0,0,0,0,0,0,-1,0,0,1,5,2.63879,1
1,3,0,6344,28743,64352.2,101449,8298029,71246,68735.1,1.03653,0.90324,0.936235,2,15,-1,0,0,0,0,0,0,-1,0,0,1,5,2.65658,1
1,2,1,5186,33253,62362.3,7552,23366,62703.1,65659.9,0.954968,0.994565,0.949778,2,79,0,13,0.790569,14.7648,1.06066,2.82843,0.5,0,3,2,1,5,2.32008,1
1,2,1,3697,29461,50212.4,7048,20044,52798.4,57482.2,0.918518,0.951022,0.873531,2,31,0,10.7703,0.901388,10.2956,1.06066,1,0.75,1,3,2,1,5,2.10487,1
1,2,1,4041,31184,53866.3,7471,22657,54255.8,57440.1,0.944563,0.992822,0.937784,2,10,1,16.4924,0.901388,16.5529,0.353553,3.16228,0.559017,0,3,2,1,5,2.18529,1
1,2,0,7324,39114,80224,8478,28276,80268.9,80201.5,1.00084,0.999441,1.00028,1,13,1,18.6815,0,18.6815,0,0,0,-1,3,0,1,5,2.33089,1
1,3,0,12690,39534,110764,87658,3399146,113213,119327,0.948763,0.978369,0.92824,1,11,-1,0,0,0,0,0,0,-1,0,0,1,3,2.70796,1
1,3,0,9751,36208,90940.9,91035,4847969,103449,101705,1.01714,0.879092,0.894162,2,4,-1,0,0,0,0,0,0,-1,0,0,1,5,2.43729,1
1,2,2,4568,30490,56130.4,7181,21487,61669.6,60260.9,1.02338,0.91018,0.931457,2,53,0,84.214,0.75,168.428,0.5,84.214,0.75,0,1,2,1,5,2.45506,1
1,2,1,2566,25286,39689.1,6418,17462,42477.6,46634.9,0.910855,0.934353,0.85106,2,1,1,170.496,0.559017,168.582,0,3.60555,0.559017,0,3,2,1,5,2.45842,1
1,3,0,3322,26996,45642.6,41560,1412336,49725.7,51142.1,0.972305,0.917886,0.892465,2,3,-1,0,0,0,0,0,0,-1,0,0,1,5,2.43177,1
1,3,0,13493,39170,114907,105652,7448790,120405,123431,0.975486,0.954336,0.930941,2,7,-1,0,0,0,0,0,0,-1,0,0,1,5,2.42985,1
1,3,0,9185,34402,85957.9,93917,6996081,91404,95092.5,0.961211,0.940417,0.903939,2,17,-1,0,0,0,0,0,0,-1,0,0,1,5,2.68462,1
1,3,0,7970,31905,76641,63367,1703101,77972.3,86599.4,0.90038,0.982926,0.885006,1,7,-1,0,0,0,0,0,0,-1,0,0,1,5,2.68784,1
1,3,0,4380,24910,49495.2,39725,1150601,52621.4,52990.8,0.993029,0.94059,0.934033,2,2,-1,0,0,0,0,0,0,-1,0,0,1,5,2.61004,1
1,3,0,3591,22708,42864.5,48974,1925876,52764.1,70830.8,0.744931,0.81238,0.605167,2,3,-1,0,0,0,0,0,0,-1,0,0,1,5,2.55499,1
1,3,0,5176,29808,58861.1,222731,24264353,77604.8,72948.9,1.06382,0.758473,0.806882,2,2,-1,0,0,0,0,0,0,-1,0,0,1,5,2.36835,1
1,3,0,8860,34894,84625.6,91861,5794031,90746.9,94069.4,0.964681,0.932545,0.899609,2,12,-1,0,0,0,0,0,0,-1,0,0,1,5,2.44539,1
1,2,2,6138,37821,72273.9,8463,28211,72842.7,73024.4,0.997512,0.992192,0.989723,1,8,1,18.6815,0.75,18.6815,0.5,0,0.25,0,3,2,1,5,2.35263,1
1,2,5,10430,40756,99300.1,8548,28796,99345.9,99312.3,1.00034,0.999539,0.999878,2,23,1,18.4391,1.06066,18.4391,1.06066,0,0,-1,1,2,1,3,2.46,1
1,3,0,7310,34324,75355.4,53201,1539875,93706.5,94111,0.995702,0.804164,0.800708,1,3,-1,0,0,0,0,0,0,-1,0,0,1,5,2.49594,1
1,3,0,9712,37728,92241.9,201240,16576022,95424.9,94943.8,1.00507,0.966644,0.971543,2,7,-1,0,0,0,0,0,0,-1,0,0,1,5,2.57248,1
1,2,1,3323,30279,48931.2,7232,22130,50157.9,53153,0.943651,0.975543,0.920572,2,11,0,90.3549,0.5,90.4489,0.5,1,0,0,3,1,1,5,2.51507,1
1,3,0,4798,31123,58054.4,142280,9983296,73466.3,79009.6,0.92984,0.790218,0.734776,1,11,-1,0,0,0,0,0,0,-1,0,0,1,5,2.49769,1
1,3,0,7903,30565,74924.9,109690,7197016,77152.4,98741.5,0.781358,0.971129,0.758799,2,3,-1,0,0,0,0,0,0,-1,0,0,1,5,2.52823,1
1,3,0,8592,33339,81566.3,107065,6053967,82950,89092.5,0.931055,0.983319,0.915524,2,3,-1,0,0,0,0,0,0,-1,0,0,1,5,2.58792,1
1,3,0,2820,16932,32760.8,40395,569571,34679.9,37590.8,0.922563,0.944663,0.871512,2,1,-1,0,0,0,0,0,0,-1,0,0,1,5,2.71236,1
1,3,0,5207,25946,55173.2,43294,1719078,77128.4,80032.5,0.963714,0.715341,0.689384,1,6,-1,0,0,0,0,0,0,-1,0,0,1,5,2.64599,1
1,3,0,4203,25495,49086.6,51415,2677819,50389.8,72729.3,0.692841,0.974139,0.674923,2,4,-1,0,0,0,0,0,0,-1,0,0,1,5,2.57713,1
1,3,0,5391,27587,57847,106100,6720034,65466.6,64651.7,1.0126,0.88361,0.894748,2,3,-1,0,0,0,0,0,0,-1,0,0,1,5,2.56591,1
1,3,0,8010,34866,79826.5,107579,8463801,91347.8,94619.7,0.96542,0.873874,0.843656,2,3,-1,0,0,0,0,0,0,-1,0,0,1,5,2.53394,1
1,2,0,9762,39826,94620.6,8612,29066,108572,94603.8,1.14765,0.871504,1.00018,1,7,0,9.43398,0.25,9.43398,0.25,0,0,-1,3,2,1,5,2.5714,1
1,3,0,1584,11143,20034.1,25849,575581,21349,22722.4,0.939557,0.938408,0.881688,1,1,-1,0,0,0,0,0,0,-1,0,0,1,3,2.58491,1
1,3,0,6479,31490,67857,87554,4140900,69838.4,68903.8,1.01356,0.971629,0.984807,2,62,-1,0,0,0,0,0,0,-1,0,0,1,5,2.23192,1
1,3,0,5478,29432,60180.3,129945,8062331,61994.2,62021.2,0.999564,0.970741,0.970318,2,5,-1,0,0,0,0,0,0,-1,0,0,1,5,2.64873,1
1,3,0,4158,22424,45763.1,48354,2501124,70087.3,58467.1,1.19875,0.652944,0.782715,2,1,-1,0,0,0,0,0,0,-1,0,0,1,5,2.66586,1
1,3,0,6162,29627,64214.6,59234,1971406,69287.9,77981.4,0.888519,0.926779,0.823461,2,11,-1,0,0,0,0,0,0,-1,0,0,1,5,2.51404,1
1,2,1,2332,16691,29780.6,5602,14264,30705.4,68998.3,0.445017,0.969883,0.431614,2,4,0,63.8905,0.25,127.781,0.5,63.8905,0.25,0,1,2,1,5,2.62864,1
1,3,0,2013,15899,27198.1,58743,1710043,32186.2,43125.2,0.746342,0.845023,0.630677,2,7,-1,0,0,0,0,0,0,-1,0,0,1,5,2.52491,1
1,3,0,2005,16494,27748.2,19313,236661,33319.5,37469.7,0.889238,0.832791,0.74055,1,1,-1,0,0,0,0,0,0,-1,0,0,1,5,2.51744,1
1,3,0,2268,17591,30321.4,29059,510387,42964.4,66215.6,0.648857,0.705733,0.45792,2,1,-1,0,0,0,0,0,0,-1,0,0,1,5,2.38525,1
1,3,0,6207,30935,65775.2,66176,2857810,76380,84278.9,0.906277,0.861157,0.780447,2,15,-1,0,0,0,0,0,0,-1,0,0,1,5,2.42054,1
1,3,0,7558,32394,74817.4,98610,5686898,81450,86749,0.938916,0.918569,0.862459,2,7,-1,0,0,0,0,0,0,-1,0,0,1,5,2.65089,1
1,3,0,4426,24807,49650.4,44863,1810723,65660.1,58169.8,1.12877,0.756173,0.853541,2,2,-1,0,0,0,0,0,0,-1,0,0,1,5,2.76489,1
1,2,6,8305,31925,78541.4,7536,23594,88226.6,84319.2,1.04634,0.890224,0.931477,2,25,0,26.4197,0.25,26.4197,0.25,0,0,-1,3,2,1,5,2.67234,1
1,2,2,3385,22451,41451.2,5799,15717,45300.7,82392.2,0.549818,0.915022,0.503096,2,17,0,84.386,0.559017,168.885,0.5,84.386,0.559017,0,1,2,1,3,2.48982,1
1,2,2,3579,23228,43317.1,6441,18121,50976.4,57083.4,0.893016,0.849748,0.758839,2,1,0,100.404,0.353553,95.1893,1.06066,5.38516,0.707107,0,1,2,1,5,2.16832,1
1,3,0,4949,26786,54565,84830,4999678,58017.2,64929.3,0.893544,0.940496,0.840375,2,17,-1,0,0,0,0,0,0,-1,0,0,1,5,2.34371,1
1,3,0,4808,25018,52005.5,36371,1246723,59327.8,58443.4,1.01513,0.876579,0.889845,2,6,-1,0,0,0,0,0,0,-1,0,0,1,5,2.55522,1
1,2,1,4646,24611,50689.2,6391,18165,54231.8,54026.6,1.0038,0.934677,0.938227,2,1,0,84,0.707107,84.006,0.353553,1,0.790569,0,3,1,1,5,2.57044,1
1,2,1,6960,31439,70505.8,7243,22601,76747.4,85605.7,0.896522,0.918674,0.823611,2,10,0,87.0057,0.707107,98.732,0.25,14.1421,0.901388,1,1,1,1,5,2.45776,1
1,3,0,586,8048,11337.2,15344,91706,15928.7,59179.4,0.26916,0.711749,0.191574,2,3,-1,0,0,0,0,0,0,-1,0,0,1,5,2.45708,1
1,3,0,3201,19674,37641.4,53192,1806030,48021.3,48713.5,0.985789,0.783848,0.772709,1,8,-1,0,0,0,0,0,0,-1,0,0,1,5,2.11163,1
1,3,0,6793,27764,65893.4,83312,3584262,67573.2,78071.1,0.865535,0.975142,0.844019,2,3,-1,0,0,0,0,0,0,-1,0,0,1,5,2.38334,1
1,3,0,4007,24958,47449.5,51645,1903427,51800.1,52537,0.985974,0.916011,0.903163,2,9,-1,0,0,0,0,0,0,-1,0,0,1,5,2.55573,1
1,3,0,1135,13833,20203.8,28892,312506,28522.4,47123.5,0.605268,0.70835,0.428742,2,4,-1,0,0,0,0,0,0,-1,0,0,1,5,2.80549,1
1,3,0,4293,22086,46182.8,36420,1116210,54435.5,57117.3,0.953048,0.848395,0.808562,2,9,-1,0,0,0,0,0,0,-1,0,0,1,5,2.57232,1
1,2,1,9107,33618,84736,8031,26625,85815,99820.7,0.859691,0.987427,0.848882,1,17,0,27.8029,0.901388,45.9674,0.25,18.6011,0.707107,0,1,2,1,5,2.53853,1
1,3,0,3310,20473,39052.2,70919,4798865,43589.5,41406,1.05274,0.895908,0.943154,2,6,-1,0,0,0,0,0,0,-1,0,0,1,3,1.96154,1
1,3,0,1008,9981,15639,12905,122137,16542.2,32543.1,0.508317,0.945395,0.480561,2,1,-1,0,0,0,0,0,0,-1,0,0,1,5,2.11902,1
1,3,0,1911,14409,25135.5,35791,1266509,27327.6,30298.9,0.901937,0.919784,0.829587,1,5,-1,0,0,0,0,0,0,-1,0,0,1,5,2.19209,1
1,3,0,5090,28402,56972.4,188007,13318383,62600.2,59580.6,1.05068,0.9101,0.956224,1,1,-1,0,0,0,0,0,0,-1,0,0,1,5,2.2867,1
1,3,0,4942,26562,54301.7,54443,1994381,61344,63999.2,0.958511,0.8852,0.848474,2,3,-1,0,0,0,0,0,0,-1,0,0,1,5,2.52867,1
1,3,0,7026,29355,68792.3,156728,11660076,71603,70829.5,1.01092,0.960746,0.971238,2,1,-1,0,0,0,0,0,0,-1,0,0,1,5,2.36941,1
1,3,0,523,7874,10809.6,24432,207456,12661.7,57119.3,0.221672,0.853723,0.189247,1,1,-1,0,0,0,0,0,0,-1,0,0,1,5,2.52208,1
1,3,0,7548,24784,67151.3,70479,2967235,67909.7,75911.8,0.894587,0.988832,0.884596,1,7,-1,0,0,0,0,0,0,-1,0,0,1,5,1.97033,1
1,3,0,10097,35206,91881,89343,3563241,92937.5,97374.1,0.954438,0.988632,0.943587,1,8,-1,0,0,0,0,0,0,-1,0,0,1,5,2.52852,1
1,3,0,1983,15150,26280.7,17989,248847,27902.5,27735.9,1.00601,0.941876,0.947533,2,3,-1,0,0,0,0,0,0,-1,0,0,1,5,2.6235,1
1,3,0,2405,14850,28349.4,22771,572719,34357.2,43290.8,0.793638,0.825137,0.65486,2,1,-1,0,0,0,0,0,0,-1,0,0,1,5,2.47369,1
1,3,0,1289,12641,19876.2,18354,189996,23323.2,23347.7,0.998948,0.85221,0.851313,1,2,-1,0,0,0,0,0,0,-1,0,0,1,5,2.2751,1
1,2,2,7255,33500,74222.7,7775,24957,75034.6,75883.7,0.988811,0.989179,0.978111,2,18,1,27.5862,0.790569,74.0608,0.559017,47.0106,0.75,0,3,2,1,5,2.3629,1
