4,0,0,1,590419,592630,33066,466060,626786,592630,1.05764,0.945505,1,0,2,0,2,0.25,2,0.25,0,0,-1,3,2,1,1,0.98,0
4,0,0,1,575226,577437,33322,460810,615841,577437,1.06651,0.937639,1,0,2,0,2,0.25,2,0.25,0,0,-1,3,2,0,0,0,0
4,0,0,1,559902,562113,32281,436317,573532,559902,1.02434,0.980089,1.00395,0,2,0,2,0.25,2,0.25,0,0,-1,3,2,1,1,0.333333,0
4,1,0,11,658133,682450,37090,642504,682450,767235,0.889493,1,0.889493,0,3,0,2.23607,0.353553,2.23607,0.559017,1,0.25,0,1,2,1,1,0.564103,0
4,2,2,138,844908,1.14998e+06,45246,995726,1.16789e+06,1.63983e+06,0.712205,0.984662,0.701282,1,1,-1,0,0,0,0,0,0,-1,2,0,2,2,1.03846,1
4,2,2,246,1109368,1.65319e+06,53559,1427713,3.25843e+06,3.19381e+06,1.02023,0.507359,0.517625,1,4,0,9.21954,0.559017,9.21954,0.25,1.41421,0.353553,0,3,2,2,3,1.87657,1
4,1,2,33,1036915,1.10987e+06,42309,1066133,1.30249e+06,1.57937e+06,0.824688,0.852113,0.702727,0,26,0,10,0.790569,11.4018,0.790569,2.23607,0.707107,0,3,2,2,3,1.90539,1
4,1,1,30,937204,1.00352e+06,45459,995359,1.20447e+06,1.17773e+06,1.02271,0.833167,0.852084,0,1,0,2.23607,0.353553,6.32456,0.25,7.28011,0.559017,0,1,2,2,3,2.11305,1
4,2,1,104,847794,1.0777e+06,44908,913714,1.12996e+06,1.15492e+06,0.97839,0.953756,0.933146,1,2,-1,0,0,0,0,0,0,-1,2,0,2,3,1.37333,1
4,1,0,13,407746,436485,24541,324577,434274,487275,0.89123,1.00509,0.895767,0,3,-1,0,0,0,0,0,0,-1,2,0,2,3,1.74842,0
4,0,0,2,245073,249494,14921,97567,251352,249494,1.00745,0.992607,1,0,1,-1,0,0,0,0,0,0,-1,2,0,2,2,0.666667,0
4,0,0,4,359092,367935,21497,208121,395425,367935,1.07472,0.930479,1,0,1,0,1,0.5,1,0.5,0,0,-1,3,1,2,2,0.846154,0
4,0,0,3,572719,579351,31937,441397,593151,579351,1.02382,0.976734,1,0,1,0,2,0.25,2,0.25,0,0,-1,3,2,0,0,0,0
4,2,1,102,896552,1.12204e+06,57606,1486932,1.16167e+06,1.1299e+06,1.02812,0.965887,0.993043,2,1,0,2,0.5,2,0.5,0,0,-1,3,1,1,1,0.5,1
4,1,0,13,678909,707648,38364,624964,707648,781451,0.905556,1,0.905556,0,3,-1,0,0,0,0,0,0,-1,2,0,1,2,0.512821,0
4,1,1,17,788710,826292,40274,845612,1.19507e+06,1.13622e+06,1.05179,0.691419,0.72723,0,2,-1,0,0,0,0,0,0,-1,2,0,2,2,0.542614,1
4,1,2,35,381787,459161,33973,1507235,466370,1.00366e+06,0.46467,0.984541,0.457487,0,2,0,2,0.25,2,0.25,0,0,-1,3,2,2,3,1.25326,1
4,2,2,189,810864,1.22868e+06,36794,781564,1.25896e+06,1.35039e+06,0.932288,0.975954,0.90987,2,6,-1,0,0,0,0,0,0,-1,2,0,2,5,1.5108,1
4,0,0,3,348709,355341,15364,256830,368432,353130,1.04333,0.964468,1.00626,0,7,0,10.0499,0.5,10.0499,0.5,0,0,-1,3,1,1,5,1.49322,1
4,2,2,294,1098650,1.74859e+06,44467,1037099,2.01858e+06,2.53793e+06,0.795363,0.866249,0.688982,2,2,1,27.4591,0.790569,27.8927,0.25,2.23607,0.75,1,1,2,2,6,1.78602,1
4,0,0,6,110523,123787,12922,86566,164428,119366,1.37752,0.752833,1.03704,0,1,0,9.48683,0.901388,9.48683,0.901388,0,0,-1,3,2,1,5,1.37599,1
4,2,7,100,571921,792989,28985,452475,893981,912734,0.979454,0.887031,0.868806,1,6,0,19.4165,0.5,19.4165,0.5,0,0,-1,3,1,2,6,1.26503,1
4,1,0,26,431659,489137,26202,325580,489137,533118,0.917501,1,0.917501,0,1,0,1.41421,0.353553,2.23607,0.707107,1.41421,0.353553,0,3,2,2,4,1.08101,0
4,0,0,5,414008,425061,21402,204852,452005,425061,1.06339,0.940392,1,0,1,0,1.41421,0.353553,1.41421,0.353553,0,0,-1,3,2,2,2,0.5,0
4,1,0,21,513427,559851,27393,355859,559851,571006,0.980465,1,0.980465,0,1,0,1.41421,0.559017,1.41421,0.790569,1,0.25,0,3,2,2,2,0.653333,1
4,0,0,2,518183,522604,31702,412124,546206,522604,1.04516,0.956789,1,0,2,0,2,0.25,2,0.25,0,0,-1,3,2,2,3,0.727273,0
4,2,5,38,884728,968734,44590,952304,1.39274e+06,1.06351e+06,1.30958,0.695559,0.910887,1,1,0,2,0.5,2,0.5,0,0,-1,3,1,2,4,1.32399,1
4,2,7,146,763156,1.08592e+06,39335,782713,1.334e+06,1.16625e+06,1.14384,0.814032,0.931119,2,1,0,2,0.5,2,0.5,0,0,-1,3,1,2,4,1.39357,1
4,0,0,2,181668,186089,15923,119735,226224,183879,1.23029,0.82259,1.01202,0,2,0,12.0416,0.790569,12.0416,0.790569,0,0,-1,3,2,2,5,1.33108,0
4,2,2,164,1045870,1.40842e+06,55024,1787858,1.62818e+06,2.4082e+06,0.676097,0.865029,0.584843,1,12,0,10.2956,0.901388,10.2956,0.901388,1,0.353553,1,1,2,2,5,1.5835,1
4,1,1,27,509213,568901,21888,492780,583279,610649,0.95518,0.97535,0.931635,0,7,1,28.2843,0.901388,29.4279,0.75,1,0.353553,1,1,2,2,6,1.71459,1
4,0,0,3,230148,236780,16099,123245,272997,234569,1.16382,0.867336,1.00942,0,1,0,10.0499,0.5,10.0499,0.5,0,0,-1,3,1,1,5,1.29301,0
4,2,7,40,448006,536433,29934,476004,630573,613151,1.02841,0.850707,0.87488,1,6,0,10.0499,0.5,10.0499,0.5,0,0,-1,3,1,2,5,1.33706,1
4,1,0,24,149056,202112,17026,171050,199902,216235,0.924466,1.01106,0.934689,0,1,0,11.6619,0.901388,12.53,0.5,2,0.25,0,3,2,2,6,1.46639,1
4,1,2,66,607396,753301,32558,792904,857606,937408,0.91487,0.878376,0.8036,0,9,0,13.8924,0.353553,18.2483,0.25,6.7082,0.25,0,3,2,2,6,1.18429,1
4,1,2,31,844573,913104,39373,935293,1.03339e+06,1.13865e+06,0.907552,0.883603,0.801916,0,2,0,1.41421,0.353553,1.41421,0.353553,0,0,-1,3,2,2,4,1.14625,1
4,1,4,14,167826,198775,17914,234164,221895,281136,0.789282,0.895808,0.707045,0,1,0,1.41421,0.353553,1.41421,0.353553,0,0,-1,3,2,2,3,0.919071,1
4,1,2,31,757950,826481,36409,736161,850990,1.14191e+06,0.745232,0.971199,0.723769,0,1,0,3,0.5,4,0.901388,1,0.75,0,3,1,2,5,0.993333,0
4,0,0,2,555680,560101,32598,448840,579446,560101,1.03454,0.966616,1,0,1,0,2,0.25,2,0.25,0,0,-1,3,2,1,2,0.507692,0
4,1,1,38,349169,433175,28064,549676,528374,561613,0.940815,0.819827,0.771305,0,6,0,8.06226,0.790569,8.60233,0.25,1.41421,0.75,1,3,2,2,4,1.48885,0
4,2,1,38,394551,478557,32920,577470,534255,553197,0.965759,0.895747,0.865075,1,1,0,8.06226,0.790569,8.06226,0.790569,0,0,-1,3,2,2,5,1.11138,1
4,1,1,15,169309,202469,17975,140189,246960,216939,1.13838,0.819845,0.933298,0,1,0,12.0416,0.790569,12.0416,0.790569,0,0,-1,3,2,2,4,1.25487,1
4,1,2,34,581916,657079,28647,469975,997756,1.07157e+06,0.931119,0.658557,0.613195,0,2,0,9.84886,0.75,11.1803,0.559017,1.41421,0.707107,1,1,2,2,5,1.34928,1
4,2,0,175,786763,1.17363e+06,38878,807874,1.16921e+06,1.22897e+06,0.951372,1.00378,0.954969,1,5,0,11.0454,0.707107,13.0384,0.5,1,0.5,1,3,1,2,6,1.48087,1
4,0,0,3,267469,274101,17062,148224,310189,271890,1.14086,0.883659,1.00813,0,4,0,10.0499,0.5,10.0499,0.5,0,0,-1,3,1,1,3,1.12698,0
4,1,1,33,414123,487075,25979,411727,560187,622541,0.89984,0.869487,0.782399,0,3,0,10,0.75,11.1803,0.707107,2,0.901388,0,3,2,2,4,1.02564,1
4,1,1,55,504268,625855,25591,564785,681005,755367,0.901555,0.919017,0.828544,0,1,0,10.8167,0.353553,9.21954,0.25,3,0.25,1,3,2,2,6,1.43138,0
4,2,2,349,1906293,2.67782e+06,62145,2019639,3.27191e+06,3.73241e+06,0.87662,0.818428,0.71745,1,3,0,12.0416,0.707107,14.2127,0.559017,3,0.75,0,3,1,2,5,1.49584,1
4,1,2,51,1039308,1.15205e+06,45148,1396944,1.5276e+06,1.51239e+06,1.01006,0.75416,0.761745,0,3,0,1.41421,0.5,2.23607,0.25,2,0.901388,0,3,1,2,6,1.65347,1
4,1,0,16,136714,172085,14688,121400,169874,198542,0.855607,1.01301,0.866741,0,3,-1,0,0,0,0,0,0,-1,2,0,1,5,0.919071,0
4,1,1,42,426764,519612,41296,1821846,526435,901084,0.584223,0.987041,0.576652,0,16,0,2.23607,0.353553,4,0.901388,2.23607,0.25,1,3,2,2,3,0.798246,1
4,1,6,13,624834,653573,33719,559131,735074,857656,0.857073,0.889125,0.762045,0,1,0,2.23607,0.790569,2.23607,0.790569,0,0,-1,3,2,2,3,0.986182,0
4,0,0,5,206988,218041,13968,93516,227022,218041,1.04119,0.960442,1,0,2,0,10.2956,0,10.2956,0,0,0,-1,3,0,2,2,0.99399,0
4,0,0,2,194568,198989,12391,77121,234872,198989,1.18032,0.847225,1,0,4,0,10.2956,0,10.2956,0,0,0,-1,3,0,2,4,0.845644,0
4,0,0,2,35285,39706.4,7350,22906,71833.2,37495.7,1.91577,0.552758,1.05896,0,4,0,10.2956,0,10.2956,0,0,0,-1,3,0,0,3,0.645833,0
4,0,0,5,370594,381647,19280,222758,412001,379437,1.08582,0.926327,1.00583,0,4,0,10.0499,0.559017,10.0499,0.559017,0,0,-1,3,2,1,4,0.983756,0
4,0,0,4,706567,715410,29011,492813,727679,715410,1.01715,0.983139,1,0,5,0,10,0.901388,10,0.901388,0,0,-1,3,2,2,5,1.13015,1
4,1,4,16,337416,372787,33219,853793,560038,673661,0.831336,0.665645,0.553375,0,14,0,10.0499,0.5,10.0499,0.5,0,0,-1,3,1,2,4,1.56033,1
4,1,0,36,257032,336616,28065,760673,334406,902211,0.370651,1.00661,0.373102,0,6,0,12.1655,0.25,13.6015,0.790569,2.23607,0.75,0,3,2,2,5,1.017,0
4,2,1,61,252777,387628,25430,472010,387981,470623,0.824399,0.999091,0.823649,1,1,-1,0,0,0,0,0,0,-1,2,0,2,3,1.14583,1
4,1,6,14,928162,959111,50293,1579489,1.07653e+06,1.09876e+06,0.979769,0.890925,0.872901,0,1,0,13,0.790569,13,0.790569,0,0,-1,1,2,2,5,1.58596,1
4,1,2,33,503607,576559,28464,768116,704022,926313,0.760026,0.81895,0.622424,0,4,0,2,0.5,2,0.5,0,0,-1,3,1,2,6,1.59887,1
4,1,1,27,498713,558401,43714,1263252,587476,1.24894e+06,0.470379,0.950509,0.4471,0,6,0,1,0.707107,2.23607,0.790569,2.23607,0.790569,1,1,1,2,4,1.28547,1
4,1,2,26,659829,717307,37446,1084488,944226,1.31777e+06,0.716533,0.759677,0.544334,0,7,0,1,0.559017,0,1.06066,1,0.901388,1,1,2,2,5,0.948718,1
4,1,7,11,464576,488893,25115,365351,496674,516914,0.960843,0.984336,0.945792,0,1,0,3.16228,0.353553,3.16228,0.353553,0,0,-1,3,2,2,4,1.30431,0
4,1,0,23,635764,686610,32044,667108,686610,768036,0.893981,1,0.893981,0,1,0,10.7703,0.790569,11.7047,0.75,0,0.559017,1,3,2,2,2,0.92033,0
4,2,0,80,1512389,1.68924e+06,56700,1423282,1.68924e+06,1.90576e+06,0.88639,1,0.88639,1,5,0,9.05539,1.06066,10.198,0.707107,4,0.790569,1,3,2,2,2,0.70933,0
4,1,5,16,255083,290454,20682,368592,305939,307351,0.995407,0.949385,0.945024,0,3,0,10.0499,0.559017,10.0499,0.559017,0,0,-1,3,2,2,2,0.423077,0
4,0,0,5,108848,119901,9871,53359,140652,117691,1.1951,0.852467,1.01878,0,1,0,9.05539,0.5,9.05539,0.5,0,0,-1,3,1,1,1,0.549107,0
4,1,2,42,248181,341029,19622,260372,563365,569833,0.98865,0.605344,0.598473,0,6,0,8.24621,0.901388,8.24621,0,1.41421,0.901388,0,1,2,1,3,0.829132,1
4,2,1,76,665534,833546,39471,836973,849067,888169,0.955975,0.981719,0.938499,1,6,0,11.1803,0.707107,11.1803,0.707107,0,0,-1,3,1,2,6,1.27165,1
4,1,7,11,215826,240143,14846,131134,481003,374886,1.28307,0.499256,0.640578,0,8,0,11.1803,0.707107,11.1803,0.707107,0,0,-1,3,1,2,4,1.05186,0
4,2,1,76,571124,739136,55890,1663898,937296,1.01816e+06,0.920576,0.788583,0.72595,1,12,0,11.1803,0.707107,10.4403,0.75,1,0.901388,0,3,1,2,4,1.24072,1
4,1,1,34,176771,251934,18562,260552,584002,533059,1.09557,0.431393,0.47262,0,1,-1,0,0,0,0,0,0,-1,2,0,2,6,1.72738,1
4,1,1,28,263535,325434,20547,251379,343761,325662,1.05558,0.946687,0.9993,0,1,-1,0,0,0,0,0,0,-1,2,0,2,6,1.5108,1
4,1,0,16,305753,341124,21740,294650,338913,392168,0.864204,1.00652,0.869841,0,1,0,1,0.25,1,0,1,0.25,0,1,2,2,6,1.30229,0
4,1,7,11,217027,241344,15390,135976,240885,277127,0.869223,1.00191,0.87088,0,2,0,3.16228,0.353553,3.16228,0.353553,0,0,-1,3,2,2,5,0.829327,0
4,1,1,29,677294,741404,32955,658671,822897,846516,0.972098,0.900968,0.875829,0,1,0,3.16228,0.5,3.16228,1.06066,0,0.353553,0,3,1,2,3,1.11894,1
4,2,2,63,1338687,1.47796e+06,61004,1633778,1.4978e+06,1.48729e+06,1.00707,0.986751,0.993725,2,3,0,10.7703,0.790569,10.7703,0.790569,0,0,-1,3,2,2,2,0.75,1
4,2,1,155,1571119,1.91377e+06,65277,1855623,1.95481e+06,1.93735e+06,1.00901,0.979009,0.987833,1,3,0,2.23607,0.353553,2.23607,0.559017,1,0.25,0,3,2,2,3,1.05818,1
4,2,2,148,647925,975105,29868,519566,1.01308e+06,1.33146e+06,0.760881,0.962514,0.732359,1,2,0,11,0.559017,22.0227,0.5,11,0.559017,1,3,2,2,3,0.986631,1
4,1,1,24,150712,203768,15380,169714,208265,271808,0.766219,0.97841,0.749676,0,2,0,9.48683,0.353553,9.48683,0.353553,0,0,-1,3,2,1,2,0.701705,0
4,0,0,3,26951,33583,7178,21298,49057.8,31372.4,1.56373,0.684561,1.07047,0,1,0,9.05539,1.06066,9.05539,1.06066,0,0,-1,1,2,1,3,0.589744,0
4,2,0,64,501777,643260,30177,526701,675938,643260,1.0508,0.951656,1,2,3,0,11.1803,0.707107,11.1803,0.707107,0,0,-1,3,1,2,5,0.952134,1
4,1,2,47,238252,342154,22733,331741,381002,433366,0.87917,0.898036,0.789527,0,6,0,12.1655,0.901388,13.1529,0.559017,0,0.790569,1,3,2,2,4,1.14103,1
4,1,2,23,450461,501307,26009,613925,553469,701620,0.788844,0.905754,0.714499,0,3,0,13.0384,0.75,15.0333,0.707107,1,0.901388,0,1,2,2,5,1.09499,1
4,0,0,3,82879,89511,11875,61815,118173,85089.7,1.38881,0.757456,1.05196,0,2,0,12,0.5,12,0.5,0,0,-1,3,1,1,5,0.939394,1
4,1,5,14,342512,373461,21446,268664,503877,383112,1.31522,0.741175,0.974811,0,2,0,1,0.25,1,0.25,0,0,-1,1,2,2,6,0.90625,1
4,1,0,30,215499,281819,18740,328676,281819,370866,0.759895,1,0.759895,0,1,0,3.16228,1.06066,4.47214,0.5,2.23607,0.790569,0,3,2,2,4,0.8125,0
4,0,0,4,97174,106017,10598,64618,139133,103806,1.34032,0.76198,1.0213,0,3,0,4.12311,0.353553,4.12311,0.353553,0,0,-1,3,2,2,2,0.64,0
4,1,2,23,791467,842313,39273,738733,856122,848673,1.00878,0.98387,0.992505,0,3,0,1,0.5,0,0.25,0,0.75,1,3,1,2,4,0.968,0
3,2,2,117,569825,676576,36116,614754,829843,945053,0.878091,0.815306,0.715913,1,2,-1,0,0,0,0,0,0,-1,2,0,2,2,2.07091,1
3,0,0,6,567329,572803,33813,480133,578176,571891,1.01099,0.990708,1.0016,0,1,0,3,0.5,3,0.5,0,0,-1,3,1,0,1,0.479167,0
3,1,0,11,527622,537658,33079,455965,537658,538755,0.997964,1,0.997964,0,1,0,3,0.25,2,0,0,0.25,0,1,2,2,2,0.958333,0
3,2,2,109,823059,922511,45516,919602,1.17216e+06,1.28551e+06,0.911821,0.78702,0.717621,1,3,0,3,0.25,3,0.25,0,0,-1,1,2,2,2,1.38228,1
3,1,1,50,482617,528237,50671,1727225,588929,1.02543e+06,0.574321,0.896946,0.515135,0,15,0,20.025,0.901388,20.0998,0.5,3.16228,0.75,1,3,2,2,3,1.81917,1
3,2,2,410,694304,1.06839e+06,35843,653187,1.08408e+06,1.76943e+06,0.612673,0.985523,0.603803,2,1,-1,0,0,0,0,0,0,-1,2,0,2,3,2.09167,1
3,2,2,309,1029898,1.31183e+06,43059,878249,1.3562e+06,1.36692e+06,0.992155,0.967282,0.959694,1,3,0,18.0278,0.901388,18.0278,0.75,1.41421,0.353553,0,3,2,2,3,2.21046,1
3,2,2,118,741577,849240,39726,711162,971299,1.14063e+06,0.851548,0.874334,0.744538,2,1,0,15.2971,0.790569,14.0357,0.5,1,1.06066,0,3,2,2,3,2.13231,1
3,1,0,14,587430,600204,35752,551980,600204,629939,0.952796,1,0.952796,0,3,-1,0,0,0,0,0,0,-1,2,0,2,3,1.65152,0
3,1,2,51,368224,414756,32224,522854,416665,864978,0.481706,0.99542,0.4795,0,2,0,2.23607,0.707107,2.82843,0.901388,3,0.25,1,3,1,2,2,1.2381,0
3,0,0,2,182042,183867,14723,94305,194850,183867,1.05974,0.943631,1,0,1,0,2.82843,0.901388,2.82843,0.901388,0,0,-1,3,2,2,2,0.666667,0
3,1,0,24,242709,264607,22281,230903,264607,316092,0.83712,1,0.83712,0,1,0,2.82843,0.353553,1.41421,0.75,0,0.559017,0,3,2,2,2,0.964912,0
3,1,0,17,550434,565945,32999,466719,565032,585352,0.965286,1.00161,0.966845,0,1,0,3,0.25,2,0.75,0,0.5,1,3,2,1,1,0.545455,0
3,2,2,232,542166,753843,39318,812716,1.0765e+06,1.06697e+06,1.00893,0.700275,0.70653,2,3,-1,0,0,0,0,0,0,-1,2,0,2,4,1.28245,1
3,0,0,4,643927,647577,35962,542920,654240,647577,1.01029,0.989815,1,0,2,0,3,0.25,3,0.25,0,0,-1,1,2,1,3,0.908706,0
3,2,0,119,708371,816947,50881,1161393,816947,949820,0.860107,1,0.860107,1,3,-1,0,0,0,0,0,0,-1,2,0,2,2,0.899038,1
3,2,2,209,720492,911184,36090,635798,1.22599e+06,1.49609e+06,0.819466,0.743222,0.609045,2,10,0,3,0.25,3,0.25,0,0,-1,1,2,2,5,1.57495,1
3,1,0,24,163579,185477,15233,129837,183652,187272,0.980667,1.00994,0.990411,0,2,0,21.095,0.5,21.095,0.790569,1,0.353553,1,3,1,2,6,1.65802,0
3,2,0,417,510204,890675,29753,526183,890675,1.2275e+06,0.725602,1,0.725602,2,1,1,56.0357,1.06066,59.2115,0.353553,7.28011,0.5,1,3,2,2,5,1.58872,1
3,2,2,821,1143838,1.89292e+06,49368,1083120,1.95166e+06,2.28955e+06,0.852419,0.969903,0.826764,2,11,-1,0,0,0,0,0,0,-1,2,0,2,6,2.05417,1
3,2,0,239,409426,627490,23813,312805,626577,736408,0.850856,1.00146,0.852095,2,7,0,19.2094,0.559017,22.0227,0.25,5,0.790569,0,3,2,2,6,1.66623,1
3,2,2,106,351525,448239,23097,294375,541014,553602,0.977261,0.828518,0.809678,1,3,-1,0,0,0,0,0,0,-1,2,0,2,4,1.24883,1
3,2,2,144,417608,548994,30403,399857,577945,587621,0.983533,0.949907,0.934264,1,18,0,1.41421,0.559017,1,0.75,1.41421,0.353553,1,3,2,2,3,1.0604,1
3,1,0,25,383939,406749,24280,295112,405837,487625,0.832273,1.00225,0.834144,0,1,0,3.60555,0.75,5.83095,0.790569,2.23607,0.901388,1,3,2,2,3,0.935897,0
3,1,2,9,494810,503022,27504,354212,600367,579617,1.0358,0.837856,0.867852,0,12,0,3.60555,0.75,3.60555,0.75,0,0,-1,3,2,2,2,0.68381,1
3,1,6,9,475266,483478,32154,435418,513806,526453,0.975977,0.940974,0.918369,0,1,0,2.82843,0.353553,2.82843,0.353553,0,0,-1,3,2,2,3,1.11408,0
3,2,2,398,621275,984410,33246,552250,1.04775e+06,1.28239e+06,0.81703,0.939549,0.76764,1,4,0,16.1245,0.559017,35.3553,0.353553,19.105,0.75,1,3,2,2,4,1.72957,1
3,2,6,168,874945,1.02823e+06,49934,1158624,1.06635e+06,1.0627e+06,1.00343,0.964249,0.96756,2,1,0,16,0.25,16,0.25,0,0,-1,1,2,2,4,1.54776,1
3,2,2,156,677529,819863,32996,565830,935543,1.03837e+06,0.900972,0.87635,0.789567,2,1,0,21.9545,1.06066,21.9545,1.06066,0,0,-1,3,2,2,5,1.51471,1
3,2,2,147,223574,357697,19824,175678,629217,823458,0.764115,0.56848,0.434384,1,2,1,65,0.559017,65.8635,0.5,2,0.75,0,1,2,2,6,1.61753,1
3,1,2,42,266082,304403,22198,251680,326994,340182,0.961232,0.930913,0.894823,0,3,0,21.2132,0.559017,21.2132,0.707107,1,0.25,1,3,2,2,4,1.4076,0
3,2,0,151,344354,482126,24771,283021,482126,579559,0.831885,1,0.831885,1,5,0,20.2237,0.901388,19.2354,0.5,1.41421,0.25,0,3,2,2,4,1.21928,1
3,1,0,20,311635,329883,51560,1829104,328971,1.21056e+06,0.271751,1.00277,0.272505,0,2,-1,0,0,0,0,0,0,-1,2,0,2,6,2.10537,1
3,2,0,53,231105,279462,24835,396199,277637,341303,0.813464,1.00657,0.818811,1,1,0,19.8494,0.25,22.6274,0.707107,4.12311,0.559017,1,3,2,2,6,1.65537,1
3,2,2,68,156920,218963,16402,118964,228807,338359,0.676224,0.956979,0.647133,1,8,-1,0,0,0,0,0,0,-1,2,0,2,6,1.68532,0
3,2,2,344,546718,860584,34271,596639,1.14065e+06,1.42309e+06,0.801527,0.75447,0.604729,1,3,0,1,0.75,3.60555,0.5,4.12311,0.559017,1,3,2,2,5,1.47026,1
3,2,0,175,257843,417513,20669,227309,416601,632406,0.658756,1.00219,0.660198,2,17,-1,0,0,0,0,0,0,-1,2,0,2,4,1.64288,1
3,2,0,458,823560,1.24144e+06,38563,781085,1.24053e+06,1.55015e+06,0.800262,1.00074,0.800851,2,4,0,0,0.901388,2.82843,0.790569,2.23607,0.75,1,3,2,2,5,1.32659,1
3,1,0,9,573537,581749,34177,513299,580836,594775,0.976565,1.00157,0.978099,0,5,0,3,0.25,3,0.25,0,0,1,1,2,2,4,1.42728,1
3,1,1,38,339576,374247,65857,3515279,442425,1.31704e+06,0.335924,0.845901,0.284158,0,10,0,19,0.559017,16.4924,0.353553,5.65685,0.25,1,1,2,2,4,1.70677,1
3,2,2,150,303721,440581,23289,298665,465154,516904,0.899885,0.947172,0.852346,1,1,0,20.025,0.353553,20.025,0.790569,1,0.5,0,3,2,2,6,1.79409,1
3,2,2,92,166729,250670,18413,143647,295252,435010,0.678724,0.849003,0.576239,1,1,0,32.45,0.5,46.6154,0.353553,16,1.06066,1,3,1,2,6,1.78839,1
3,2,1,177,408282,569777,24355,249505,600116,620367,0.967356,0.949445,0.918451,1,5,0,23.4307,0.5,35.3412,0.559017,17.2627,0.25,1,3,1,2,6,1.47299,1
3,2,1,277,511601,764336,31257,460207,948957,900435,1.05389,0.805448,0.848852,1,1,0,23.1948,0.790569,26.1725,0.25,2,0.25,0,3,2,2,4,1.47683,1
3,2,1,162,473101,620910,30948,438544,688663,953765,0.722047,0.901616,0.65101,1,1,0,17.2627,0.707107,13.3417,0.790569,4,0.790569,1,1,1,2,5,1.47694,1
3,2,2,79,97292,169372,12943,100115,285048,264813,1.07641,0.594187,0.639588,1,1,0,23.5372,0.707107,22.8035,0.790569,1.41421,1.06066,0,1,1,2,6,1.5116,1
3,1,1,28,88713,114260,17348,149850,120375,113533,1.06026,0.949204,1.00641,0,5,-1,0,0,0,0,0,0,-1,2,0,2,6,0.923077,1
3,2,2,743,1380447,2.05836e+06,45731,1114895,2.21305e+06,2.46467e+06,0.897909,0.9301,0.835146,2,4,-1,0,0,0,0,0,0,-1,2,0,2,4,1.54075,1
3,2,2,583,738178,1.27011e+06,38972,770088,1.32067e+06,1.68753e+06,0.782604,0.961714,0.752642,2,4,-1,0,0,0,0,0,0,-1,2,0,2,5,1.85872,1
3,1,0,55,117462,167644,20155,309781,165819,297577,0.55723,1.011,0.563363,0,10,0,16.7631,0.901388,33.2415,0.790569,16.4924,0.559017,0,3,2,2,6,1.76163,0
3,2,1,211,487493,680010,28898,430792,889087,1.09489e+06,0.812033,0.76484,0.621075,2,3,0,3.60555,0.707107,4.24264,0.75,2.23607,0.559017,1,1,1,2,5,1.55428,1
3,1,2,42,651426,689747,41639,857699,788738,949498,0.83069,0.874494,0.726434,0,2,0,3.16228,0.5,3.60555,0.75,1.41421,0.25,1,3,1,2,6,1.87002,1
3,1,1,28,231364,256911,26911,589443,302012,452349,0.667654,0.850664,0.56795,0,2,0,20,0.901388,22,0.75,1,0.353553,0,1,2,2,4,1.53485,1
3,0,0,4,64935,68584.6,11385,52773,101762,67672.2,1.50376,0.673968,1.01348,0,1,0,21,0.707107,21,0.707107,0,0,-1,3,1,1,5,1.21366,0
3,1,0,32,72301,101498,15599,203287,100585,136285,0.738053,1.00907,0.744748,0,6,0,26.4764,0.707107,33.541,0.559017,6.08276,0.75,1,3,1,0,3,0.774267,1
3,2,1,315,771529,1.05894e+06,34443,514989,1.12513e+06,1.40061e+06,0.803311,0.941171,0.756053,2,7,0,22.561,0.901388,24,0.5,5.09902,0.559017,1,3,2,2,6,1.5355,1
3,2,4,375,623314,965464,33551,525805,1.18769e+06,1.23015e+06,0.965486,0.812893,0.784837,2,12,-1,0,0,0,0,0,0,-1,2,0,2,6,1.57887,1
3,2,2,90,207860,289976,20943,278527,405500,423128,0.958339,0.715107,0.685315,1,8,0,22.8035,0.353553,22.561,0.25,0,0.25,0,3,2,2,6,1.64471,1
3,1,1,37,333527,367286,47789,2386029,778232,710175,1.09583,0.471949,0.517176,0,11,-1,0,0,0,0,0,0,-1,2,0,2,6,1.36359,1
3,2,0,74,85145,152663,15410,118166,151750,154290,0.983541,1.00601,0.989455,1,2,-1,0,0,0,0,0,0,-1,2,0,2,6,1.29292,1
3,2,6,424,934294,1.32115e+06,41465,865785,1.65984e+06,1.42119e+06,1.16792,0.795951,0.929609,2,2,-1,0,0,0,0,0,0,-1,2,0,2,6,1.83386,1
3,2,1,654,633317,1.23003e+06,34924,650520,1.2338e+06,1.48141e+06,0.832857,0.996942,0.83031,1,6,0,3.60555,0.25,5.38516,0.901388,3,0.353553,0,3,2,2,6,1.84253,1
3,2,1,416,440499,820058,31497,557883,867899,961251,0.902885,0.944876,0.853115,1,1,1,6.7082,1.06066,13,1.06066,6.32456,0,1,3,2,2,4,1.64286,1
3,2,2,437,754550,1.15327e+06,37204,746368,1.28371e+06,1.61794e+06,0.793423,0.898388,0.712802,2,1,0,5,0.901388,5.38516,0.790569,1.41421,0.25,1,3,2,2,5,1.49508,1
3,1,0,28,411589,437136,24756,389768,435311,483245,0.900809,1.00419,0.904585,0,3,0,2.23607,0.25,3.16228,0.353553,1,0.25,0,3,2,2,6,2.02424,1
3,2,2,374,1339043,1.68028e+06,47827,1064985,1.86817e+06,2.05231e+06,0.910279,0.899425,0.818727,2,2,0,22,0.559017,23,0.5,0,0.75,0,1,2,2,4,1.37395,1
3,2,2,200,618230,800710,33627,626915,915766,1.2175e+06,0.752167,0.874361,0.657666,2,4,0,21.587,0.559017,22.8473,0.5,5,0.75,1,3,2,2,4,1.29047,1
3,1,0,30,162575,189947,19019,242797,188122,369219,0.509514,1.0097,0.514456,0,1,0,25.318,0,26.3059,0.5,1,0.5,0,3,0,2,5,1.16266,0
3,1,1,47,174862,217745,19842,366994,220005,376670,0.584078,0.989728,0.578078,0,8,0,23.0868,1.06066,22.8473,0.5,3.60555,0.353553,1,3,2,2,5,1.48958,0
3,2,2,349,574247,892675,31472,467834,1.08987e+06,1.22773e+06,0.887712,0.819068,0.727096,2,8,0,26.4764,0.353553,27.4591,0.790569,1.41421,0.5,1,3,2,2,5,1.69559,1
3,1,1,53,220127,268484,22769,439901,327479,480312,0.681805,0.819852,0.558979,0,5,1,70.2567,0.790569,72.2496,0.901388,2,0.559017,0,3,2,2,6,1.79167,1
3,2,2,77,386820,457075,32424,624382,460613,1.05588e+06,0.436237,0.992318,0.432886,1,3,-1,0,0,0,0,0,0,-1,2,0,2,6,1.39583,1
3,2,5,27,261265,285900,24485,380437,372550,402689,0.925156,0.767413,0.709977,1,1,-1,0,0,0,0,0,0,-1,2,0,2,6,1.64971,1
3,2,4,438,502826,902457,23800,440882,923800,982125,0.940614,0.976897,0.918883,2,1,0,5.09902,0.901388,5.09902,0.901388,0,0,-1,3,2,2,6,1.75919,1
3,2,0,118,390026,497689,23097,363443,495864,718725,0.689923,1.00368,0.692462,2,3,0,4.47214,0.707107,3.16228,0.901388,1,0.75,1,3,1,2,6,1.83694,1
3,2,2,167,317560,469931,27491,345665,565394,838628,0.67419,0.831156,0.560357,1,3,-1,0,0,0,0,0,0,-1,2,0,2,6,1.60979,1
3,2,1,82,161801,236618,20606,190576,249817,366799,0.681074,0.947163,0.645088,2,1,0,3.16228,0.901388,5.83095,0.5,3,0.25,1,3,2,2,6,1.59347,1
3,1,2,49,594622,639330,36582,1013924,669694,967773,0.691995,0.95466,0.660619,0,2,-1,0,0,0,0,0,0,-1,2,0,2,6,1.84964,1
3,1,2,24,1099667,1.12156e+06,51713,1161681,1.23681e+06,1.26604e+06,0.976912,0.906818,0.885882,0,1,-1,0,0,0,0,0,0,-1,2,0,2,4,1.86245,1
3,2,2,335,1172754,1.47841e+06,47041,1082897,1.75235e+06,1.82529e+06,0.960043,0.84367,0.809959,2,1,0,3,0.25,3,0.25,0,0,0,3,2,2,6,1.52706,1
3,1,2,60,86896,141640,15777,378251,164552,250541,0.656787,0.860761,0.565337,0,11,0,23.7065,0.75,23.7065,0.75,0,0,-1,3,2,2,4,1.25169,1
3,1,0,34,86774,117796,11893,150219,116883,178743,0.653917,1.00781,0.659022,0,1,0,26.2488,0.790569,27.7308,0.707107,4,0.790569,1,3,2,2,3,1.02266,0
3,2,1,222,191893,394446,20091,218355,432494,472543,0.915248,0.912026,0.83473,1,1,0,23.7697,0.901388,24.3516,0.901388,2,0,1,3,2,2,4,1.10194,1
3,2,1,38,296792,331463,29875,407459,330409,338998,0.974664,1.00319,0.977773,1,5,0,23.5372,0.559017,23.5372,0.559017,0,0,-1,1,2,2,6,1.6981,1
3,2,0,32,313995,343192,28216,432746,399260,341367,1.16959,0.85957,1.00535,1,1,-1,0,0,0,0,0,0,-1,2,0,2,6,1.56125,1
3,2,0,48,186480,230275,20979,250959,227538,257209,0.884644,1.01203,0.895286,1,1,0,21.0238,0.353553,20.2237,0.707107,4.12311,1.06066,1,3,2,2,6,1.42737,1
3,3,0,96,444876,532466,27511,494437,615416,632305,0.97329,0.865213,0.842104,2,1,-1,0,0,0,0,0,0,-1,0,0,1,5,1.21382,1
3,2,1,126,571015,685977,30056,651514,736088,744365,0.988882,0.931923,0.921561,2,1,0,0,0,0,0,0,0,-1,3,0,2,6,1.68134,1
3,1,2,62,195758,252327,18375,391155,303791,410002,0.74095,0.830592,0.615428,0,3,-1,0,0,0,0,0,0,-1,2,0,2,6,1.60543,1
3,0,0,6,90468,95942.4,10433,61329,105967,93205.2,1.13692,0.905397,1.02937,0,2,0,5.09902,0.353553,5.09902,0.353553,0,0,-1,1,2,2,6,1.37179,0
3,2,0,41,674540,711948,42887,911109,711036,775994,0.916291,1.00128,0.917467,1,1,1,8.06226,0.901388,8.06226,0.353553,0,0.559017,1,3,2,2,5,1.5498,1
4,2,0,60,857352,989993,44077,854433,1.082e+06,987782,1.09539,0.914962,1.00224,1,3,0,2,0.25,2,0.25,0,0,-1,3,2,2,2,1.69875,1
4,0,0,2,604201,608622,33974,482960,629285,606412,1.03772,0.967165,1.00365,0,1,0,2,0.25,2,0.25,0,0,-1,1,2,0,1,0.333333,0
4,0,0,0,571550,571550,33202,459528,596244,571550,1.04321,0.958584,1,0,1,0,2,0.25,2,0.25,0,0,-1,1,2,1,1,0.333333,0
4,2,2,99,852463,1.07132e+06,50097,1150081,1.18093e+06,1.16421e+06,1.01436,0.907183,0.920213,1,2,0,2,0.5,2,0.75,1,0.25,0,1,1,2,2,1.04327,1
4,1,0,31,350974,419505,54731,2049697,419505,1.35113e+06,0.310485,1,0.310485,0,17,0,10,0.559017,10.4403,0.75,3.16228,0.353553,1,3,2,2,3,1.70395,0
4,2,2,252,875184,1.43227e+06,46915,1177335,2.14235e+06,2.68034e+06,0.799284,0.668552,0.534363,2,2,0,10.0499,0.559017,10.0499,0.75,1,0.790569,0,3,2,2,2,1.23077,1
4,1,2,45,930945,1.03043e+06,38137,814643,1.06469e+06,1.15151e+06,0.924603,0.967819,0.894848,0,3,0,10,0.707107,10.6301,0.25,1.41421,0.901388,0,3,1,2,3,1.91686,1
4,1,2,30,838199,904519,40710,819062,1.07061e+06,1.08521e+06,0.98655,0.844861,0.833497,0,1,0,8.24621,0.75,8.24621,0.901388,0,0.5,0,3,2,2,3,2.07139,1
4,0,0,2,617186,621607,34679,509963,636379,619397,1.02742,0.976787,1.00357,0,1,0,2,0.25,2,0.25,0,0,-1,3,2,1,2,0.666667,0
4,0,0,5,367345,378398,21865,232779,406780,376188,1.08132,0.930229,1.00588,0,1,0,2,0.25,2,0.25,0,0,-1,3,2,1,1,0.619048,0
4,0,0,1,214488,216699,14984,98434,234034,216699,1.08,0.925929,1,0,3,0,2,0.25,2,0.25,0,0,-1,3,2,1,1,0.333333,0
4,0,0,4,309675,318518,20009,177011,345980,318518,1.08622,0.920626,1,0,3,0,2,0.25,2,0.25,0,0,-1,3,2,1,1,0.333333,0
4,0,0,5,573500,584553,31395,424355,610052,582343,1.04758,0.958202,1.0038,0,1,0,2,0.25,2,0.25,0,0,-1,3,2,0,0,0,0
4,1,2,31,808294,876825,50532,1056506,1.10563e+06,1.15689e+06,0.955687,0.793055,0.757913,0,7,-1,0,0,0,0,0,0,-1,2,0,2,4,1.28,1
4,0,0,5,670015,681068,35958,539842,704003,681068,1.03367,0.967422,1,0,1,0,2,0.5,2,0.5,0,0,-1,3,1,0,2,0.479167,0
4,2,0,130,797107,1.0845e+06,52513,1213079,1.08228e+06,1.09428e+06,0.989038,1.00204,0.991059,1,1,-1,0,0,0,0,0,0,-1,2,0,2,2,0.785467,1
4,1,2,14,957516,988465,35044,579754,1.19019e+06,1.14401e+06,1.04037,0.830513,0.864038,0,2,0,2,0.25,2,0.25,0,0,-1,1,2,2,5,1.27116,1
4,1,0,17,252318,289900,17890,196272,289900,296851,0.976581,1,0.976581,0,1,0,10.0499,0.353553,10.0499,0.353553,0,0,1,3,2,1,3,1.10808,0
4,2,2,118,441099,701959,31822,688286,745004,730621,1.01969,0.942222,0.96077,1,1,0,10.0499,0.353553,10.0499,0.353553,0,0,-1,3,2,2,4,1.25037,1
4,2,0,240,1952973,2.48354e+06,63104,1929562,2.58765e+06,2.48133e+06,1.04285,0.959765,1.00089,2,5,0,8.06226,0.790569,8.06226,0.790569,0,0,-1,3,2,2,6,1.79258,1
4,2,0,61,249597,384448,21424,260396,380027,413791,0.918404,1.01163,0.929089,2,2,0,8.60233,0.901388,9.43398,0.790569,1,0.75,0,3,2,2,6,1.39927,1
4,1,7,12,506783,533311,27863,428563,765425,644386,1.18784,0.696751,0.827627,0,1,-1,0,0,0,0,0,0,-1,2,0,2,4,1.00286,0
4,0,0,1,553492,555703,26348,320208,565651,555703,1.0179,0.982413,1,0,1,0,2,0.25,2,0.25,0,0,-1,3,2,2,2,0.649123,1
4,1,0,24,478425,531481,23757,261415,531481,541275,0.981906,1,0.981906,0,1,0,2.23607,0.25,2.82843,0.25,1,0,0,3,2,1,2,0.645833,1
4,0,0,1,491933,494144,25065,275831,535242,494144,1.08317,0.923216,1,0,1,0,2,0.25,2,0.25,0,0,-1,3,2,2,3,0.861705,1
4,0,0,3,492586,499218,30492,394068,517488,497007,1.04121,0.964695,1.00445,0,1,0,2,0.25,2,0.25,0,0,-1,3,2,1,2,0.527273,0
4,2,1,85,895569,1.08348e+06,40853,819599,1.40715e+06,1.28956e+06,1.09119,0.769978,0.840192,1,3,0,2,0.5,2,0.5,0,0,-1,3,1,2,4,1.53559,1
4,2,2,109,1179783,1.42075e+06,48059,1112437,1.75851e+06,1.50135e+06,1.17128,0.807926,0.94631,1,3,0,8,0,8,0,0,0,-1,3,0,2,4,1.56211,1
4,0,0,3,449300,455932,23158,341630,467456,451511,1.03532,0.975347,1.00979,0,5,0,11.6619,0.353553,11.6619,0.353553,0,0,-1,3,2,2,5,1.49282,1
4,2,2,65,336688,480382,26236,344290,733372,1.28233e+06,0.571905,0.655032,0.374616,1,6,1,53.8516,0.559017,53.8516,0.707107,1,0.25,0,1,2,2,6,1.34983,1
4,0,0,4,288161,297004,19282,178516,333091,294793,1.12991,0.89166,1.0075,0,1,0,10.0499,0.353553,10.0499,0.353553,0,0,-1,3,2,1,3,1.081,0
4,0,0,1,226920,229131,15427,108695,247809,229131,1.08152,0.924628,1,0,1,0,10.0499,0.353553,10.0499,0.353553,0,0,-1,3,2,2,4,1.16625,0
4,2,6,236,606172,1.12789e+06,33966,662914,1.47507e+06,1.39885e+06,1.05449,0.764636,0.8063,2,10,0,10.0499,0.353553,10.0499,0.353553,0,0,-1,3,2,2,5,1.34665,1
4,1,0,41,202886,293524,18715,278255,289102,390151,0.741001,1.01529,0.752334,0,3,0,11.4018,0.707107,14.8661,0.901388,4.24264,0.25,0,3,1,2,6,1.18052,0
4,0,0,1,267180,269391,17276,162948,292676,269391,1.08644,0.920441,1,0,1,0,11.4018,0.707107,11.4018,0.707107,0,0,-1,3,1,1,2,0.71875,0
4,2,2,150,665176,996778,41914,930866,1.41587e+06,1.60964e+06,0.879615,0.704006,0.619254,1,1,0,1,0.25,6.08276,0.559017,5.09902,0.353553,1,1,2,2,4,1.27659,1
4,1,6,11,271676,295993,19326,213040,332694,345836,0.961998,0.889687,0.855877,0,4,0,6.08276,0.25,6.08276,0.25,0,0,-1,1,2,2,6,1.48397,1
4,1,0,38,949066,1.03307e+06,48844,1809154,1.02865e+06,1.67518e+06,0.614053,1.0043,0.616692,0,17,0,1,0.790569,7,0.901388,6.08276,0.559017,0,3,2,2,6,1.30706,1
4,0,0,4,541180,550023,32604,443382,581220,547812,1.06098,0.946325,1.00404,0,2,0,2,0.25,2,0.25,0,0,-1,3,2,2,4,1.12308,0
4,1,2,42,319302,412150,37512,1111176,429699,822051,0.522716,0.959161,0.501368,0,4,0,9.05539,0.790569,8.544,0.901388,1.41421,0.901388,1,1,2,2,4,1.55451,0
4,2,2,52,282412,397367,24657,298203,446146,465886,0.95763,0.890665,0.852928,1,1,0,9.05539,0,9.05539,0,0,0,-1,3,0,2,5,1.63352,1
4,1,5,15,269480,302640,21464,224432,327195,341289,0.958703,0.924954,0.886756,0,2,0,10.8167,0.5,10.8167,0.5,0,0,-1,3,1,2,6,1.57979,1
4,2,4,71,371441,528399,24813,267347,576382,590525,0.97605,0.916751,0.894795,1,3,-1,0,0,0,0,0,0,-1,2,0,2,6,1.34137,1
4,0,0,2,683700,688121,27828,531498,728690,688121,1.05896,0.944327,1,0,2,0,10.0499,0.353553,10.0499,0.353553,0,0,-1,3,2,2,4,1.14857,1
4,1,1,59,275195,405625,25621,455793,437350,582885,0.750319,0.927461,0.695892,0,3,0,8.06226,0.707107,6.08276,1.06066,2.23607,0.790569,0,3,1,2,3,1.03783,0
4,2,2,40,215196,303623,23381,321017,401753,424994,0.945314,0.755746,0.714417,1,4,0,11.1803,0.901388,12.1655,0.5,1.41421,0.25,0,1,2,2,4,0.66266,1
4,0,0,3,118530,125162,11921,77249,142861,122951,1.16193,0.876111,1.01798,0,5,0,11.4018,0.707107,11.4018,0.707107,0,0,-1,3,1,2,4,0.739583,0
4,2,2,276,2034343,2.64449e+06,59408,1854220,2.76714e+06,2.85516e+06,0.969171,0.955677,0.926215,2,5,0,10,0.5,9.84886,0.707107,2.23607,0.5,0,3,1,2,2,1.062,1
4,1,7,14,1069985,1.10093e+06,45756,1465332,1.65954e+06,1.72274e+06,0.963316,0.663397,0.639061,0,1,0,2,0.25,2,0.25,0,0,-1,3,2,2,5,1.61318,1
4,1,0,39,131820,218036,14919,171713,213615,361984,0.590123,1.0207,0.602338,0,4,0,8.24621,0.25,9.48683,0.75,2.23607,0.5,0,3,2,1,5,1.29436,1
4,2,0,132,451262,743072,37140,739800,738650,1.0652e+06,0.693441,1.00599,0.697591,1,3,0,3.16228,0.707107,4.12311,0.75,2.23607,0.559017,1,3,1,2,6,1.33516,1
4,1,2,23,584347,635193,32971,546573,641671,733709,0.874558,0.989903,0.865728,0,1,0,2,0.75,3,0.25,1,0.5,1,3,2,2,4,1.40444,1
4,1,6,11,183788,208105,16612,152208,234633,248563,0.943957,0.886941,0.837234,0,1,0,9.05539,0.790569,9.05539,0.790569,0,0,-1,1,2,2,2,0.859375,0
4,0,0,4,149829,158672,13515,84587,194518,158672,1.22591,0.815719,1,0,1,0,10,0.790569,10,0.790569,0,0,-1,3,2,1,3,0.810556,0
4,0,0,3,45284,51916,7963,28125,91402.3,49705.4,1.83888,0.567995,1.04448,0,1,0,10,0.790569,10,0.790569,0,0,-1,3,2,1,4,0.977223,0
4,1,0,28,715099,776998,33734,638654,774787,922065,0.840274,1.00285,0.842672,0,3,0,11.0454,0.5,12.1655,1.06066,1.41421,0.790569,1,3,1,2,5,1.51555,0
4,0,0,2,727467,731888,28337,568107,782557,729678,1.07247,0.935253,1.00303,0,1,0,11.0454,0.5,11.0454,0.5,0,0,-1,3,1,2,5,1.3028,1
4,1,0,22,185858,234493,16529,207199,234493,247144,0.948812,1,0.948812,0,1,0,11.1803,1.06066,11.1803,0.75,1,0.25,1,3,2,2,4,1.28454,1
4,1,0,30,309857,376177,30989,777031,371756,887030,0.419102,1.01189,0.424086,0,5,0,11,0.75,12.0416,0,1,0.25,0,3,2,2,5,0.871162,0
4,1,7,9,125896,145792,11103,72927,196252,201973,0.971671,0.742884,0.721838,0,1,0,11,0.75,11,0.75,0,0,-1,3,2,2,3,0.833333,0
4,2,2,167,1107413,1.4766e+06,49547,1129817,1.49964e+06,1.49963e+06,1,0.984636,0.984637,1,2,-1,0,0,0,0,0,0,-1,2,0,2,4,1.34948,1
4,2,1,186,875526,1.28671e+06,44913,1101623,1.35355e+06,1.52127e+06,0.889751,0.950619,0.845814,1,6,0,2.23607,0.559017,1.41421,0,1,0.559017,0,3,2,2,6,1.80606,1
4,1,2,61,619584,754435,36649,861511,1.11907e+06,1.05086e+06,1.0649,0.674165,0.717919,0,1,1,5.83095,0.901388,5.83095,0.559017,1,0.5,0,3,2,2,6,1.53509,1
4,2,0,166,807363,1.17434e+06,48518,1311428,1.17212e+06,1.44503e+06,0.811141,1.00189,0.812671,2,1,0,3.16228,0.901388,3.60555,0.5,1.41421,0.901388,1,3,2,2,6,1.50588,1
4,1,7,12,350950,377478,22158,263990,373159,377828,0.987643,1.01157,0.999075,0,1,0,2,0.25,2,0.25,0,0,-1,3,2,2,6,1.45659,1
4,2,2,68,1420874,1.5712e+06,55168,1421092,1.63885e+06,1.70765e+06,0.959711,0.958724,0.920097,1,2,0,10.0499,0.901388,12.0416,0.353553,1.41421,0.559017,0,1,2,2,2,0.958791,1
4,1,0,31,1193592,1.26212e+06,56683,1892545,1.26212e+06,1.8972e+06,0.665257,1,0.665257,0,2,0,10.0499,0.790569,9.21954,1.06066,1.41421,0.5,0,3,2,2,3,0.903459,0
4,0,0,4,181650,190493,13705,108895,222151,190493,1.16619,0.857491,1,0,1,0,11.0454,0.5,11.0454,0.5,0,0,-1,3,1,1,1,0.25641,0
4,0,0,2,194453,198874,13189,116211,220142,198874,1.10694,0.903392,1,0,1,0,11.0454,0.5,11.0454,0.5,0,0,-1,3,1,1,1,0.479167,0
4,1,1,45,453648,553129,29795,663231,592747,802475,0.738649,0.933161,0.689278,0,6,0,13.1529,0.5,13.1529,0.559017,0,0.559017,1,3,1,2,4,1.11919,1
4,1,2,21,233599,280023,19362,234426,307683,303204,1.01477,0.910103,0.923547,0,1,0,11.0454,0.5,11.0454,0.5,0,0,-1,3,1,2,6,1.03504,1
4,1,0,23,189588,240434,15027,176337,238223,243219,0.979458,1.00928,0.988548,0,1,0,11.0454,0.559017,10.0499,0.75,1.41421,0.707107,1,3,2,2,4,0.739583,0
4,1,2,37,422004,503799,38653,1510761,649503,1.53343e+06,0.423561,0.775669,0.328543,0,13,0,11.0454,0.25,10.4403,0.75,1.41421,0.790569,0,3,2,2,2,0.84,1
4,1,1,66,296045,441950,21917,372579,497781,755320,0.659034,0.887839,0.585116,0,1,0,5.09902,0.559017,9.84886,0.707107,5.83095,0.25,1,3,2,2,5,1.43868,1
4,0,0,2,334761,339182,18640,212716,349846,334761,1.04506,0.969519,1.01321,0,1,0,3.16228,0.353553,3.16228,0.353553,0,0,-1,3,2,2,6,1.86483,0
4,1,2,41,319262,409900,28711,834393,428912,648401,0.661492,0.955673,0.63217,0,5,0,8,0.707107,8.24621,0.707107,2,0,1,3,1,2,5,1.27923,1
4,0,0,5,216317,227370,17544,166502,229779,222949,1.03063,0.989519,1.01983,0,5,0,2,0.25,2,0.25,0,0,-1,3,2,2,6,1.32055,0
4,1,0,22,553585,602220,33777,717097,600009,782595,0.766692,1.00368,0.769517,0,1,0,2,0.25,2,0.5,0,0.25,1,3,2,2,5,1.24324,0
4,1,2,26,1055890,1.11337e+06,48049,1001927,1.1238e+06,1.19244e+06,0.942441,0.990713,0.933688,0,1,-1,0,0,0,0,0,0,-1,2,0,2,4,1.30256,0
4,2,0,168,1673784,2.04518e+06,62271,1668983,2.04297e+06,2.29104e+06,0.891722,1.00108,0.892687,1,5,1,7.07107,0.790569,6.08276,0.5,1,0.790569,0,3,2,2,3,1.0964,1
4,1,2,19,138643,180646,15959,178465,215320,225479,0.954947,0.838964,0.801166,0,5,0,11.6619,0.559017,11.6619,0.559017,0,0,-1,3,2,2,3,0.877451,0
4,0,0,5,137598,148651,10428,78310,175884,146441,1.20106,0.845165,1.0151,0,2,0,10.7703,0.707107,10.7703,0.707107,0,0,-1,3,1,1,1,0.40625,0
4,0,0,5,307140,318193,17147,248703,380749,315983,1.20497,0.835704,1.007,0,3,0,13.1529,0.901388,13.1529,0.901388,0,0,-1,3,2,2,4,0.75641,1
4,0,0,4,264483,273326,19300,168362,307356,268904,1.14299,0.889282,1.01644,0,1,0,11.1803,0.75,11.1803,0.75,0,0,-1,3,2,2,6,1.11404,0
4,1,2,34,295161,370324,21634,314566,384457,448746,0.856735,0.963239,0.825241,0,11,0,11.1803,0.75,11.1803,0.75,0,0,-1,3,2,2,3,0.782051,0
4,1,2,9,206427,226323,21507,321807,278582,361825,0.769936,0.812411,0.625504,0,2,0,10.0499,0.559017,10.0499,0.559017,0,0,-1,3,2,2,4,0.898019,0
4,1,0,38,338841,422847,23017,400587,420636,500217,0.840907,1.00526,0.845327,0,2,0,7.28011,0.901388,7.07107,0.559017,4.24264,0.5,0,3,2,1,4,0.734848,1
4,1,2,9,627073,646969,26500,503128,689153,861369,0.800067,0.938789,0.751094,0,1,0,2,0.25,2,0.25,0,0,-1,3,2,2,4,1.1411,1
4,1,0,24,172795,225851,16537,246939,223641,281376,0.794811,1.00988,0.802668,0,1,0,2.23607,0.75,5,0.559017,2.82843,0.790569,1,1,2,2,5,0.739583,1
4,0,0,3,74915,81547,10396,56140,108658,81547,1.33246,0.750489,1,0,7,0,2,0.25,2,0.25,0,0,-1,3,2,1,3,0.5,0
4,1,0,23,706137,756983,37203,685175,756983,760784,0.995004,1,0.995004,0,2,0,2,0.5,2,0.75,1,0.25,0,3,1,2,2,0.723077,0
4,1,2,30,512127,578447,33776,588736,897974,1.28079e+06,0.701109,0.644169,0.451633,0,5,-1,0,0,0,0,0,0,-1,2,0,2,2,1.80966,0
4,0,0,2,583639,588060,33786,472124,606396,588060,1.03118,0.969762,1,0,1,1,4,0.5,4,0.5,0,0,-1,1,1,0,0,0,0
4,0,0,1,554395,556606,32735,444393,581407,554395,1.04872,0.957342,1.00399,0,1,1,4,0.5,4,0.5,0,0,-1,1,1,1,1,0.625,0
4,2,2,111,726805,972190,47791,1005985,1.03183e+06,2.13303e+06,0.483738,0.942204,0.45578,2,1,1,4,0.559017,4,0.707107,0,0.25,0,1,2,2,2,1.29735,1
4,2,0,273,847598,1.45111e+06,46851,1019915,1.45111e+06,1.56944e+06,0.924607,1,0.924607,1,5,0,11.4018,0.559017,12.3693,0.25,0,0.790569,0,3,2,2,3,2.09658,1
4,1,1,28,410281,472180,25846,534936,543677,1.26438e+06,0.429994,0.868494,0.373447,0,6,-1,0,0,0,0,0,0,-1,2,0,2,3,2.03077,0
4,1,0,23,926152,976998,44533,1166649,976998,1.37272e+06,0.711722,1,0.711722,0,2,0,8.94427,0.901388,9.43398,1.06066,2,0.25,1,3,2,2,2,1.43665,0
4,1,1,39,760643,846859,41075,859199,869574,1.20625e+06,0.720889,0.973878,0.702058,0,11,0,8.94427,0.901388,8.94427,0.901388,0,0,-1,3,2,2,2,1.42485,1
4,0,0,2,594666,599087,33973,500751,616773,596877,1.03333,0.971326,1.0037,0,1,0,1,0,1,0,0,0,-1,1,0,1,2,1,0
4,1,6,10,505350,527457,25561,361483,568463,546792,1.03963,0.927865,0.964639,0,1,0,1,0,1,0,0,0,-1,1,0,1,1,0.619048,1
4,1,0,14,210796,241745,16227,114159,241745,254870,0.948506,1,0.948506,0,2,-1,0,0,0,0,0,0,-1,2,0,1,2,0.666667,0
4,0,0,6,271354,284618,18218,143208,310567,284618,1.09117,0.916447,1,0,2,0,3.16228,0.901388,3.16228,0.901388,0,0,-1,3,2,1,1,0.631579,0
4,0,0,4,567272,576115,31093,415251,587735,573904,1.0241,0.980229,1.00385,0,2,0,2,0.25,2,0.25,0,0,-1,3,2,1,1,0.545455,0
4,1,7,11,644566,668883,32298,577120,932704,896815,1.04002,0.717145,0.745843,0,1,0,12.2066,0.75,12.2066,0.75,0,0,-1,3,2,2,2,0.953077,1
4,0,0,2,685532,689953,36278,549546,707863,687743,1.02926,0.974699,1.00321,0,3,1,4,0.5,4,0.5,0,0,-1,1,1,1,2,0.622456,0
4,1,0,15,761131,794291,40320,682198,792080,818295,0.967964,1.00279,0.970666,0,1,-1,0,0,0,0,0,0,-1,2,0,2,2,0.992072,0
4,2,1,106,919113,1.15344e+06,43891,935015,1.21721e+06,1.73017e+06,0.703521,0.947613,0.666665,1,4,0,11.7047,0.353553,11.7047,0.353553,0,0,-1,3,2,2,4,1.34618,1
4,0,0,2,182517,186938,13021,83843,183522,182517,1.00551,1.01861,1.02422,0,1,0,11.7047,0.559017,11.7047,0.559017,0,0,-1,3,2,1,5,1.23085,0
4,2,4,160,859747,1.21346e+06,41950,972822,1.76579e+06,1.72875e+06,1.02142,0.687204,0.701926,1,2,-1,0,0,0,0,0,0,-1,2,0,2,3,1.10294,1
4,2,2,103,1099819,1.32752e+06,59231,1764585,1.34876e+06,1.55071e+06,0.869769,0.984253,0.856073,1,9,0,8.94427,0.901388,8.94427,0.901388,0,0,-1,3,2,2,3,1.25605,1
4,2,1,89,635414,832164,34690,680648,884312,887669,0.996218,0.941031,0.937471,2,2,0,8.544,0.901388,9.21954,0.790569,1,0.901388,0,3,2,2,5,1.15385,1
4,1,1,37,270196,351991,22317,313405,368532,391488,0.94136,0.955118,0.89911,0,2,0,1.41421,0.75,2.23607,0.5,1,0.75,1,3,2,2,4,1.31971,0
4,1,0,19,439929,481932,24961,285989,479721,518696,0.924861,1.00461,0.929123,0,3,0,2.23607,0.5,2.23607,0.559017,0,0.75,0,3,1,2,4,0.884615,0
4,0,0,5,324950,336003,18006,149012,352359,333793,1.05562,0.953583,1.00662,0,1,0,3.16228,0.901388,3.16228,0.901388,0,0,-1,3,2,1,2,0.435897,0
4,0,0,1,394291,396502,21923,215277,430726,396502,1.08632,0.920542,1,0,1,0,3.16228,0.901388,3.16228,0.901388,0,0,-1,3,2,2,2,0.652597,0
4,0,0,3,549921,556553,32178,437650,569966,554342,1.02818,0.976467,1.00399,0,1,0,2,0.25,2,0.25,0,0,-1,3,2,1,1,0.432258,1
4,2,1,176,957470,1.34655e+06,38833,718559,1.63779e+06,1.55128e+06,1.05577,0.822173,0.868025,2,1,0,13.6015,0.559017,25,0.901388,12.8062,0.353553,0,3,2,2,4,1.56641,1
4,2,0,32,796799,867541,55643,1420771,884951,865330,1.02267,0.980326,1.00255,1,1,-1,0,0,0,0,0,0,-1,2,0,2,4,1.23924,0
4,2,2,99,987946,1.2068e+06,43971,900105,1.43567e+06,1.4225e+06,1.00926,0.840587,0.84837,1,1,0,14.2127,0.707107,14.2127,0.707107,0,0,-1,3,1,2,2,1.04368,1
4,2,1,43,285955,381014,33144,535110,385881,381275,1.01208,0.987389,0.999315,1,2,0,11.7047,0.353553,11.7047,0.25,1,0.25,1,1,2,2,5,1.1735,1
4,0,0,5,244872,255925,18045,160391,293830,255925,1.14811,0.870998,1,0,3,0,11.7047,0.559017,11.7047,0.559017,0,0,-1,3,2,1,3,1.12202,0
4,2,0,206,755872,1.21127e+06,33193,570043,1.2596e+06,1.20906e+06,1.0418,0.961636,1.00183,1,3,0,11.7047,0.559017,11.7047,0.559017,0,0,-1,3,2,2,4,1.34699,1
4,1,0,17,408006,445588,27637,538405,443377,708529,0.625771,1.00499,0.628891,0,2,-1,0,0,0,0,0,0,-1,2,0,2,6,1.85962,1
4,1,0,29,218437,282547,19062,249862,278125,308542,0.901417,1.0159,0.915747,0,1,0,8.06226,0.75,9.43398,0.353553,1.41421,0.559017,0,3,2,2,6,1.38278,1
4,0,0,6,154512,167776,13417,85341,200805,165565,1.21284,0.835519,1.01335,0,1,0,8.94427,0.353553,8.94427,0.353553,0,0,-1,3,2,1,3,0.675481,1
4,2,2,209,790355,1.25239e+06,42163,918329,1.3099e+06,1.37103e+06,0.955413,0.956094,0.913465,1,10,0,2,0.790569,2.23607,0.5,0,0.790569,1,3,2,2,3,0.934766,1
4,2,4,41,513499,604137,27788,400178,746318,781319,0.955202,0.80949,0.773227,2,2,0,3.16228,0.901388,3.16228,0.901388,0,0,-1,3,2,2,3,0.958625,1
4,2,2,89,669110,865860,48536,1221140,910693,920041,0.98984,0.950771,0.941111,2,5,0,3,0.5,4.12311,0.559017,1.41421,0.25,1,3,1,2,3,1.20927,0
4,0,0,4,592583,601426,33798,477522,605086,599215,1.0098,0.993951,1.00369,0,9,0,2,0.25,2,0.25,0,0,-1,3,2,2,4,0.914835,0
4,1,0,24,300005,353061,59130,3181810,350851,1.66134e+06,0.211185,1.0063,0.212516,0,7,0,12.3693,0,15.2315,0,3.60555,0,1,1,0,2,4,1.18956,0
4,2,2,96,706096,918321,33590,589340,930741,985789,0.944159,0.986655,0.93156,1,1,-1,0,0,0,0,0,0,-1,2,0,2,3,1.28059,1
4,1,2,56,283718,407516,25129,323981,746849,666821,1.12001,0.545647,0.611132,0,3,0,15.8114,0.790569,21.5407,0.5,8,0.790569,1,3,2,2,5,1.37034,1
4,0,0,5,391739,402792,20479,189409,436485,400582,1.08963,0.922809,1.00552,0,2,0,11.7047,0.559017,11.7047,0.559017,0,0,-1,3,2,2,6,1.15597,0
4,1,0,31,334859,403390,22893,357159,403390,510630,0.789984,1,0.789984,0,2,0,9.84886,0.353553,8.06226,0.25,3,0.25,0,3,2,2,3,1.16991,1
4,2,2,110,817563,1.06074e+06,41993,848393,1.07141e+06,1.23086e+06,0.870452,0.99004,0.861783,1,11,0,8.94427,0.559017,8.94427,0.353553,1,0.25,0,3,2,2,5,1.2549,1
4,0,0,2,80776,85197.4,9672,58680,105093,82986.7,1.26639,0.810682,1.02664,0,4,-1,0,0,0,0,0,0,-1,2,0,2,6,1.45491,0
4,0,0,6,72160,85424.1,11041,51509,112157,83213.4,1.34782,0.76165,1.02657,0,4,0,8,0.25,8,0.25,0,0,-1,3,2,2,5,0.833333,0
4,2,7,140,1585580,1.89507e+06,48908,1421404,1.92074e+06,2.27792e+06,0.843199,0.98664,0.831934,1,1,0,8.94427,0.790569,8.94427,0.790569,0,0,-1,1,2,2,5,1.33364,1
4,2,7,127,928335,1.20909e+06,44284,1006884,1.30242e+06,1.54359e+06,0.843759,0.928344,0.783298,1,13,0,1.41421,0.75,1.41421,0.75,0,0,-1,3,2,2,6,1.89358,1
4,0,0,3,108081,114713,12126,85532,149219,112502,1.32637,0.768755,1.01965,0,1,0,12.3693,0.790569,12.3693,0.790569,0,0,-1,3,2,1,5,1.16739,0
4,2,2,79,567200,741844,36578,738918,823519,1.25132e+06,0.658123,0.900822,0.592851,2,3,0,3.60555,0.353553,2.82843,0.75,1,0.901388,1,1,2,2,3,1.02237,1
4,1,2,40,684927,773354,38365,792301,946584,1.07473e+06,0.880761,0.816995,0.719577,0,1,0,2.23607,1.06066,4.12311,0.559017,2,0.901388,1,3,2,2,3,1.31462,1
4,0,0,3,260020,266652,14964,123060,282127,266652,1.05803,0.94515,1,0,2,0,12.3693,0,12.3693,0,0,0,-1,1,0,2,2,1.16191,0
4,0,0,3,39135,45767,8973,33933,70816.2,43556.4,1.62585,0.646279,1.05075,0,1,0,11.1803,0.790569,11.1803,0.790569,0,0,-1,3,2,0,2,0.435897,0
4,0,0,3,145662,152294,12347,86643,188233,150083,1.25419,0.809074,1.01473,0,1,0,11.7047,0.559017,11.7047,0.559017,0,0,-1,3,2,1,4,0.602564,0
4,1,0,20,886034,930248,37130,742038,930248,949827,0.979386,1,0.979386,0,2,0,10.7703,1.06066,10.7703,0.790569,0,0.5,1,3,2,2,3,1.07738,1
4,1,1,40,584825,673252,33395,777687,899341,1.00949e+06,0.890889,0.748606,0.666924,0,6,0,9.84886,0.353553,9.48683,1.06066,0,0.707107,1,1,2,2,5,1.42088,1
4,1,2,35,244430,321804,20424,359716,345545,436142,0.792277,0.931293,0.737842,0,2,0,8.94427,1.06066,8.94427,1.06066,0,0,-1,3,2,2,6,1.30918,0
4,0,0,2,186985,191406,14258,116224,205167,191406,1.07189,0.93293,1,0,5,0,11.1803,0.790569,11.1803,0.790569,0,0,-1,3,2,2,3,0.854815,0
4,0,0,1,109566,111777,12094,76240,151908,111777,1.35903,0.73582,1,0,5,0,11.1803,0.790569,11.1803,0.790569,0,0,-1,3,2,2,2,0.666667,0
4,2,6,194,1120771,1.54964e+06,47837,1174961,1.81034e+06,1.6296e+06,1.11091,0.855995,0.950935,1,2,0,10.198,0,10.198,0,0,0,-1,3,0,2,4,1.42276,1
4,2,2,209,1042646,1.50468e+06,44653,1125253,1.52033e+06,1.58064e+06,0.961848,0.989702,0.951943,1,1,0,2.82843,0.790569,3.60555,0.901388,1.41421,0.901388,1,3,2,2,6,1.61959,1
4,1,0,28,435214,497113,26380,669978,494902,678925,0.72895,1.00447,0.732206,0,2,0,10.4403,0.901388,9.84886,0.75,1,0.790569,0,3,2,2,4,1.52397,1
4,2,2,145,786161,1.10671e+06,46084,1177766,1.41986e+06,1.95198e+06,0.727397,0.779448,0.566968,2,1,0,5.09902,0.790569,8.06226,0.75,3.60555,0.559017,1,3,2,2,5,1.47571,1
4,0,0,5,446693,457746,23894,371450,547880,455536,1.20272,0.835487,1.00485,0,2,0,1.41421,1.06066,1.41421,1.06066,0,0,-1,3,2,2,6,1.80994,1
4,1,1,51,1589806,1.70255e+06,68978,2483602,1.71239e+06,1.78968e+06,0.956813,0.994253,0.951314,0,10,0,11.7047,0.901388,13.4164,0.353553,2,0.901388,0,3,2,2,2,1.01131,1
4,1,1,17,348518,386100,24470,508898,421230,636278,0.662021,0.916601,0.606809,0,3,0,12.3693,0.25,12.3693,0.25,0,0,-1,3,2,2,3,0.89744,1
4,0,0,2,135693,140114,10969,68849,159117,137904,1.15383,0.880574,1.01603,0,2,0,12.3693,0.25,12.3693,0.25,0,0,-1,3,2,1,2,0.589744,0
4,1,2,13,197606,226345,17471,195285,276745,261673,1.0576,0.817882,0.864991,0,2,0,11.7047,0.559017,11.7047,0.559017,0,0,-1,3,2,1,3,0.870994,1
4,2,0,63,672651,811924,43245,870789,807502,964630,0.837111,1.00548,0.841695,2,3,0,11.7047,0.559017,11.7047,0.559017,0,0,0,3,2,2,6,1.4174,1
4,1,0,27,165372,225060,15869,206035,222850,233391,0.954832,1.00992,0.964304,0,1,0,12.3693,0.5,12.6491,0.790569,1,1.06066,1,3,1,2,4,0.854968,1
4,0,0,3,295264,301896,18146,185770,326623,299685,1.08989,0.924296,1.00738,0,9,0,11.1803,0.790569,11.1803,0.790569,0,0,-1,3,2,2,3,0.822917,0
4,0,0,1,157975,160186,12817,114317,180620,160186,1.12757,0.886866,1,0,2,0,11.1803,0.790569,11.1803,0.790569,0,0,-1,3,2,2,2,0.712121,0
4,2,2,73,670339,831719,36207,824261,903769,1.1246e+06,0.803635,0.920278,0.739568,1,1,0,11.1803,0.5,11.1803,0.5,0,0,-1,3,1,2,4,1.27151,1
4,1,6,12,508936,535464,25534,467624,563747,581896,0.968809,0.949831,0.920205,0,5,0,3.16228,0.790569,3.16228,0.790569,0,0,-1,3,2,2,6,1.72734,1
4,1,2,48,318716,424829,24677,342947,428399,680287,0.629733,0.991666,0.624485,0,2,0,14.5602,0.559017,17.088,0.75,3.60555,0.790569,1,3,2,2,6,1.71572,1
4,1,6,15,140012,173172,13914,141742,208729,208105,1.003,0.829652,0.832138,0,3,0,7.28011,0.559017,7.28011,0.559017,0,0,-1,3,2,2,6,1.54436,0
4,0,0,3,551404,558036,27749,479551,582353,555825,1.04773,0.958243,1.00398,0,3,0,2.23607,0.901388,2.23607,0.901388,0,0,-1,3,2,2,5,1.43497,1
4,0,0,4,1345175,1.35402e+06,48268,1027680,1.35939e+06,1.35181e+06,1.00561,0.996045,1.00164,0,4,0,1,0,1,0,0,0,-1,3,0,2,4,1.71616,1
4,1,5,17,1050832,1.08841e+06,37376,902652,1.15407e+06,1.12234e+06,1.02827,0.943111,0.96977,0,2,0,12.3693,0.25,12.3693,0.25,0,0,-1,3,2,2,6,1.51804,1
4,0,0,2,88815,93236.4,9529,56477,145882,91025.7,1.60265,0.639122,1.02429,0,1,0,11.7047,0.559017,11.7047,0.559017,0,0,-1,3,2,2,4,1.04588,0
4,0,0,3,85062,91694,8674,46000,125013,91694,1.36337,0.733475,1,0,1,0,12.3693,0.25,12.3693,0.25,0,0,-1,3,2,1,3,0.589744,0
4,1,2,21,235157,281581,18199,186171,348234,319020,1.09157,0.808598,0.882644,0,1,0,14.3178,0,15.2971,0.75,1,0.75,0,1,0,2,5,1.16501,0
4,0,0,2,218665,223086,17260,145556,266242,223086,1.19345,0.837909,1,0,1,0,12.3693,0.25,12.3693,0.25,0,0,-1,3,2,2,5,1.04386,0
4,0,0,4,294982,303825,19646,207700,333826,303825,1.09875,0.910128,1,0,1,0,12.3693,0.25,12.3693,0.25,0,0,-1,3,2,2,3,0.715054,0
4,0,0,2,129171,133592,12184,78150,168153,133592,1.2587,0.794471,1,0,1,0,11.1803,0.790569,11.1803,0.790569,0,0,-1,3,2,2,2,0.802083,0
4,2,7,65,424594,568288,28409,506183,713379,673652,1.05897,0.796614,0.843593,1,6,0,10.0499,0.559017,10.0499,0.559017,0,0,-1,3,2,2,4,1.22905,1
4,0,0,3,502076,508708,24122,385118,515731,506497,1.01823,0.986383,1.00436,0,1,0,2,0.25,2,0.25,0,0,-1,3,2,2,6,1.74435,0
4,1,0,33,215348,288300,16812,374518,286090,407990,0.701218,1.00773,0.706636,0,1,0,5.09902,0.559017,3,0.75,2.23607,0.790569,1,3,2,2,5,1.01619,0
4,0,0,2,77000,81421.4,9605,50361,106839,81421.4,1.31218,0.762093,1,0,2,0,2.23607,0.901388,2.23607,0.901388,0,0,-1,3,2,1,2,0.708625,0
4,1,0,18,596249,636041,32368,542814,636041,640746,0.992657,1,0.992657,0,2,0,2,0.25,2,0.25,0,0,1,3,2,2,4,1.09245,0
1,2,0,949,264609,435066,19055,181921,435066,632549,0.687799,1,0.687799,2,1,0,50.2494,0.707107,99.6092,0,50.2494,0.707107,1,1,1,1,1,2.18182,1
1,2,2,746,449435,583430,29203,409685,677059,704719,0.96075,0.861712,0.827889,2,3,0,51.3517,0.901388,52.6118,0.5,1.41421,0.25,0,3,2,0,1,1.06,1
1,3,0,1287,368447,599615,182055,11915705,693707,807984,0.858565,0.864364,0.742112,2,7,-1,0,0,0,0,0,0,-1,0,0,1,2,2.11932,1
1,2,2,1156,541163,748801,32646,459654,807236,979913,0.823783,0.927611,0.76415,2,2,1,167.362,0.901388,164.305,0.353553,4.12311,0.559017,0,3,2,1,2,2.48403,1
1,3,0,1244,635289,858733,58816,1460294,958519,1.12365e+06,0.853037,0.895896,0.764233,1,2,-1,0,0,0,0,0,0,-1,0,0,1,2,2.24,1
1,3,0,1530,666318,941133,126675,6849537,1.08283e+06,1.17094e+06,0.924749,0.869145,0.803741,1,2,-1,0,0,0,0,0,0,-1,0,0,1,2,2.2,1
1,3,0,1648,417454,713464,62642,3037496,754597,1.02582e+06,0.735606,0.94549,0.695508,1,1,-1,0,0,0,0,0,0,-1,0,0,1,2,2.32495,1
1,3,0,2441,509292,947739,114386,6193250,1.02831e+06,1.04299e+06,0.985929,0.921647,0.908678,1,11,-1,0,0,0,0,0,0,-1,0,0,1,2,2.38581,1
1,2,2,1318,543611,780347,32031,436853,895022,944861,0.947253,0.871875,0.825886,1,1,1,56.5685,0.353553,113.137,0.707107,56.5685,0.353553,1,3,2,1,2,2.30645,1
1,2,2,574,373941,477042,24650,277460,539405,622665,0.866284,0.884385,0.766129,2,31,0,12.6491,0.559017,27.2029,0.353553,15.6205,0.75,1,3,2,1,2,2.13445,1
1,2,0,346,192864,255012,17922,137556,265131,254652,1.04115,0.961833,1.00141,2,32,0,10.4403,0.707107,10.4403,0.707107,0,0,-1,1,1,1,2,1.64865,1
1,2,2,549,286276,384886,20951,196631,399636,506815,0.788525,0.963091,0.759421,2,16,1,16.7631,0.353553,20,0.707107,12.3693,0.790569,0,1,2,1,2,1.83373,1
1,2,0,551,566813,665782,36638,559312,665423,898456,0.740629,1.00054,0.741029,2,2,0,9.43398,0.353553,10.7703,1.06066,5.83095,0.707107,1,1,2,1,2,1.87818,1
1,2,0,2110,493152,872145,28548,403828,871966,957808,0.910376,1.00021,0.910563,2,1,0,59.6825,0.353553,83.4086,0,36.0139,1.06066,0,1,2,1,3,2.05865,1
1,2,2,532,428826,524383,27565,372225,677543,756018,0.896199,0.773947,0.693611,2,2,0,47.0425,0.901388,44,0.5,4.24264,0.75,1,3,2,1,5,2.27027,1
1,2,1,763,326480,463528,24372,276734,513533,483273,1.06261,0.902626,0.959143,2,15,0,90.4489,0.707107,181.797,0,90.4489,0.707107,1,3,1,1,5,2.29233,1
1,2,1,945,344578,514317,22195,256467,638140,651419,0.979615,0.805962,0.789533,2,1,1,170.238,0.25,168.146,0.707107,2.23607,0.901388,0,3,2,1,5,2.20485,1
1,3,0,783,374558,515199,125284,4944734,634141,691894,0.916529,0.812435,0.744621,2,4,-1,0,0,0,0,0,0,-1,0,0,1,5,1.94506,1
1,2,1,560,164400,264986,14379,139049,606865,538209,1.12756,0.436647,0.492348,1,2,1,144.281,0.790569,164.976,0.5,54.1202,0.790569,1,1,2,1,5,2.24383,1
1,3,0,1493,311134,579303,67842,4222678,697498,798068,0.873982,0.830545,0.725882,2,6,-1,0,0,0,0,0,0,-1,0,0,1,5,2.312,1
1,3,0,2284,569812,980059,242466,23499718,1.03295e+06,1.13019e+06,0.913959,0.948794,0.867159,2,11,-1,0,0,0,0,0,0,-1,0,0,1,5,2.46407,1
1,3,0,1080,335986,529973,102505,8415073,577644,551226,1.04793,0.917473,0.961444,1,4,-1,0,0,0,0,0,0,-1,0,0,1,5,2.44296,1
1,2,1,552,283235,382384,21185,192401,434179,479543,0.905401,0.880706,0.797392,1,8,1,14.3178,0.25,22.2036,0.707107,8.06226,0.559017,0,3,2,1,5,2.24881,1
1,2,1,516,230540,323223,19364,157990,355014,377884,0.93948,0.91045,0.855349,1,31,1,14.1421,0.75,15,0.5,2.82843,0.559017,0,3,2,1,5,2.02508,1
1,2,1,371,246853,313491,20451,175013,335275,344398,0.97351,0.935026,0.910257,1,17,1,16.4924,0.707107,17.2627,0.559017,1.41421,0.75,1,3,1,1,5,1.95449,1
1,2,6,540,517796,614790,34638,527178,665235,663837,1.00211,0.924169,0.926116,2,1,0,13.1529,0.559017,13.1529,0.559017,0,0,-1,3,2,1,5,2.00453,1
1,3,0,2210,788099,1.18505e+06,80623,2896957,1.23481e+06,1.29846e+06,0.950984,0.959705,0.912665,1,1,-1,0,0,0,0,0,0,-1,0,0,1,3,2.34766,1
1,3,0,1618,571886,862507,165162,10049414,1.00217e+06,1.03916e+06,0.964402,0.860641,0.830004,2,2,-1,0,0,0,0,0,0,-1,0,0,1,5,2.29587,1
1,2,2,627,240122,352742,20332,179570,412436,480669,0.858045,0.855265,0.733856,2,12,1,166.364,1.06066,161.375,0.790569,6,0.5,0,3,2,1,5,2.15358,1
1,2,1,191,175346,209653,16320,115782,216195,265567,0.814088,0.969739,0.789453,2,1,0,91.444,0.353553,93.4345,0.707107,2.23607,0.353553,0,1,2,1,5,2.17173,1
1,3,0,640,182917,297872,40940,1351980,322069,327717,0.982764,0.924872,0.90893,1,1,-1,0,0,0,0,0,0,-1,0,0,1,5,1.95328,1
1,3,0,3528,746787,1.38048e+06,104299,7317499,1.49191e+06,1.52776e+06,0.976533,0.92531,0.903595,2,5,-1,0,0,0,0,0,0,-1,0,0,1,5,2.08992,1
1,2,2,1862,515136,849584,27544,362534,914139,1.031e+06,0.886653,0.929382,0.824039,2,1,1,138.813,0.25,150.851,0.790569,13.0384,0.559017,0,1,2,1,5,2.44008,1
1,2,2,1283,380834,611283,24060,270846,622526,770271,0.808191,0.98194,0.793595,1,1,0,59.2284,0.353553,63.561,0.790569,5,0.5,0,1,2,1,5,2.37955,1
1,2,2,694,210969,335624,18669,184945,406765,379520,1.07179,0.825105,0.884337,2,3,0,43.1856,0.707107,39.4588,0.25,9.84886,0.559017,0,3,1,1,5,2.26888,1
1,3,0,673,192334,313217,55861,2243567,354380,446295,0.794048,0.883844,0.701815,1,2,-1,0,0,0,0,0,0,-1,0,0,1,5,2.28358,1
1,3,0,968,278248,452118,81214,3892726,718591,601167,1.19533,0.629173,0.752067,2,1,-1,0,0,0,0,0,0,-1,0,0,1,5,2.21106,1
1,3,0,1867,452496,787842,91459,6022811,821085,967520,0.848649,0.959513,0.81429,2,5,-1,0,0,0,0,0,0,-1,0,0,1,5,2.20808,1
1,2,6,409,535922,609386,35993,548893,623723,620595,1.00504,0.977013,0.981938,2,1,1,16.0312,0.5,16.0312,0.5,0,0,-1,1,1,1,5,2.17763,1
1,2,6,1052,731448,920406,39976,686116,1.01976e+06,929410,1.09722,0.902569,0.990312,2,12,1,18.2483,0.790569,18.2483,0.790569,0,0,-1,3,2,1,3,2.21879,1
1,3,0,1124,433605,635495,53910,1704500,696172,712603,0.976942,0.912842,0.891794,1,3,-1,0,0,0,0,0,0,-1,0,0,1,5,2.13127,1
1,3,0,1913,541449,885057,106931,5456977,901594,911532,0.989098,0.981659,0.970956,2,11,-1,0,0,0,0,0,0,-1,0,0,1,5,2.00475,1
1,2,1,285,207178,258369,18597,161023,262622,264949,0.991215,0.983807,0.975164,1,3,0,90.3549,0.559017,90.3549,0.5,1,0.25,1,1,2,1,5,1.99291,1
1,3,0,1001,237843,417640,66558,2571080,449394,457293,0.982727,0.929341,0.913288,1,1,-1,0,0,0,0,0,0,-1,0,0,1,5,2.01932,1
1,3,0,1797,403407,726180,78376,4037708,741959,843365,0.87976,0.978734,0.861051,1,43,-1,0,0,0,0,0,0,-1,0,0,1,5,2.22057,1
1,3,0,1861,441299,775567,116818,6020732,923736,861315,1.07247,0.839598,0.900446,2,1,-1,0,0,0,0,0,0,-1,0,0,1,5,2.25206,1
1,2,0,349,128741,191428,13568,105484,191068,235162,0.812498,1.00188,0.814026,2,1,0,58.2495,0.790569,66.9104,0.901388,10.0499,0.559017,0,1,2,1,5,2.03816,1
1,3,0,979,260064,435910,125400,14925400,523413,439223,1.19168,0.832821,0.992455,1,3,-1,0,0,0,0,0,0,-1,0,0,1,5,2.15846,1
1,2,1,695,217671,342505,19688,191826,367041,551078,0.666043,0.933152,0.621519,2,3,0,53.6004,0.75,106.405,0.5,54.5894,0.559017,0,1,2,1,5,2.28246,1
1,3,0,1193,263359,477643,93771,6305043,561759,675263,0.831912,0.850262,0.707343,2,3,-1,0,0,0,0,0,0,-1,0,0,1,5,2.16366,1
1,3,0,1517,415526,688006,87095,6722077,813797,827368,0.983597,0.845427,0.831559,2,1,-1,0,0,0,0,0,0,-1,0,0,1,5,2.28366,1
1,2,2,1114,659449,859543,38104,610236,990058,941542,1.05153,0.868174,0.91291,2,4,1,16.4924,0.707107,23.3452,0.5,37.4433,0.5,0,3,1,1,5,2.33716,1
1,2,0,242,80307,123774,10058,57742,123595,125830,0.982237,1.00145,0.983664,1,1,1,161.805,0.790569,166.571,0.5,32.249,0.790569,1,3,2,1,3,2.08918,1
1,3,0,1398,328892,579997,88686,4265948,611716,609859,1.00304,0.948148,0.951035,2,4,-1,0,0,0,0,0,0,-1,0,0,0,4,1.6417,1
1,3,0,1126,294579,496828,60119,2305573,569913,582276,0.978768,0.871761,0.853252,2,14,-1,0,0,0,0,0,0,-1,0,0,0,4,1.7911,1
1,2,1,540,183293,280287,17586,150182,342015,415822,0.822503,0.819515,0.674054,2,1,1,164.514,0.559017,158.71,0.901388,6.32456,0.5,0,3,2,1,5,2.27488,1
1,2,2,980,331290,507315,22947,259065,546089,714605,0.764184,0.928997,0.709925,2,6,1,168.19,0.707107,167.075,0.559017,3.60555,0.25,0,1,1,1,5,2.08309,1
1,2,0,270,111473,159970,14259,108227,165054,159611,1.03411,0.969195,1.00225,1,1,0,72.1803,0,72.1803,0,0,0,-1,3,0,1,5,2.35633,1
1,3,0,347,99364,161691,34575,582277,210597,233665,0.901277,0.767775,0.691978,1,1,-1,0,0,0,0,0,0,-1,0,0,1,5,2.21187,1
1,3,0,261,101076,147956,18983,231101,185710,223932,0.829316,0.796704,0.660719,1,1,-1,0,0,0,0,0,0,-1,0,0,1,5,1.90571,1
1,3,0,309,108698,164200,33134,512352,343591,467029,0.735694,0.477894,0.351584,2,10,-1,0,0,0,0,0,0,-1,0,0,1,5,2.13821,1
1,3,0,1360,306686,550966,67995,2886851,650632,629256,1.03397,0.846817,0.875583,2,2,-1,0,0,0,0,0,0,-1,0,0,1,5,2.05273,1
1,3,0,1774,386016,704658,93007,4916389,758082,841116,0.901281,0.929527,0.837765,2,6,-1,0,0,0,0,0,0,-1,0,0,1,5,2.32837,1
1,2,2,801,217023,360897,17445,156561,564903,449547,1.25661,0.638865,0.802801,1,1,1,33.9559,0.790569,94.3663,0.5,60.407,0.353553,0,1,2,1,5,2.48851,1
1,3,0,1357,509604,753345,81965,3002731,803819,795285,1.01073,0.937207,0.947264,1,7,-1,0,0,0,0,0,0,-1,0,0,1,5,2.30587,1
1,2,2,244,140885,184712,14545,111261,356746,723057,0.493386,0.517768,0.255459,2,1,0,109.895,0.901388,137.091,0.790569,29.4109,0.25,0,1,2,1,3,2.0674,0
1,2,1,675,199197,320439,14341,112195,388056,424971,0.913135,0.825754,0.754025,2,1,0,72.2496,0.790569,61.131,0.25,16.6433,0.559017,1,1,2,1,4,1.60237,1
1,3,0,1090,243566,439349,62063,2603057,469882,475065,0.989089,0.93502,0.924819,2,15,-1,0,0,0,0,0,0,-1,0,0,1,5,1.94687,1
1,2,1,716,247819,376425,19446,190896,448946,478701,0.937842,0.838464,0.786347,2,36,1,181.797,0.790569,193.373,0.75,13.0384,0.559017,0,1,2,1,5,2.23357,1
1,2,2,822,259194,406840,17778,177628,445961,568141,0.784948,0.912276,0.716089,2,1,0,85.1469,0.559017,79.0759,0.25,12.0416,0.790569,0,3,2,1,5,2.1973,1
1,2,1,1214,347286,565342,23834,274320,688547,722090,0.953548,0.821064,0.782924,2,10,0,87.0057,0.707107,95.6347,0.75,12.2066,0.559017,0,1,1,1,5,2.07831,1
1,3,0,117,28264,49279.3,19605,151597,58257.1,51551.2,1.13008,0.845893,0.955928,1,1,-1,0,0,0,0,0,0,-1,0,0,1,5,2.23945,1
1,3,0,689,172581,296338,48996,1539674,382069,403913,0.94592,0.775613,0.733668,1,1,-1,0,0,0,0,0,0,-1,0,0,1,5,1.67694,1
1,2,2,1534,352926,628459,25928,322826,645638,780189,0.82754,0.973394,0.805522,2,9,1,71.1126,1.06066,143.562,0.707107,71.1126,1.06066,0,1,2,1,5,2.11666,1
1,2,2,626,194743,307184,18769,162061,335325,343449,0.976346,0.916076,0.894407,1,1,0,26.3059,0.5,19.6469,1.06066,7.07107,1.06066,0,3,1,1,5,2.29587,1
1,3,0,157,62490,90690,26906,264090,123164,290070,0.424602,0.736333,0.312648,1,2,-1,0,0,0,0,0,0,-1,0,0,1,5,2.31518,1
1,2,2,705,213803,340433,17383,172451,385256,412418,0.934139,0.883655,0.825457,1,1,1,8.544,0.5,18.0278,0,8.544,0.5,0,3,1,1,5,2.04266,1
1,2,2,1391,525136,774984,33294,524958,814431,920087,0.885167,0.951565,0.842294,2,1,0,28.3196,0.559017,29,0.790569,1.41421,0.25,0,1,2,1,5,2.21509,1
1,2,2,764,186017,323245,14539,120349,331998,334809,0.991606,0.973634,0.965462,1,7,0,120.154,0,153.639,0.790569,57.0789,0.790569,0,1,0,1,1,1.44,1
1,2,0,168,55306,85481.8,9030,39906,85122.5,303488,0.280481,1.00422,0.281664,2,4,1,208.154,0.790569,246.293,0.5,37.3363,0.353553,0,1,2,1,4,1.67435,1
1,3,0,439,101854,180706,32521,1228257,195615,213302,0.91708,0.923787,0.847186,1,1,-1,0,0,0,0,0,0,-1,0,0,1,5,1.75475,1
1,2,2,770,245444,383750,21615,213655,432733,441119,0.980988,0.886804,0.869945,1,10,0,96.0208,0.790569,98.4124,0.559017,7.07107,0.75,0,3,2,1,5,1.96189,1
1,2,2,873,266270,423076,20379,197243,452826,473037,0.957274,0.934302,0.894383,2,2,0,87.0517,0.5,82,0.25,6.7082,0.25,0,3,1,1,5,2.2423,1
1,2,2,1314,343014,579032,24122,272470,697665,689086,1.01245,0.829957,0.840289,2,1,1,170.188,0.901388,170.047,0,3.16228,0.901388,0,1,2,1,5,1.96535,1
1,3,0,96,27985,45228.3,14662,88352,58869.6,66135.8,0.890132,0.76828,0.68387,1,3,-1,0,0,0,0,0,0,-1,0,0,1,5,2.0089,0
1,3,0,1740,447068,759603,72995,3237043,767260,846741,0.906133,0.99002,0.89709,2,1,-1,0,0,0,0,0,0,-1,0,0,1,4,1.49643,1
1,3,0,2016,612794,974903,85846,3414374,1.00468e+06,1.0952e+06,0.917347,0.970363,0.890159,1,3,-1,0,0,0,0,0,0,-1,0,0,1,5,2.21578,1
1,3,0,196,104158,139363,18258,286822,144165,151627,0.950785,0.96669,0.919115,1,1,-1,0,0,0,0,0,0,-1,0,0,1,5,2.07617,1
1,3,0,473,119221,204180,23884,571552,254795,317354,0.802873,0.801352,0.643384,2,1,-1,0,0,0,0,0,0,-1,0,0,1,5,1.79491,1
1,3,0,188,62726,96494.1,19650,203940,115450,118739,0.972301,0.835812,0.81266,1,11,-1,0,0,0,0,0,0,-1,0,0,1,5,1.67558,0
1,2,2,737,488850,621228,29547,427549,635325,689830,0.920987,0.977812,0.900553,1,1,1,18.3576,0.790569,32.9848,0,23.0868,1.06066,1,3,2,1,4,1.67711,1
