4,0,0,1,53043,53739.3,4928,41598,61398.8,53739.3,1.14253,0.87525,1,0,1,1,0,0,0,0,0,0,-1,3,0,0,0,1.13782,0
4,0,0,1,53572,54268.3,4700,38466,63320.5,54268.3,1.1668,0.857042,1,0,1,1,0,0,0,0,0,0,-1,3,0,0,0,1.13782,0
4,0,0,1,44138,44834.3,3972,30748,53131.4,44834.3,1.18506,0.843838,1,0,1,1,0,0,0,0,0,0,-1,3,0,0,0,1.13782,0
4,1,1,15,65733,76177.8,5355,52469,89428.7,87726,1.01941,0.851827,0.868361,0,1,1,0,0,0,0,0,0,-1,3,0,2,2,1.13782,1
4,0,0,0,17429,17429,2678,12436,25834.2,17429,1.48225,0.674649,1,0,4,0,0,0,0,0,0,0,-1,3,0,0,0,0.958333,0
4,0,0,1,38600,39296.3,4102,27786,50064.1,39296.3,1.27401,0.78492,1,0,1,0,0,0,0,0,0,0,-1,3,0,2,2,0.958333,0
4,0,0,1,8389,9085.32,2125,7053,15459.2,9085.32,1.70156,0.587697,1,0,1,0,0,0,0,0,0,0,-1,3,0,0,0,0.958333,0
4,0,0,4,25953,28738.3,3337,22467,47369.6,28042,1.68924,0.606682,1.02483,0,4,0,9.48683,0.75,9.48683,0.75,0,0,-1,3,2,0,0,0.958333,0
4,0,0,4,72463,75248.3,6000,58674,86110,74552,1.15503,0.873862,1.00934,0,1,0,9.48683,0.75,9.48683,0.75,0,0,-1,3,2,2,2,1.56561,0
4,0,0,1,27067,27763.3,6914,130546,39965.4,27067,1.47653,0.694685,1.02573,0,3,0,9.48683,0.75,9.48683,0.75,0,0,-1,3,2,0,0,1.56561,0
4,0,0,0,55479,55479,4692,38566,64767,55479,1.16742,0.856593,1,0,1,0,9.48683,0.75,9.48683,0.75,0,0,-1,3,2,0,0,1.56561,0
4,1,2,18,36647,49180.8,4573,35989,80760.6,80602.3,1.00196,0.608969,0.610166,0,1,0,9.84886,0.5,9.84886,0.5,0,0,-1,3,1,2,2,1.56561,0
4,0,0,1,49042,49738.3,3993,28809,63369,49042,1.29214,0.784899,1.0142,0,1,1,0,0,0,0,0,0,-1,3,0,0,0,0.799024,0
4,1,1,14,57813,67561.5,4492,41026,75045.4,76642,0.979169,0.900275,0.881521,0,1,1,0,0,0,0,0,0,-1,3,0,1,1,0.799024,1
4,0,0,1,49429,50125.3,3930,27262,58980,50125.3,1.17665,0.849869,1,0,1,1,0,0,0,0,0,0,-1,3,0,2,2,0.799024,0
4,1,7,14,46907,56655.5,3921,29431,56189.4,64836,0.86664,1.00829,0.873828,0,1,0,0,0,0,0,0,0,0,1,0,0,2,0.799024,0
4,0,0,1,22109,22805.3,3276,17444,26561.6,22109,1.20139,0.858584,1.03149,0,1,0,0,0,0,0,0,0,-1,3,0,0,0,1.02667,0
4,0,0,3,28948,31037,3963,24281,53600.2,31037,1.72698,0.579045,1,0,3,0,9.48683,0.75,9.48683,0.75,0,0,-1,3,2,0,0,1.02667,0
4,1,0,13,30205,39257.2,3807,24817,39257.2,44424.6,0.883681,1,0.883681,0,2,-1,0,0,0,0,0,0,-1,2,0,1,1,1.02667,0
4,2,2,116,106831,187604,6804,73372,261574,199286,1.31255,0.717214,0.941381,1,3,1,27,0.75,54.0093,0.5,27,0.75,0,3,2,2,2,1.02667,1
4,0,0,1,48589,49285.3,4590,42932,64076.3,49285.3,1.30011,0.769166,1,0,1,0,9.48683,0.75,9.48683,0.75,0,0,-1,3,2,2,2,1.33982,0
4,1,2,14,64930,74678.5,5183,46869,87143.4,91727.3,0.950027,0.856961,0.814136,0,1,0,9.84886,0.5,9.84886,0.5,0,0,-1,3,1,2,2,1.33982,1
4,1,1,33,126940,149919,11305,217641,193709,222091,0.872204,0.773938,0.675032,0,5,0,9.84886,0.5,9.84886,0.5,0,0,-1,3,1,2,3,1.33982,1
4,1,4,16,24193,35334.1,3905,23477,55082.9,34743.3,1.58543,0.641472,1.01701,0,1,0,9.48683,0.75,9.48683,0.75,0,0,-1,3,2,1,4,1.33982,1
4,0,0,1,47125,47821.3,4446,36286,58064.9,47125,1.23215,0.823584,1.01478,0,1,0,0,0,0,0,0,0,-1,3,0,1,2,0.763986,1
4,0,0,2,20174,21566.6,2967,14349,28344.5,20870.3,1.35813,0.760875,1.03336,0,1,0,0,0,0,0,0,0,-1,3,0,0,1,0.763986,0
4,0,0,4,14746,17531.3,2619,11605,24494.5,16835,1.45498,0.715724,1.04136,0,1,0,0,0,0,0,0,0,-1,3,0,0,4,0.763986,0
4,0,0,1,20886,21582.3,3210,17164,28033.2,21582.3,1.2989,0.769884,1,0,1,0,0,0,0,0,0,0,-1,3,0,0,1,0.763986,0
4,0,0,1,24545,25241.3,3149,16693,29969.6,25241.3,1.18732,0.842232,1,0,7,1,0,0,0,0,0,0,-1,3,0,0,0,0.729167,0
4,0,0,3,42881,44970,3922,29978,48334.6,44970,1.07482,0.930389,1,0,7,0,0,0,0,0,0,0,-1,3,0,0,0,0.729167,0
4,2,7,45,32110,63444.4,4507,37355,74816.9,87135.3,0.858629,0.847996,0.728114,1,2,-1,0,0,0,0,0,0,-1,2,0,0,0,0.729167,0
4,1,1,67,49249,95902.4,7071,95069,140894,235099,0.599296,0.680673,0.407924,0,2,0,0,0,0,0,0,0,-1,3,0,1,1,0.729167,0
4,0,0,3,96368,98457,6509,70783,105257,98457,1.06907,0.935395,1,0,1,0,0,0,0,0,0,0,-1,3,0,0,0,1.0601,0
4,0,0,1,85983,86679.3,5809,57047,93514.1,86679.3,1.07885,0.926912,1,0,1,0,0,0,0,0,0,0,-1,3,0,1,1,1.0601,0
4,2,1,67,61356,108009,7880,137022,243626,231736,1.05131,0.443341,0.466088,1,1,0,1,0.25,1,0.5,1,0.25,1,1,2,2,2,1.0601,1
4,2,0,62,122617,165789,14404,330028,180331,165093,1.0923,0.919361,1.00422,1,2,0,0,0,0,0,0,0,-1,3,0,2,3,1.0601,1
4,0,0,3,21598,23687,2848,16388,30324.2,23687,1.2802,0.781125,1,0,2,1,0,0,0,0,0,0,-1,3,0,0,0,0.606061,0
4,2,1,36,76508,101576,6950,88188,119680,145884,0.820381,0.848723,0.696277,1,4,1,0,0,0,0,0,0,0,1,0,2,2,0.606061,1
4,2,2,51,93564,129076,8234,114790,226006,214131,1.05546,0.57112,0.602792,1,4,0,0,0,0,0,0,0,-1,3,0,1,1,0.606061,1
4,0,0,4,21525,24310.3,3151,17303,31123.8,23614,1.31803,0.781082,1.02949,0,4,0,9.21954,0.790569,9.21954,0.790569,0,0,-1,3,2,0,3,0.606061,0
4,2,1,55,50228,88525.6,7275,85549,89359.4,127108,0.70302,0.99067,0.696461,1,1,0,0,0,0,0,0,0,-1,1,0,2,3,0.971761,1
4,0,0,2,18717,20109.6,3022,15154,23591.2,19413.3,1.21521,0.85242,1.03587,0,1,0,0,0,0,0,0,0,-1,1,0,0,1,0.971761,0
4,2,2,32,75096,97378.2,7284,86194,139235,155809,0.893623,0.699382,0.624984,1,1,0,9.21954,0.790569,9.21954,0.790569,0,0,-1,3,2,1,4,0.971761,1
4,0,0,2,20613,22005.6,3141,15731,26121.6,21309.3,1.22583,0.842432,1.03268,0,1,0,0,0,0,0,0,0,-1,3,0,0,2,0.971761,0
4,2,6,70,113212,161954,8266,133368,174339,220525,0.790565,0.928961,0.734404,1,5,0,0,0,0,0,0,0,-1,3,0,2,2,1.39597,0
4,1,1,31,126948,148534,7465,132215,163481,215333,0.759203,0.908568,0.689788,0,4,0,2.23607,0.790569,2.23607,0.790569,0,0,0,3,2,2,4,1.39597,1
4,0,0,1,32795,33491.3,4088,27810,43898.8,33491.3,1.31075,0.762922,1,0,1,0,0,0,0,0,0,0,-1,3,0,1,1,1.39597,0
4,0,0,2,24265,25657.6,3101,16577,31781.8,24961.3,1.27324,0.807306,1.0279,0,1,0,0,0,0,0,0,0,-1,3,0,0,2,1.39597,0
4,2,4,96,127070,193917,7713,133273,231430,213347,1.08476,0.837908,0.908928,2,1,0,2,0.707107,2,0.707107,0,0,-1,3,1,2,6,1.80565,1
4,0,0,2,25825,27217.6,3256,18724,38017.8,25825,1.47213,0.715919,1.05393,0,1,0,0,0,0,0,0,0,-1,3,0,1,5,1.80565,0
4,0,0,1,17794,18490.3,3094,16514,24106.2,17794,1.35474,0.767036,1.03913,0,1,0,0,0,0,0,0,0,-1,3,0,0,3,1.80565,0
4,0,0,1,16146,16842.3,2968,14966,22773.2,16146,1.41045,0.739568,1.04313,0,1,0,0,0,0,0,0,0,-1,3,0,0,1,1.80565,0
4,0,0,1,7934,8630.32,1785,6491,21672.4,8630.32,2.51119,0.398218,1,0,1,1,0,0,0,0,0,0,-1,3,0,1,1,1.05405,0
4,0,0,4,29928,32713.3,6541,173449,38980.2,32713.3,1.19157,0.839229,1,0,1,-1,0,0,0,0,0,0,-1,2,0,1,1,1.05405,0
4,2,0,22,18604,33923,4361,34447,50974.8,33226.7,1.53415,0.665486,1.02096,0,1,1,0,0,0,0,0,0,-1,3,0,0,0,1.05405,0
4,1,6,11,49873,57532.5,5987,62049,72103.2,69281.2,1.04073,0.79792,0.83042,0,4,1,0,0,0,0,0,0,-1,3,0,1,1,1.05405,0
4,2,2,59,51803,92885.9,5315,51533,98084,112955,0.868346,0.947003,0.822326,1,3,-1,0,0,0,0,0,0,-1,2,0,1,1,0.935897,1
4,0,0,2,14664,16056.6,2582,10470,34246.2,15360.3,2.22953,0.468858,1.04533,0,1,0,25.9615,0.5,25.9615,0.5,0,0,-1,3,1,1,2,0.935897,0
4,2,6,56,55246,94239.9,6013,59765,122606,121069,1.0127,0.76864,0.778401,2,2,0,25.9615,0.5,25.9615,0.5,0,0,-1,3,1,1,3,0.935897,1
4,0,0,2,7406,8798.64,1870,5644,29203.2,8102.32,3.6043,0.30129,1.08594,0,3,0,25.9615,0.5,25.9615,0.5,0,0,-1,3,1,1,3,0.935897,0
4,0,0,2,18408,19800.6,2920,15606,32426.7,19104.3,1.69735,0.610628,1.03645,0,3,0,25.9615,0.5,25.9615,0.5,0,0,-1,3,1,0,2,1.30888,0
4,2,7,75,87347,139571,6844,82806,178251,149772,1.19015,0.783004,0.931889,2,2,0,25.9615,0.5,25.9615,0.5,0,0,-1,3,1,2,5,1.30888,1
4,0,0,1,17188,17884.3,2867,14591,31211,17884.3,1.74516,0.573013,1,0,1,0,25.9615,0.5,25.9615,0.5,0,0,-1,3,1,1,1,1.30888,0
4,0,0,2,19488,20880.6,3083,16705,35963.6,20184.3,1.78176,0.580605,1.0345,0,1,0,25.9615,0.5,25.9615,0.5,0,0,-1,3,1,1,3,1.30888,0
4,0,0,3,46653,48742,3969,30269,52919.9,48742,1.08572,0.921052,1,0,2,0,0,0,0,0,0,0,-1,1,0,1,3,1.04367,1
4,0,0,2,27993,29385.6,3392,20660,33563.6,28689.3,1.1699,0.875522,1.02427,0,1,0,0,0,0,0,0,0,-1,1,0,0,1,1.04367,0
4,0,0,3,34789,36878,3365,24063,44640.5,36181.6,1.23379,0.82611,1.01925,0,2,0,0,0,0,0,0,0,-1,1,0,1,4,1.04367,1
4,0,0,1,27141,27837.3,3370,21292,38933.1,27837.3,1.39859,0.715004,1,0,3,0,0,0,0,0,0,0,-1,1,0,0,2,1.04367,0
4,0,0,1,14791,15487.3,2690,12468,22450.5,15487.3,1.44961,0.689842,1,0,1,0,0,0,0,0,0,0,-1,1,0,1,1,1.24413,0
4,1,6,44,55585,86223.1,6890,91290,131640,126380,1.04163,0.65499,0.682255,0,1,-1,0,0,0,0,0,0,-1,2,0,1,1,1.24413,1
4,0,0,2,20539,21931.6,3112,15550,27502.2,21235.3,1.29512,0.79745,1.03279,0,1,0,0,0,0,0,0,0,-1,1,0,1,1,1.24413,0
4,1,2,60,90684,132463,5899,101389,137823,199871,0.689561,0.96111,0.662743,0,2,-1,0,0,0,0,0,0,-1,2,0,2,4,1.24413,0
4,1,2,50,52985,87801,4637,46967,89099.2,221971,0.4014,0.985429,0.395551,0,4,0,10,0.5,10,0.790569,0,0.790569,0,3,1,2,5,1.67211,1
4,1,0,31,52740,74325.9,4969,46753,74325.9,103350,0.719165,1,0.719165,0,2,0,7.81025,0.559017,6.7082,0.353553,2,0.25,1,3,2,2,4,1.67211,0
4,1,0,27,93539,112340,6361,82227,112340,212003,0.529896,1,0.529896,0,70,0,8.06226,0.790569,7.28011,0.790569,2,0,0,3,2,2,5,1.67211,0
4,1,4,27,84268,103069,5716,71554,106545,203059,0.524699,0.967375,0.507581,0,2,0,8.06226,0.790569,8.06226,0.790569,0,0,-1,3,2,2,3,1.67211,0
4,0,0,1,72523,73219.3,6074,64784,87180.3,73219.3,1.19067,0.839861,1,0,1,0,7.81025,0.559017,7.81025,0.559017,0,0,-1,3,2,2,4,1.50703,1
4,0,0,3,15067,17156,2771,13655,21809.2,16459.6,1.32501,0.786639,1.0423,0,1,0,0,0,0,0,0,0,-1,3,0,0,2,1.50703,0
4,1,0,25,54745,72153,4494,45428,71456.7,91473.3,0.781175,1.00974,0.788787,0,1,0,6.7082,0,5,0.75,2,0.25,0,3,0,1,3,1.50703,0
4,0,0,3,19237,21326,3207,17521,27591.2,20629.6,1.33745,0.772926,1.03375,0,2,0,0,0,0,0,0,0,-1,3,0,0,1,1.50703,0
4,2,0,67,48230,94883.4,7817,109845,100423,94187.1,1.06621,0.944838,1.00739,1,1,-1,0,0,0,0,0,0,-1,2,0,0,2,0.98293,1
4,0,0,3,42472,44561,4196,35180,53874.7,44561,1.20901,0.827122,1,0,4,0,25.9615,0.5,25.9615,0.5,0,0,-1,3,1,0,2,0.98293,0
4,0,0,2,24351,25743.6,3171,17391,36056.4,25047.3,1.43953,0.713982,1.0278,0,1,-1,0,0,0,0,0,0,-1,2,0,0,2,0.98293,0
4,0,0,1,19712,20408.3,2890,14414,28993.8,20408.3,1.42069,0.703886,1,0,1,-1,0,0,0,0,0,0,-1,2,0,0,1,0.98293,0
4,0,0,1,43484,44180.3,3250,20652,50045.6,44180.3,1.13276,0.882802,1,0,1,0,25.9615,0.5,25.9615,0.5,0,0,-1,3,1,1,1,1.71081,1
4,1,1,23,32758,48773.4,4446,35808,62002.6,52054.3,1.19111,0.786635,0.936971,0,1,-1,0,0,0,0,0,0,-1,2,0,1,2,1.71081,1
4,0,0,1,17496,18192.3,2724,13210,31613.7,18192.3,1.73775,0.575457,1,0,1,-1,0,0,0,0,0,0,-1,2,0,0,2,1.71081,0
4,0,0,3,14251,16340,2754,12638,23973.5,16340,1.46717,0.681585,1,0,1,0,0,0,0,0,0,0,-1,3,0,0,3,1.71081,0
4,0,0,3,24247,26336,3178,17220,33995.5,25639.6,1.3259,0.77469,1.02716,0,1,-1,0,0,0,0,0,0,-1,2,0,0,0,1.58474,0
4,1,2,11,99377,107037,6534,95880,133819,122520,1.09222,0.79986,0.873623,0,1,-1,0,0,0,0,0,0,-1,2,0,2,2,1.58474,0
4,0,0,3,27374,29463,3546,20472,37122.5,28766.6,1.29047,0.793669,1.02421,0,1,-1,0,0,0,0,0,0,-1,2,0,0,0,1.58474,0
4,1,6,41,77437,105986,6078,82510,134616,123377,1.09109,0.78732,0.85904,0,2,0,0,0,0,0,0,0,-1,3,0,2,2,1.58474,1
4,0,0,2,47778,49170.6,5073,41461,67761.2,49170.6,1.37808,0.725646,1,0,1,0,8.06226,0.790569,8.06226,0.790569,0,0,-1,3,2,2,2,1.90818,0
4,1,2,31,112540,134126,6750,112052,135498,155351,0.872208,0.989871,0.863374,0,2,0,8.06226,0.790569,8.06226,0.790569,0,0,-1,3,2,2,2,1.90818,0
4,0,0,2,71443,72835.6,4824,44932,73223.6,72835.6,1.00533,0.994702,1,0,1,0,8.06226,0.790569,8.06226,0.790569,0,0,-1,3,2,2,3,1.90818,0
4,1,1,34,93779,117454,6359,102811,127728,146688,0.870748,0.919562,0.800707,0,1,0,8.06226,0.75,7.2111,1.06066,1,0.25,0,3,2,2,2,1.90818,0
4,2,1,39,47035,74191.5,6233,66443,83701.6,80646.6,1.03788,0.886381,0.919957,1,4,0,7.61577,0.790569,7.61577,0.790569,0,0,-1,3,2,1,1,1.33791,1
4,0,0,2,18134,19526.6,3092,15848,26220.2,19526.6,1.34279,0.744717,1,0,1,0,0,0,0,0,0,0,-1,3,0,0,1,1.33791,0
4,2,7,57,41988,81678.2,6320,76698,125575,113744,1.10402,0.650432,0.718091,1,1,0,6.7082,1.06066,10.7703,0.25,3.60555,0.559017,1,1,2,2,4,1.33791,1
4,0,0,2,19814,21206.6,3022,15992,27363.9,21206.6,1.29034,0.774987,1,0,4,0,0,0,0,0,0,0,-1,3,0,0,2,1.33791,0
4,0,0,3,30422,32511,3997,30861,47400.3,32511,1.45798,0.685881,1,0,1,0,1,0.790569,1,0.790569,0,0,-1,3,2,0,0,1.15492,0
4,1,7,37,101303,127067,7664,108054,157387,144270,1.09092,0.807353,0.880754,0,3,0,1,0.790569,1,0.790569,0,0,-1,3,2,2,4,1.15492,1
4,0,0,3,42274,44363,4291,37537,47307.1,43666.6,1.08337,0.937766,1.01595,0,1,0,1,0.790569,1,0.790569,0,0,-1,3,2,1,1,1.15492,0
4,2,6,33,61091,84069.6,6793,77947,133253,109343,1.21867,0.630903,0.768864,0,5,0,1,0.790569,1,0.790569,0,0,-1,3,2,2,4,1.15492,0
4,0,0,1,89007,89703.3,6834,66202,98880.9,89703.3,1.10231,0.907186,1,0,4,0,11.4018,1.06066,11.4018,1.06066,0,0,-1,3,2,1,3,1.53558,1
4,0,0,5,26626,30107.6,3599,24367,49047.3,30107.6,1.62907,0.613849,1,0,1,0,0,0,0,0,0,0,-1,3,0,0,1,1.53558,0
4,2,4,33,32676,55654.6,7614,82506,63108.6,60663.9,1.0403,0.881886,0.917424,1,4,0,0,0,0,0,0,0,-1,3,0,0,3,1.53558,0
4,0,0,1,19282,19978.3,2984,17476,28478.5,19978.3,1.42547,0.701523,1,0,1,0,0,0,0,0,0,0,-1,3,0,0,1,1.53558,0
4,0,0,1,21101,21797.3,3284,17510,28348.2,21797.3,1.30054,0.768914,1,0,5,0,0,0,0,0,0,0,-1,3,0,0,0,0.917916,0
4,1,0,10,19052,26015.2,3091,18941,26015.2,38110.3,0.682629,1,0.682629,0,2,0,0,0,0,0,0,0,0,1,0,1,1,0.917916,0
4,0,0,3,27298,29387,3529,21979,33564.9,29387,1.14217,0.875527,1,0,2,0,0,0,0,0,0,0,-1,1,0,1,1,0.917916,0
4,0,0,3,88696,90785,6394,70962,101690,90785,1.12012,0.892759,1,0,3,0,4.12311,0.353553,4.12311,0.353553,0,0,-1,3,2,2,2,0.917916,1
4,1,2,20,48656,62582.4,4189,38591,65933.6,68190.6,0.966901,0.949174,0.917757,0,2,-1,0,0,0,0,0,0,-1,2,0,2,2,0.875916,0
4,0,0,1,24367,25063.3,3662,22774,31177.9,25063.3,1.24396,0.803881,1,0,1,0,0,0,0,0,0,0,-1,3,0,0,0,0.875916,0
4,1,2,33,43175,66153.6,4103,32045,71959.2,71788.9,1.00237,0.91932,0.921501,0,16,1,13.0384,0.901388,14.0357,0.790569,0,0.75,0,3,2,1,2,0.875916,1
4,1,2,28,40138,59635,4751,36571,77029.9,114819,0.670881,0.77418,0.519383,0,2,0,4.12311,0.353553,2.23607,0.790569,2,0.5,0,3,2,1,2,0.875916,0
4,0,0,1,17776,18472.3,3034,16616,27615.8,18472.3,1.49498,0.668904,1,0,2,0,0,0,0,0,0,0,-1,3,0,0,0,0.583077,0
4,1,1,19,24875,38105.1,3407,22481,42992.6,43587.6,0.986349,0.886317,0.874218,0,2,0,0,0,0,0,0,0,-1,3,0,0,0,0.583077,1
4,2,0,39,27648,54804.5,3873,24729,60022.8,54108.2,1.10931,0.913061,1.01287,1,1,0,0,0,0,0,0,0,-1,3,0,0,0,0.583077,1
4,2,6,53,50057,86962,6005,51861,104044,103212,1.00807,0.835816,0.842559,0,1,0,25.632,0.707107,25.632,0.707107,0,0,-1,1,1,1,4,0.583077,1
4,0,0,3,21797,23886,3324,18058,31580.5,23886,1.32214,0.756352,1,0,3,0,1,0.790569,1,0.790569,0,0,-1,3,2,0,1,1.39077,0
4,0,0,5,22123,25604.6,3309,20307,31626.2,24908.3,1.2697,0.809602,1.02796,0,3,0,0,0,0,0,0,0,-1,3,0,0,0,1.39077,0
4,2,1,54,56680,94281.3,6193,65869,112562,141293,0.796662,0.837592,0.667277,1,2,-1,0,0,0,0,0,0,-1,2,0,1,3,1.39077,1
4,1,1,26,48044,66148.3,5069,47997,107329,105795,1.0145,0.616313,0.625249,0,2,-1,0,0,0,0,0,0,-1,2,0,2,3,1.39077,0
4,0,0,1,29987,30683.3,3854,23764,36848.5,30683.3,1.20093,0.832688,1,0,2,0,0,0,0,0,0,0,-1,3,0,0,0,1.22891,0
4,0,0,2,12802,14194.6,2491,10879,19456.2,13498.3,1.44138,0.729569,1.05159,0,2,0,0,0,0,0,0,0,-1,3,0,0,0,1.22891,0
4,1,0,14,23419,33167.5,3312,20874,33167.5,46704.7,0.710153,1,0.710153,0,7,-1,0,0,0,0,0,0,-1,2,0,1,1,1.22891,1
4,0,0,2,26758,28150.6,3190,20298,34399.5,27454.3,1.25297,0.818344,1.02536,0,7,-1,0,0,0,0,0,0,-1,2,0,0,1,1.22891,0
4,1,1,33,79037,102016,4845,50187,144597,110899,1.30387,0.705515,0.919898,0,2,0,0,0,0,0,0,0,-1,3,0,1,1,1.2652,1
4,1,1,21,72667,87289.7,5182,52226,94479.4,89837,1.05168,0.923902,0.971646,0,2,0,4.12311,0.353553,4.12311,0.353553,0,0,-1,3,2,2,5,1.2652,0
4,2,2,32,52285,74567.2,5274,46168,81672,76149.5,1.07252,0.913009,0.979222,0,2,0,0,0,0,0,0,0,-1,3,0,1,3,1.2652,0
4,2,2,66,135113,181070,7609,110873,215773,188796,1.14289,0.839169,0.959078,1,4,0,4.24264,0.353553,4.24264,0.353553,0,0,-1,3,2,2,3,1.2652,1
4,0,0,5,69722,73203.6,5238,51136,79265.6,72507.3,1.09321,0.923522,1.0096,0,1,0,4,1.06066,4,1.06066,0,0,-1,3,2,1,4,1.5749,0
4,0,0,1,76329,77025.3,4124,36692,116123,77025.3,1.50759,0.663311,1,0,2,0,4,1.06066,4,1.06066,0,0,-1,3,2,2,3,1.5749,1
4,1,5,15,64104,74548.8,4184,37062,85034.4,77479,1.09752,0.876689,0.962181,0,2,0,4,1.06066,4,1.06066,0,0,-1,3,2,1,2,1.5749,0
4,2,2,62,66518,109690,5219,50619,116637,125141,0.93205,0.940435,0.876532,1,3,0,4,1.06066,4,1.06066,0,0,-1,3,2,2,4,1.5749,0
3,1,1,13,55137,58717.4,4910,38746,64321.6,60096.3,1.07031,0.912872,0.977055,0,1,0,0,0,0,0,0,0,-1,3,0,1,1,1.35066,0
3,1,1,17,56038,60720,4969,43257,63946.4,60916.8,1.04973,0.949546,0.996769,0,1,1,0,0.25,0,0.25,0,0,0,3,2,1,1,1.35066,0
3,0,0,3,41765,42591.2,3852,27066,45070,42315.8,1.06509,0.945003,1.00651,0,1,1,0,0.25,0,0.25,0,0,-1,3,2,1,1,1.35066,0
3,0,0,1,62654,62929.4,5076,42802,64315.2,62654,1.02651,0.978453,1.0044,0,1,1,0,0.25,0,0.25,0,0,-1,3,2,2,2,1.35066,0
3,1,1,6,67435,69087.5,5336,46804,75579.2,73292.8,1.0312,0.914107,0.942623,0,1,1,0,0.25,0,0.25,0,0,-1,3,2,1,1,1.43011,0
3,0,0,3,52313,53139.2,4159,31623,54820.9,52863.8,1.03702,0.969325,1.00521,0,1,1,0,0.25,0,0.25,0,0,-1,3,2,0,0,1.43011,0
3,1,2,17,51864,56546,4719,36481,62546.2,61282,1.02063,0.904068,0.922718,0,1,1,0,0.25,0,0.25,0,0,-1,3,2,1,1,1.43011,0
3,0,0,5,46278,47655.1,4194,30022,49858.4,47655.1,1.04623,0.955809,1,0,1,1,0,0.25,0,0.25,0,0,-1,3,2,1,1,1.43011,0
3,2,6,43,39721,51563.8,5061,42915,66877,77514,0.862774,0.771024,0.665219,0,4,-1,0,0,0,0,0,0,-1,2,0,2,2,1.24561,0
3,2,4,83,67583,90442.3,7084,79888,97042,146263,0.663477,0.931992,0.618355,0,8,0,18.6815,0.559017,17.72,0.559017,1,0.790569,0,1,2,1,1,1.24561,0
3,2,7,46,35872,48541,5340,44168,59701.4,56654,1.05379,0.813064,0.856798,1,6,-1,0,0,0,0,0,0,-1,2,0,0,0,1.24561,1
3,1,2,55,38163,53310.8,4535,40609,73431.9,79446.7,0.924291,0.725989,0.671025,0,1,0,18.6815,0.901388,16.7631,0.25,1.41421,0.790569,0,3,2,2,3,1.24561,0
3,1,4,24,32118,38727.9,3934,28092,38551.3,41438.5,0.930325,1.00458,0.934588,0,2,0,18.6815,0.559017,18.6815,0.559017,0,0,-1,1,2,1,1,1.7725,0
3,1,0,9,21631,24109.7,3052,15176,24109.7,48999.6,0.492039,1,0.492039,0,1,0,0,0,0,0,0,0,1,1,0,1,1,1.7725,0
3,1,6,27,48488,55924.2,5140,44376,62380.2,67119.1,0.929396,0.896505,0.833208,0,1,0,18.0278,1.06066,18.0278,1.06066,0,0,-1,3,2,2,2,1.7725,1
3,0,0,4,26555,27656.7,3555,19983,28811.1,27381.2,1.05222,0.959931,1.01006,0,2,0,0,0,0,0,0,0,-1,1,0,1,2,1.7725,1
3,0,0,2,21658,22208.8,3059,14671,25065.8,22208.8,1.12864,0.886021,1,0,1,0,0,0,0,0,0,0,-1,1,0,0,0,0.871795,0
3,0,0,1,15791,16066.4,2677,11579,19388.8,16066.4,1.20679,0.828644,1,0,1,0,0,0,0,0,0,0,-1,1,0,0,0,0.871795,0
3,0,0,4,26745,27846.7,3254,17192,29499.1,27571.2,1.06992,0.943982,1.00999,0,1,0,0,0,0,0,0,0,-1,1,0,0,1,0.871795,0
3,0,0,1,18421,18696.4,2540,10912,21175.1,18696.4,1.13258,0.882942,1,0,1,0,0,0,0,0,0,0,-1,1,0,0,0,0.871795,0
3,0,0,5,50743,52120.1,3992,29530,54792,52120.1,1.05127,0.951234,1,0,1,0,0,0,0,0,0,0,-1,3,0,1,1,0.675481,0
3,1,1,11,54931,57960.6,4426,37590,64303.2,63681.4,1.00976,0.901363,0.910164,0,1,0,0,0,0,0,0,0,-1,3,0,1,1,0.675481,1
3,0,0,3,47978,48804.2,3833,26605,50961.7,48804.2,1.04421,0.957665,1,0,1,0,0,0,0,0,0,0,-1,3,0,1,1,0.675481,0
3,0,0,4,47840,48941.7,3798,26944,49765.1,48666.2,1.02258,0.983453,1.00566,0,1,0,1,0.353553,1,0.353553,0,0,-1,3,2,0,2,0.675481,0
3,1,5,32,56974,65787.2,4776,44832,74594.1,72581.2,1.02773,0.881936,0.906394,0,7,1,0,0.25,0,0.25,0,0,1,3,2,1,2,1.29844,0
3,0,0,3,82400,83226.2,5400,51094,86255.8,82950.8,1.03984,0.964877,1.00332,0,7,1,0,0.25,0,0.25,0,0,-1,3,2,2,2,1.29844,1
3,1,6,25,80517,87402.3,5907,57459,90466.4,94263.2,0.959721,0.96613,0.927216,0,3,1,0,0.353553,0,0.353553,0,0,1,3,2,2,3,1.29844,1
3,0,0,4,73855,74956.7,5343,47717,77710.8,74405.8,1.04442,0.964559,1.0074,0,3,1,0,0.25,0,0.25,0,0,-1,3,2,2,5,1.29844,1
3,0,0,3,53197,54023.2,4289,31193,57052.8,53747.8,1.06149,0.946899,1.00512,0,3,1,0,0.25,0,0.25,0,0,-1,3,2,2,3,1.26311,0
3,0,0,1,48054,48329.4,4200,30170,52493.4,48329.4,1.08616,0.920676,1,0,3,1,0,0.25,0,0.25,0,0,-1,3,2,1,1,1.26311,0
3,1,1,25,91725,98610.3,6033,62265,102433,103292,0.99169,0.962679,0.954679,0,6,1,0,0.25,0,0.25,0,0,-1,3,2,2,4,1.26311,0
3,0,0,2,34913,35463.8,3833,25177,36667.6,35188.4,1.04203,0.967172,1.00783,0,6,0,1,0.353553,1,0.353553,0,0,-1,3,2,1,1,1.26311,0
3,0,0,1,11477,11752.4,2496,10160,14261.1,11752.4,1.21346,0.824087,1,0,8,0,0,0,0,0,0,0,-1,1,0,0,0,0.269231,0
3,0,0,2,19210,19760.8,2705,13237,22845,19485.4,1.17242,0.864995,1.01413,0,8,0,0,0,0,0,0,0,-1,1,0,0,0,0.269231,0
3,2,0,67,30169,48621.7,3911,24887,49998.8,48621.7,1.02832,0.972458,1,0,2,0,0,0,0,0,0,0,-1,1,0,1,1,0.269231,1
3,0,0,1,22201,22476.4,3144,16460,24679.7,22476.4,1.09803,0.910724,1,0,2,0,0,0,0,0,0,0,-1,1,0,1,2,0.269231,0
3,0,0,2,21450,22000.8,3129,15995,24779.2,21725.4,1.14056,0.887875,1.01268,0,5,0,0,0,0,0,0,0,-1,1,0,0,0,0.90625,0
3,0,0,3,19727,20553.2,2919,14269,23654.7,20553.2,1.1509,0.868887,1,0,1,-1,0,0,0,0,0,0,-1,2,0,1,1,0.90625,0
3,0,0,1,22169,22444.4,3250,16968,24923.1,22444.4,1.11044,0.900545,1,0,1,0,0,0,0,0,0,0,-1,1,0,1,1,0.90625,0
3,2,0,70,35013,54292,4893,40177,56694.1,54292,1.04424,0.95763,1,1,11,-1,0,0,0,0,0,0,-1,2,0,2,2,0.90625,1
3,2,2,29,38292,46279,4400,32802,59387.3,57600.9,1.03101,0.779275,0.803442,1,9,0,18.6815,0.75,18.6815,0.75,0,0,-1,3,2,1,3,1.50884,1
3,2,6,93,60486,86099.5,5512,52420,92874.8,97198.4,0.955519,0.927048,0.885812,0,6,0,20.6155,0.901388,20.6155,0.901388,0,0,-1,3,2,2,4,1.50884,1
3,3,0,538,152940,301113,23997,923873,330591,328572,1.00615,0.910831,0.916428,0,102,-1,0,0,0,0,0,0,-1,0,0,2,5,1.50884,1
3,2,1,246,68687,136439,5621,53765,147584,151354,0.975096,0.924481,0.901457,2,4,0,15.0333,0.901388,16.5529,0.790569,8,0.75,0,3,2,2,6,1.50884,1
3,2,2,61,49758,66558.2,5803,54667,80856.6,95830.3,0.843747,0.823164,0.694543,0,6,0,18.0278,1.06066,18.0278,1.06066,0,0,1,3,2,2,5,1.65745,1
3,0,0,4,19887,20988.7,2979,14551,24021,20437.8,1.17532,0.873762,1.02695,0,1,0,0,0,0,0,0,0,-1,3,0,0,4,1.65745,0
3,2,0,13,27432,31012.4,4450,31818,32389.4,30461.6,1.06329,0.957484,1.01808,0,1,0,0,0,0,0,0,0,-1,1,0,1,5,1.65745,1
3,0,0,3,22796,23622.2,3371,19323,26603.7,23346.8,1.1395,0.887931,1.0118,0,2,0,0,0,0,0,0,0,-1,3,0,0,2,1.65745,0
3,1,2,9,74929,77407.7,5652,51368,84822.2,80431.8,1.05459,0.912588,0.962402,0,1,0,0,0,0,0,0,0,-1,3,0,1,3,1.47186,0
3,0,0,6,85742,87394.5,5800,56168,91112.4,87119.1,1.04584,0.959194,1.00316,0,1,1,0,0.25,0,0.25,0,0,-1,3,2,1,4,1.47186,1
3,2,1,145,56845,96780,6518,83994,97759.2,107740,0.907362,0.989983,0.898274,1,3,1,0,0.353553,0,0.559017,0,0.25,1,3,2,2,2,1.47186,1
3,2,4,375,103283,206563,7835,105367,265422,291624,0.910153,0.778243,0.70832,2,2,1,0,0.25,0,0.25,0,0,-1,3,2,2,5,1.47186,1
3,1,7,28,94431,102143,6426,77288,108054,126666,0.853062,0.945295,0.806395,0,2,1,0,0.353553,0,0.559017,0,0.25,1,3,2,2,4,1.56681,0
3,0,0,2,16592,17142.8,2980,14630,19613.1,17142.8,1.1441,0.874048,1,0,3,0,1,0.353553,1,0.353553,0,0,-1,3,2,0,0,1.56681,0
3,2,4,259,62290,133622,6398,76458,261762,279898,0.935205,0.510471,0.477395,2,3,1,0,0.353553,0,0.559017,0,0.25,1,1,2,2,4,1.56681,1
3,3,0,173,47353,94999.6,8142,113274,108792,109911,0.989816,0.873224,0.86433,2,2,-1,0,0,0,0,0,0,-1,0,0,1,2,1.56681,1
3,0,0,4,19671,20772.7,2779,13595,22149.7,20497.2,1.08062,0.937829,1.01344,0,2,0,0,0,0,0,0,0,-1,1,0,1,1,1.01142,0
3,2,7,127,58904,93881.5,5230,48378,126514,129084,0.980094,0.742064,0.727292,1,5,0,15.8114,0.707107,15.5242,0.790569,9.05539,0.790569,1,3,1,2,2,1.01142,1
3,2,6,166,67476,113195,5984,62586,131949,145442,0.90723,0.857865,0.778281,2,6,1,0,0,0,0,0,0,-1,3,0,1,1,1.01142,1
3,2,5,157,62875,106115,7379,98037,124828,174411,0.715714,0.850087,0.608419,1,7,0,20.5183,0.790569,19.799,0.25,2,0.559017,0,3,2,1,4,1.01142,1
3,2,0,50,20498,34268.7,4139,32649,35659.1,33717.9,1.05757,0.961009,1.01634,1,1,0,20.6155,0.559017,20.6155,0.559017,0,0,-1,3,2,2,5,1.4389,0
3,2,6,48,32208,45427.9,4530,35996,66223.7,71140.3,0.930889,0.685976,0.638567,2,6,0,20.6155,0.559017,20.6155,0.559017,0,0,-1,3,2,1,2,1.4389,1
3,2,0,98,61337,88327.5,6792,79842,93675.2,88052.1,1.06386,0.942913,1.00313,1,5,0,20.6155,0.559017,20.6155,0.559017,0,0,-1,3,2,2,4,1.4389,1
3,2,0,10,21938,24692.1,4769,36449,26069.2,24141.3,1.07986,0.947176,1.02282,0,3,0,0,0,0,0,0,0,-1,1,0,1,4,1.4389,0
3,2,2,156,57602,100567,6409,71069,117423,116491,1.008,0.85645,0.863302,1,6,-1,0,0,0,0,0,0,-1,2,0,2,2,1.33479,1
3,2,1,165,49448,94891.3,5369,52319,95145.8,117861,0.807271,0.997325,0.805111,1,3,0,10.7703,0.5,5.65685,0.353553,6,0.353553,1,3,1,2,5,1.33479,1
3,1,0,12,27294,30599,3700,22834,30323.6,30738.2,0.986509,1.00908,0.995469,0,1,-1,0,0,0,0,0,0,-1,2,0,1,3,1.33479,0
3,0,0,6,19556,21208.5,2979,15087,23789.6,20933.1,1.13646,0.891502,1.01316,0,1,0,0,0,0,0,0,0,-1,3,0,0,3,1.33479,0
3,3,0,226,49818,112061,10640,241978,130394,125509,1.03892,0.85941,0.892856,2,2,-1,0,0,0,0,0,0,-1,0,0,2,6,1.87196,1
3,2,2,105,51083,80001.4,5731,64333,81012.1,79635,1.01729,0.987525,1.0046,0,2,0,0,0,0,0,0,0,-1,3,0,2,6,1.87196,1
3,0,0,2,19273,19823.8,3201,17623,21463.7,19823.8,1.08272,0.923597,1,0,1,0,0,0,0,0,0,0,-1,3,0,0,3,1.87196,0
3,2,0,9,15495,17973.7,3613,21427,19990,17698.3,1.12948,0.899137,1.01556,0,3,0,0,0,0,0,0,0,-1,3,0,0,3,1.87196,0
3,2,5,111,28205,58775.9,3599,22149,59948.4,84056.6,0.713191,0.980441,0.699242,0,3,0,51.4198,0.25,74.9533,1.06066,23.5372,0.901388,1,1,2,0,2,1.22564,1
3,2,0,31,8532,17069.8,4045,27879,16519,20601.7,0.801827,1.03335,0.828564,0,2,0,50.448,0.790569,48.5077,0.75,1,0.25,0,3,2,2,6,1.22564,0
3,2,6,19,34479,39711.9,3344,20500,56764.4,47471.8,1.19575,0.69959,0.836535,0,1,-1,0,0,0,0,0,0,-1,2,0,0,2,1.22564,0
3,1,0,31,17636,26173.8,2564,12216,25898.4,42990.2,0.602426,1.01063,0.608832,0,1,0,54.1295,0.790569,57.8705,0.790569,4.12311,0,0,3,2,1,2,1.22564,0
3,2,2,22,12996,19055.1,3797,24769,26633.7,21126.3,1.26069,0.715451,0.901962,0,12,0,54.4518,0.559017,54.4518,0.559017,0,0,-1,3,2,2,5,1.69927,1
3,1,0,44,23640,35758.2,3108,16164,35207.4,55905.4,0.629767,1.01565,0.639619,0,1,0,45.31,0.901388,41.1096,0.559017,14.8661,0.5,0,3,2,1,5,1.69927,0
3,2,0,12,14236,17541,3196,17672,19922,17265.6,1.15386,0.880482,1.01595,0,3,0,54.1295,0.790569,54.1295,0.790569,0,0,-1,3,2,2,4,1.69927,0
3,2,7,130,42191,77994.8,4665,39679,88294.4,108469,0.814007,0.883349,0.719053,1,4,0,49.8197,0.790569,45.5412,0.790569,4.47214,0,0,3,2,1,2,1.69927,1
3,1,7,15,28037,32168.2,3148,18510,32942.3,32336.7,1.01873,0.976501,0.994791,0,2,1,0,0,0,0,0,0,-1,3,0,1,2,1.79264,1
3,1,2,23,24553,30887.5,3790,23720,60297.5,47334.9,1.27385,0.512252,0.652532,0,2,0,0,0,0,0,0,0,1,1,0,2,3,1.79264,0
3,2,0,9,23931,26409.7,4580,35412,27786.8,25858.9,1.07455,0.950442,1.0213,0,1,0,0,0,0,0,0,0,-1,1,0,1,4,1.79264,0
3,1,4,44,34659,46777.2,3465,43035,47440.5,59269.6,0.800418,0.986019,0.789227,0,3,0,0,0,0,0,0,0,-1,1,0,2,3,1.79264,1
3,2,2,406,113985,225803,7754,113018,268862,310942,0.864671,0.839846,0.726191,1,1,-1,0,0,0,0,0,0,-1,2,0,2,4,1.811,1
3,2,5,132,94181,130536,9124,135658,178605,261552,0.682866,0.730861,0.49908,2,8,0,18.6011,0.901388,17.0294,0.707107,3,0.25,0,3,2,2,6,1.811,1
3,2,1,54,86812,101684,6207,71399,118076,133916,0.881723,0.861173,0.759316,0,3,0,21.6333,0.559017,22.2036,0.707107,1,0.25,1,3,2,2,5,1.811,0
3,2,1,71,33245,52799.4,4832,44628,63407.1,86423.5,0.733678,0.832704,0.610937,0,1,0,18.868,0.790569,17,0.5,2.23607,0.353553,1,3,2,2,5,1.811,0
3,1,1,53,34667,49263.9,4379,43941,63744.5,161662,0.394308,0.772834,0.304734,0,7,0,16.2788,0.901388,13.6015,0.790569,4,0.25,0,3,2,2,6,1.76074,0
3,2,6,43,28766,40608.8,4799,43279,62368.6,64751.3,0.963203,0.651109,0.62715,0,1,0,17.8045,0.790569,19.8494,0.901388,2.23607,0.901388,0,3,2,1,2,1.76074,0
3,2,1,124,109734,143885,6932,89922,156413,211771,0.738596,0.919906,0.679439,2,11,0,13.6015,1.06066,10.2956,0.790569,4.24264,0.5,1,3,2,2,3,1.76074,0
3,2,0,23,19393,25727.5,5022,42456,26135.5,25727.5,1.01586,0.984389,1,0,8,1,0,0,0,0,0,0,-1,3,0,1,1,1.76074,0
3,0,0,2,26234,26784.8,3481,19017,29035,26784.8,1.08401,0.922503,1,0,5,0,0,0,0,0,0,0,-1,3,0,1,1,0.597319,0
3,0,0,3,17008,17834.2,2937,14645,20799.8,17834.2,1.16628,0.857424,1,0,3,-1,0,0,0,0,0,0,-1,2,0,1,1,0.597319,0
3,0,0,2,20590,21140.8,2889,14235,23775,21140.8,1.1246,0.889205,1,0,1,0,0,0,0,0,0,0,-1,3,0,1,1,0.597319,0
3,0,0,1,19135,19410.4,2961,15359,21800,19410.4,1.12311,0.890387,1,0,1,0,0,0,0,0,0,0,-1,3,0,0,0,0.597319,0
3,0,0,2,15404,15954.8,2710,12724,18709,15954.8,1.17262,0.852791,1,0,8,-1,0,0,0,0,0,0,-1,2,0,1,1,1.25765,0
3,2,0,34,32223,41587.1,4138,27226,47047.7,41587.1,1.13131,0.883934,1,0,1,-1,0,0,0,0,0,0,-1,2,0,2,2,1.25765,1
3,0,0,1,15140,15415.4,2623,13071,18573,15415.4,1.20483,0.829992,1,0,1,0,0,0,0,0,0,0,-1,3,0,0,0,1.25765,0
3,0,0,2,13872,14422.8,2685,12249,17436,14147.4,1.23245,0.827188,1.01947,0,1,0,0,0,0,0,0,0,-1,3,0,0,2,1.25765,0
3,2,1,59,31156,47405.4,4458,33460,58399.8,77413.5,0.754388,0.811739,0.612366,1,1,0,52.1728,0.75,50.9902,0.353553,1.41421,0.901388,1,3,2,1,2,1.69339,1
3,3,0,15,25354,29485.2,3793,27385,38203.8,36551.3,1.04521,0.771788,0.806681,0,1,-1,0,0,0,0,0,0,-1,0,0,1,4,1.69339,1
3,0,0,2,16167,16717.8,2859,14597,19481.8,16442.4,1.18485,0.858126,1.01675,0,2,0,0,0,0,0,0,0,-1,3,0,0,3,1.69339,0
3,0,0,1,15902,16177.4,2828,13732,20392.6,15902,1.28239,0.793298,1.01732,0,2,0,0,0,0,0,0,0,-1,3,0,0,3,1.69339,0
3,0,0,4,23841,24942.7,3137,16871,27146,24667.2,1.10049,0.918835,1.01117,0,2,0,0,0,0,0,0,0,-1,1,0,1,3,2.083,0
3,2,1,166,51161,96879.7,5450,55478,100788,110608,0.911217,0.961226,0.875886,1,3,1,19.7231,0.559017,38.0789,0.5,19.7231,0.559017,0,3,2,2,4,2.083,1
3,0,0,2,25420,25970.8,3449,19205,29167.6,25695.4,1.13513,0.890399,1.01072,0,2,0,0,0,0,0,0,0,-1,3,0,0,1,2.083,0
3,2,6,169,70965,117510,5541,54725,162064,131544,1.23201,0.725083,0.893313,2,1,0,0,0,0,0,0,0,-1,3,0,2,4,2.083,1
3,2,1,39,36407,47148.1,4138,35136,54437.1,60783.8,0.895585,0.866104,0.77567,0,3,0,21.095,0.559017,21.095,0.559017,0,0,-1,3,2,2,4,1.98659,1
3,2,1,126,65095,99797.1,6000,68904,111763,143677,0.777873,0.892938,0.694592,2,1,0,19.7231,0.901388,18.3576,0,2,0.901388,0,3,2,2,3,1.98659,1
3,2,2,147,69215,109701,6253,66761,157701,124354,1.26817,0.695624,0.882166,0,4,0,10,0.25,12.8062,0.75,2.23607,1.06066,0,3,2,2,6,1.98659,0
3,2,7,96,53089,79528.7,4704,37030,103066,84510.3,1.21957,0.771627,0.941054,0,2,0,27.5862,0.559017,27.5862,0.559017,0,0,-1,3,2,2,5,1.98659,1
3,2,1,276,67071,143085,6467,75027,191303,191353,0.99974,0.747951,0.747757,2,12,0,16.1555,0.353553,17.0294,0.5,4.12311,1.06066,0,3,2,2,3,1.56155,1
3,2,6,19,17380,22612.9,3449,20787,24858.6,22904.9,1.0853,0.90966,0.987252,0,1,1,0,0,0,0,0,0,-1,3,0,1,2,1.56155,0
3,2,6,33,28049,37137.7,4600,39782,39613,36949.2,1.0721,0.937511,1.0051,0,6,1,40.2244,0.559017,40.2244,0.559017,0,0,-1,1,2,2,6,1.56155,0
3,2,0,17,22625,27307,4085,31421,28542,27307,1.04523,0.956732,1,0,1,0,0,0,0,0,0,0,-1,3,0,0,1,1.56155,0
3,2,7,34,32328,41692.1,4910,44994,64300.8,75187.5,0.855205,0.648391,0.554508,0,2,0,1,0.25,1,0.25,0,0,-1,3,2,1,1,1.84222,0
3,2,2,220,87443,148034,6591,76921,157443,210950,0.746351,0.94024,0.701748,2,2,0,6.7082,0.707107,6.08276,0.901388,1,0.75,1,3,1,2,4,1.84222,1
3,2,4,91,32226,57288.6,4924,41524,68619.7,65343.2,1.05014,0.834872,0.876735,1,4,0,1,0.5,1,0.75,1,0.25,0,3,1,2,2,1.84222,1
3,2,6,15,56906,61037.2,5351,48449,68452.7,65381.8,1.04697,0.89167,0.933551,0,14,0,6.7082,0.901388,6.7082,0.901388,0,0,-1,3,2,2,5,1.84222,1
3,1,4,56,35736,51159.2,6207,67537,67769.7,65361.6,1.03684,0.754897,0.782709,0,1,-1,0,0,0,0,0,0,-1,2,0,1,3,1.87815,0
3,2,0,45,23185,35578.6,4564,35650,38931.8,35578.6,1.09425,0.913871,1,1,4,0,0,0,0,0,0,0,-1,3,0,1,3,1.87815,0
3,0,0,3,29683,30509.2,3977,24649,34581.7,30233.8,1.14381,0.882237,1.00911,0,1,0,1,1.06066,1,1.06066,0,0,-1,3,2,1,3,1.87815,0
3,2,0,9,19152,21630.7,3737,23925,23086.2,21355.3,1.08105,0.936954,1.0129,0,1,0,0,0,0,0,0,0,-1,3,0,0,0,1.87815,0
3,2,0,8,11843,14046.3,2661,11267,14147.6,14046.3,1.00721,0.992844,1,0,3,1,40.2244,0.559017,40.2244,0.559017,0,0,-1,3,2,1,2,1.03322,0
3,1,0,37,31065,41255.3,3705,26349,41255.3,80059,0.515311,1,0.515311,0,1,0,12.2066,0.707107,12.2066,0.25,1.41421,0.559017,0,3,1,1,1,1.03322,1
3,2,0,8,16833,19036.3,3524,23948,20138,19036.3,1.05787,0.945295,1,0,1,0,0,0,0,0,0,0,-1,1,0,0,0,1.03322,0
3,2,0,47,18348,31292.4,3027,15963,32883.8,31017,1.06018,0.951608,1.00888,0,1,0,0,0,0,0,0,0,-1,1,0,0,2,1.03322,1
3,0,0,2,21565,22115.8,3307,18111,24281.4,22115.8,1.09792,0.910814,1,0,1,0,0,0,0,0,0,0,-1,1,0,0,1,1.30744,0
3,1,5,33,30206,39294.7,4051,32865,51764,76350.7,0.677976,0.759112,0.51466,0,2,0,0,0,0,0,0,0,-1,1,0,2,2,1.30744,0
3,2,2,165,54105,99548.3,5813,66831,107782,111756,0.964447,0.923604,0.890768,1,7,0,0,0,0,0,0,0,-1,1,0,2,4,1.30744,1
3,2,5,106,143992,173186,8261,121939,176919,225649,0.784042,0.9789,0.767499,0,3,0,8.544,0.559017,8.06226,0,2,0.559017,0,3,2,2,3,1.30744,1
3,2,6,27,42485,49921.2,4721,47177,58954.8,55771.8,1.05707,0.84677,0.895097,0,2,-1,0,0,0,0,0,0,-1,2,0,2,2,1.09697,1
3,2,0,11,23521,26550.6,5249,45979,28278.9,26275.1,1.07626,0.938883,1.01048,0,11,0,0,0,0,0,0,0,-1,3,0,0,1,1.09697,0
3,1,7,51,64830,78876.1,5715,61651,85197.9,109111,0.780838,0.925798,0.722899,0,4,0,7.07107,0.559017,8.60233,0.790569,8.24621,0.901388,0,3,2,2,5,1.09697,1
3,1,0,12,25556,28861,3912,23602,28585.6,41433.5,0.689914,1.00963,0.696561,0,1,-1,0,0,0,0,0,0,-1,2,0,2,4,1.09697,0
3,0,0,1,27566,27841.4,3612,21900,32234.4,27841.4,1.15779,0.863716,1,0,1,0,1,0.25,1,0.25,0,0,-1,3,2,0,1,1.16449,0
3,0,0,2,13265,13815.8,2504,11072,17960,13815.8,1.29996,0.769254,1,0,1,0,1,0.25,1,0.25,0,0,-1,3,2,0,0,1.16449,0
3,0,0,4,18722,19823.7,2932,16416,22625.4,19823.7,1.14133,0.876169,1,0,1,0,1,0.25,1,0.25,0,0,-1,3,2,1,1,1.16449,0
3,0,0,1,23824,24099.4,3027,18247,28046,24099.4,1.16376,0.859281,1,0,1,0,1,0.25,1,0.25,0,0,-1,3,2,0,0,1.16449,0
3,2,0,41,16364,27656,3219,18317,29850.1,27380.5,1.09019,0.926495,1.01006,1,5,0,1,0.25,1,0.25,0,0,-1,3,2,0,0,1.52088,1
3,3,0,109,20019,50039.1,8076,97904,58414.8,60559.4,0.964588,0.856616,0.826281,0,4,-1,0,0,0,0,0,0,-1,0,0,1,4,1.52088,0
3,0,0,2,18022,18572.8,2893,14715,23285.3,18297.4,1.2726,0.797619,1.01505,0,1,0,1,0.25,1,0.25,0,0,-1,3,2,0,2,1.52088,0
3,2,0,21,17920,23703.7,3541,19637,23703.7,33776.7,0.701777,1,0.701777,0,1,1,0,0,0,0,0,0,1,1,0,1,2,1.52088,0
3,2,2,342,106268,200459,6369,74661,203899,211423,0.964412,0.983132,0.948145,1,25,0,12.2066,0.707107,13.6015,0.790569,3.60555,1.06066,1,1,1,2,5,2.1085,1
3,2,1,80,57081,79114.1,6584,84510,89085.7,98062.6,0.908458,0.888067,0.806771,0,1,0,8.544,0.75,8.544,0,1,0.75,0,3,2,2,6,2.1085,0
3,2,0,210,59976,117813,5070,46828,133901,117537,1.13922,0.879854,1.00234,0,8,1,0,0,0,0,0,0,-1,3,0,2,4,2.1085,1
3,2,0,77,66226,87432.9,5036,45018,87157.4,101533,0.858413,1.00316,0.861126,0,1,0,11.0454,0.559017,12,0.790569,2.23607,0.559017,0,1,2,2,4,2.1085,0
3,2,4,108,74645,104390,5477,51653,107906,141667,0.761687,0.967412,0.736866,0,4,0,8.24621,0.707107,8.24621,0.25,1.41421,0.559017,0,1,1,1,4,1.83688,1
3,0,0,5,23432,24809.1,3129,20013,26980.6,24533.7,1.09974,0.919514,1.01123,0,1,-1,0,0,0,0,0,0,-1,2,0,2,4,1.83688,0
3,2,1,140,60739,99296.9,4521,35403,102321,108529,0.942793,0.970449,0.914932,1,12,0,14.1421,0.901388,18.2483,0.559017,3.16228,0.5,0,3,2,2,4,1.83688,1
3,2,6,72,40055,59884.8,4191,38883,66956.8,72987.5,0.917373,0.89438,0.82048,1,2,-1,0,0,0,0,0,0,-1,2,0,2,4,1.83688,0
4,1,1,13,56878,65930.2,5582,60134,74177.8,75945.2,0.976727,0.888813,0.868128,0,2,0,0,0,0,0,0,0,-1,3,0,0,0,0.846154,0
4,1,1,16,59124,70265.1,5841,61127,83725.8,78851.6,1.06181,0.839229,0.891105,0,2,1,0,0.25,1,0.559017,1,0.353553,1,1,2,0,0,0.846154,0
4,1,2,11,58880,66539.5,4374,41938,68983.4,67015.6,1.02936,0.964572,0.992895,0,2,0,1,0.353553,1,0.353553,0,0,-1,3,2,0,0,0.846154,0
4,1,4,19,92919,106149,6901,96361,118692,117976,1.00607,0.894325,0.899754,0,2,0,1,0.353553,1,0.353553,0,0,-1,3,2,1,1,0.846154,0
4,1,1,6,76069,80246.9,5560,51460,96332.8,93649.2,1.02866,0.833018,0.856888,0,2,1,0,0.25,0,0.25,0,0,-1,1,2,0,0,1,0
4,1,1,10,52740,59703.2,4378,34922,60399.5,61886.2,0.975977,0.988471,0.964725,0,2,1,0,0.25,0,0.25,0,0,-1,1,2,0,0,1,0
4,1,2,23,60457,76472.4,5487,52795,81685.1,85021.6,0.960757,0.936185,0.899446,0,2,0,1,0.353553,1,0.353553,0,0,-1,3,2,0,0,1,0
4,0,0,6,52815,56992.9,4228,32582,60646.8,56992.9,1.06411,0.939751,1,0,2,0,1,0.353553,1,0.353553,0,0,-1,3,2,0,0,1,0
4,0,0,4,67770,70555.3,5678,52930,79400.1,70555.3,1.12536,0.888605,1,0,1,0,9.21954,1.06066,9.21954,1.06066,0,0,-1,3,2,1,1,1.05811,1
4,0,0,6,52520,56697.9,4597,38771,63150.7,56001.6,1.12766,0.897819,1.01243,0,2,0,9.48683,0.353553,9.48683,0.353553,0,0,-1,3,2,0,1,1.05811,0
4,0,0,3,53189,55278,5442,44694,74244.6,55278,1.34311,0.744538,1,0,6,0,9.21954,0.75,9.21954,0.75,0,0,-1,3,2,1,3,1.05811,0
4,1,1,13,35865,44917.2,3822,26426,50158,47354.3,1.05921,0.895513,0.948534,0,2,0,9.48683,0.353553,9.48683,0.353553,0,0,-1,3,2,1,2,1.05811,0
4,0,0,1,42383,43079.3,4460,33806,48201.8,43079.3,1.11891,0.893728,1,0,2,0,9.48683,0.353553,9.48683,0.353553,0,0,-1,3,2,1,1,1.79671,1
4,0,0,1,21121,21817.3,3018,15104,27383.9,21817.3,1.25514,0.796721,1,0,2,0,0,0,0,0,0,0,-1,3,0,0,1,1.79671,0
4,0,0,2,56336,57728.6,4710,50520,64413,57728.6,1.11579,0.896226,1,0,5,0,9.48683,0.353553,9.48683,0.353553,0,0,-1,3,2,2,4,1.79671,1
4,0,0,3,24321,26410,3487,19195,31641.5,26410,1.19809,0.834662,1,0,1,0,0,0,0,0,0,0,-1,3,0,1,3,1.79671,0
4,1,5,29,64878,85071.3,5426,62884,107957,223818,0.482343,0.78801,0.380091,0,1,1,1,0.790569,1,0.5,0,0.790569,0,3,2,0,0,0.956294,0
4,1,4,13,105744,114796,6893,109857,156058,225934,0.690727,0.735597,0.508097,0,6,-1,0,0,0,0,0,0,-1,2,0,2,2,0.956294,0
4,1,2,20,93763,107689,6386,78506,119565,115630,1.03403,0.900678,0.931325,0,3,1,0,0,0,0,0,0,-1,3,0,2,2,0.956294,1
4,1,7,22,86295,101614,5784,57612,103363,104408,0.989993,0.983075,0.973237,0,3,0,1,0.707107,1.41421,0,1,0.707107,0,1,1,2,3,0.956294,1
4,0,0,4,63865,66650.3,4876,39150,73551.8,65954,1.1152,0.906167,1.01056,0,3,0,1,0.25,1,0.25,0,0,-1,3,2,1,1,1.04196,0
4,0,0,1,48145,48841.3,4321,32345,57893.5,48841.3,1.18534,0.843641,1,0,3,0,1,0.25,1,0.25,0,0,-1,3,2,0,0,1.04196,0
4,1,7,25,108559,125967,8353,132905,220884,215338,1.02575,0.570286,0.584973,0,6,1,1,0.559017,1,0.353553,1,0.25,1,1,2,1,2,1.04196,0
4,0,0,2,46818,48210.6,4198,33322,50829.8,48210.6,1.05433,0.948471,1,0,1,1,1,0.25,1,0.25,0,0,-1,1,2,0,0,1.04196,0
4,0,0,1,21861,22557.3,3285,16941,30986.8,22557.3,1.37369,0.727965,1,0,3,0,0,0,0,0,0,0,-1,3,0,0,0,0.905533,0
4,0,0,5,22078,25559.6,2845,13991,28649.2,25559.6,1.12088,0.892159,1,0,3,0,9.21954,0.75,9.21954,0.75,0,0,-1,3,2,0,0,0.905533,0
4,0,0,1,23848,24544.3,3418,18398,31421.5,24544.3,1.2802,0.781131,1,0,3,0,0,0,0,0,0,0,-1,3,0,0,0,0.905533,0
4,2,2,76,65436,118356,7317,95429,121250,124400,0.974682,0.976133,0.95142,1,3,0,0,0,0,0,0,0,-1,3,0,2,2,0.905533,1
4,0,0,2,37565,38957.6,4145,29151,58592.2,38957.6,1.504,0.664894,1,0,2,0,9.21954,0.75,9.21954,0.75,0,0,-1,3,2,2,2,1.61486,0
4,0,0,3,54293,56382,4751,43027,66136.8,56382,1.17301,0.852506,1,0,1,0,9.48683,0.353553,9.48683,0.353553,0,0,-1,3,2,2,2,1.61486,0
4,2,1,162,244768,357572,11781,230237,421311,471518,0.89352,0.848713,0.758342,1,3,0,7.28011,0.901388,6.08276,0.790569,1.41421,0.901388,1,3,2,2,3,1.61486,1
4,2,0,27,69982,88782.6,5515,50973,97972,88086.3,1.11223,0.906204,1.0079,0,1,0,9.21954,0.75,9.21954,0.75,0,0,-1,3,2,2,3,1.61486,1
4,1,2,12,40433,48788.8,4649,39895,78470.5,61887.6,1.26795,0.621747,0.788345,0,1,0,9.48683,0.353553,9.48683,0.353553,0,0,-1,3,2,2,4,1.52856,1
4,0,0,2,20541,21933.6,2994,14308,29439.8,21237.3,1.38623,0.745033,1.03279,0,1,0,0,0,0,0,0,0,-1,3,0,0,2,1.52856,0
4,0,0,4,18326,21111.3,2778,13456,24847.5,20415,1.21712,0.849633,1.03411,0,1,0,0,0,0,0,0,0,-1,3,0,1,4,1.52856,0
4,0,0,2,22942,24334.6,3463,19727,30553.8,23638.3,1.29256,0.796451,1.02946,0,1,0,0,0,0,0,0,0,-1,3,0,0,1,1.52856,0
4,1,2,25,148542,165950,8164,131812,184596,205003,0.900455,0.898989,0.809499,0,3,0,1,0.353553,1,0.707107,1,0.353553,1,1,2,0,2,1.18769,0
4,0,0,6,126431,130609,6896,86406,135812,129913,1.04541,0.961686,1.00536,0,1,-1,0,0,0,0,0,0,-1,2,0,1,4,1.18769,1
4,2,1,109,118755,194654,8798,153404,285525,285194,1.00116,0.681739,0.68253,1,1,0,1,0.5,1,0,1,0.5,1,3,1,2,2,1.18769,0
4,2,4,97,131471,199014,9043,169871,389247,388324,1.00238,0.51128,0.512495,2,7,0,1,0.5,1,0.5,0,0,-1,3,1,2,4,1.18769,1
4,1,0,23,128113,144128,7563,101563,143432,167281,0.85743,1.00485,0.861593,0,1,0,1,0.559017,1,0.5,1,0.559017,0,3,2,1,3,1.40923,0
4,0,0,1,17757,18453.3,3071,15791,24271.2,18453.3,1.31528,0.760297,1,0,1,0,1,0.559017,1,0.559017,0,0,-1,3,2,0,0,1.40923,0
4,2,1,143,159420,258994,11160,226118,404710,293485,1.37898,0.639949,0.882478,1,8,0,1,0.353553,0,0.25,0,0.25,1,1,2,2,4,1.40923,1
4,1,1,11,35970,43629.5,3154,26080,43632.8,92726.5,0.470554,0.999924,0.470518,0,3,0,1,0.353553,1,0.353553,0,0,-1,1,2,1,2,1.40923,1
4,0,0,1,19752,20448.3,2734,13514,26926.5,20448.3,1.31681,0.759412,1,0,2,0,0,0,0,0,0,0,-1,3,0,0,0,0.663245,0
4,1,2,26,44582,62686.3,5433,57557,147795,124704,1.18516,0.424144,0.502681,0,2,0,8.24621,0.901388,8.24621,0.559017,4,0,1,1,2,2,2,0.663245,1
4,2,2,37,74425,100189,7339,86795,185712,161071,1.15298,0.539486,0.622018,1,6,0,0,0,0,0,0,0,-1,3,0,1,1,0.663245,1
4,1,1,11,55356,63015.5,5029,45465,72436.1,70372,1.02933,0.869947,0.895463,0,1,0,10,0.901388,10,0.901388,0,0,-1,3,2,1,4,0.663245,1
4,1,1,44,40714,71352.1,5711,78129,129906,122507,1.0604,0.549258,0.582435,0,3,0,12.6491,0.353553,15.0333,0.75,5,0.901388,0,3,2,1,2,0.933238,1
4,0,0,4,18632,21417.3,3031,15091,24232.6,20721,1.16947,0.883822,1.0336,0,5,1,0,0.25,0,0.25,0,0,-1,1,2,1,2,0.933238,0
4,1,7,16,96126,107267,5784,104052,152619,146508,1.04171,0.702844,0.73216,0,2,0,10,0.901388,10,0.901388,0,0,-1,3,2,2,6,0.933238,1
4,0,0,2,22103,23495.6,3090,16060,28858.5,22799.3,1.26576,0.814166,1.03054,0,1,0,0,0,0,0,0,0,-1,1,0,0,2,0.933238,0
4,2,2,80,85463,141169,8548,123026,194528,196129,0.991836,0.725698,0.719773,1,3,0,0,0,0,0,0,0,-1,3,0,2,2,1.31366,1
4,1,1,17,81303,93140.4,7032,121580,109961,115456,0.952406,0.847032,0.806718,0,2,0,3.60555,0.353553,3.60555,0.353553,0,0,-1,3,2,2,5,1.31366,1
4,0,0,4,29313,32098.3,3912,25776,40468.8,31402,1.28873,0.793162,1.02217,0,2,0,0,0,0,0,0,0,-1,3,0,1,3,1.31366,0
4,0,0,2,21857,23249.6,3231,17707,30699.2,22553.3,1.36118,0.757338,1.03087,0,2,0,0,0,0,0,0,0,-1,3,0,0,3,1.31366,0
4,2,2,79,159252,214261,7459,119211,219780,268414,0.81881,0.974891,0.798251,1,3,0,1.41421,0.5,0,0.790569,1.41421,0.790569,1,3,1,2,6,1.86604,1
4,1,6,22,43451,58770,4775,41629,59557.9,69222.9,0.860379,0.986771,0.848997,0,4,0,0,0,0,0,0,0,-1,3,0,2,6,1.86604,1
4,0,0,2,21631,23023.6,3351,19921,29187.2,22327.3,1.30724,0.788828,1.03119,0,1,0,0,0,0,0,0,0,-1,3,0,0,3,1.86604,0
4,0,0,1,17779,18475.3,3075,16375,24332.8,17779,1.36863,0.759275,1.03917,0,1,0,0,0,0,0,0,0,-1,3,0,0,3,1.86604,0
4,0,0,4,16455,19240.3,3026,14194,23418.2,19240.3,1.21714,0.821595,1,0,3,-1,0,0,0,0,0,0,-1,2,0,1,1,0.64,0
4,1,2,30,40948,61837.6,4355,31475,76834.7,104965,0.732003,0.804814,0.589126,0,1,-1,0,0,0,0,0,0,-1,2,0,1,1,0.64,0
4,0,0,3,28470,30559,3707,24317,38668.1,30559,1.26536,0.790288,1,0,1,-1,0,0,0,0,0,0,-1,2,0,1,1,0.64,0
4,2,2,40,31772,59624.8,4153,25169,80047.2,71491.1,1.11968,0.74487,0.834017,0,2,-1,0,0,0,0,0,0,-1,2,0,1,1,0.64,1
4,0,0,4,33593,36378.3,3964,26380,43628.8,35682,1.22271,0.833813,1.01951,0,1,0,27.1662,0.901388,27.1662,0.901388,0,0,-1,3,2,2,5,1.29528,1
4,2,0,76,48547,101467,6164,64210,100075,138367,0.723254,1.01392,0.733319,0,1,1,0,0,0,0,0,0,1,3,0,0,4,1.29528,1
4,0,0,5,21150,24631.6,3107,16821,32266.2,23935.3,1.34806,0.763386,1.02909,0,1,0,26.4764,0.75,26.4764,0.75,0,0,-1,3,2,1,3,1.29528,0
4,1,6,14,67241,76989.5,5625,54899,113020,109802,1.02931,0.681203,0.701169,0,2,0,26.4764,0.75,26.4764,0.75,0,0,-1,3,2,1,4,1.29528,1
4,0,0,3,16228,18317,2672,11486,29813.4,17620.6,1.69196,0.614386,1.03952,0,6,0,0,0,0,0,0,0,-1,3,0,1,3,1.62781,0
4,1,0,12,31632,39987.8,3500,21834,39987.8,47017.3,0.850492,1,0.850492,0,13,-1,0,0,0,0,0,0,-1,2,0,1,1,1.62781,0
4,0,0,4,22513,25298.3,3217,16629,30172.5,24602,1.22643,0.838454,1.0283,0,1,-1,0,0,0,0,0,0,-1,2,0,0,2,1.62781,0
4,1,5,33,45015,67993.6,4463,78391,72721,78636.2,0.924778,0.934993,0.86466,0,3,-1,0,0,0,0,0,0,-1,2,0,2,2,1.62781,1
4,2,2,142,132312,231189,10709,214929,308703,343682,0.898222,0.748906,0.672684,1,5,0,9.89949,0.5,9.21954,0.901388,1,0.25,1,3,1,2,4,1.6328,1
4,1,1,46,78390,110421,5739,68515,112441,299700,0.375179,0.982033,0.368438,0,26,0,10,0.5,9.21954,0.559017,1,0.75,0,3,1,2,6,1.6328,0
4,1,6,25,82299,99707,5741,71895,124148,113959,1.08941,0.80313,0.874935,0,3,-1,0,0,0,0,0,0,-1,2,0,1,4,1.6328,0
4,1,0,20,66159,80085.4,4890,54974,79389.1,94615.6,0.83907,1.00877,0.846429,0,1,0,8.60233,0.790569,8.06226,1.06066,0,0.5,0,3,2,1,2,1.6328,0
4,1,5,31,39483,61068.9,4119,34739,61646.3,113304,0.544081,0.990634,0.538985,0,2,0,7.81025,0.790569,6.40312,1.06066,2,0.5,0,3,2,1,4,1.439,0
4,1,6,17,24747,36584.4,3628,26898,48019.4,38904.6,1.23428,0.761869,0.940363,0,1,-1,0,0,0,0,0,0,-1,2,0,0,1,1.439,0
4,1,1,10,112213,119176,6830,100688,128732,125328,1.02717,0.925768,0.950917,0,1,0,8.60233,1.06066,8.60233,1.06066,0,0,-1,3,2,1,1,1.439,0
4,0,0,3,17605,19694,3171,16161,25794.2,19694,1.30975,0.763503,1,0,1,0,0,0,0,0,0,0,-1,3,0,0,0,1.439,0
4,0,0,4,29624,32409.3,3316,20620,48965.9,32409.3,1.51086,0.661874,1,0,1,0,27.4591,0.707107,27.4591,0.707107,0,0,-1,3,1,2,2,1.25343,0
4,0,0,3,17861,19950,2938,16088,24824.2,19950,1.24432,0.80365,1,0,6,0,1,0.353553,1,0.353553,0,0,-1,1,2,1,3,1.25343,0
4,0,0,2,16380,17772.6,2860,15150,26115.8,17772.6,1.46944,0.680532,1,0,2,-1,0,0,0,0,0,0,-1,2,0,0,0,1.25343,0
4,0,0,2,16750,18142.6,2989,15277,26013.5,18142.6,1.43383,0.697432,1,0,2,-1,0,0,0,0,0,0,-1,2,0,0,0,1.25343,0
4,0,0,4,23532,26317.3,3104,16800,31627.8,26317.3,1.20179,0.832092,1,0,3,0,1,0.353553,1,0.353553,0,0,-1,3,2,0,1,1.85773,0
4,1,7,27,81077,99877.6,5411,75709,115799,128374,0.902044,0.862507,0.778019,0,2,0,4.12311,0.559017,7.28011,0.353553,3.16228,0.75,0,1,2,2,4,1.85773,0
4,0,0,2,28163,29555.6,3743,22031,39486.8,29555.6,1.33601,0.748495,1,0,1,-1,0,0,0,0,0,0,-1,2,0,0,0,1.85773,0
4,1,2,13,90758,99810.2,7335,111537,182099,162443,1.121,0.54811,0.614433,0,2,0,0,0,0,0,0,0,-1,3,0,2,2,1.85773,0
4,0,0,3,37224,39313,4279,30609,51265.3,39313,1.30403,0.766853,1,0,1,0,8.60233,1.06066,8.60233,1.06066,0,0,-1,3,2,2,3,1.70966,0
4,1,5,10,76244,83207.2,6032,78786,102275,87423.3,1.16988,0.813563,0.951774,0,1,0,8.60233,0.790569,8.60233,0.790569,0,0,-1,3,2,2,2,1.70966,0
4,1,1,33,83600,106579,7797,114927,136087,132934,1.02372,0.783165,0.801741,0,4,0,9.89949,0.707107,11.4018,0.353553,2.23607,0.790569,1,3,1,1,1,1.70966,1
4,1,1,22,58545,73864,5311,55493,81468,73242,1.11231,0.906664,1.00849,0,1,0,9.21954,0.901388,9.89949,0.790569,1,0.75,1,3,2,2,3,1.70966,1
4,2,7,66,88889,134846,7395,98389,152500,182071,0.837584,0.884238,0.740623,0,8,0,7.61577,0.901388,7.07107,0.790569,2,0.25,0,1,2,2,2,1.37797,1
4,0,0,3,20603,22692,3301,18317,27577.5,22692,1.2153,0.822843,1,0,1,0,0,0,0,0,0,0,-1,3,0,0,1,1.37797,0
4,0,0,5,24245,27726.6,3564,23148,40877,27030.3,1.51227,0.678293,1.02576,0,6,0,6.40312,0.5,6.40312,0.5,0,0,-1,3,1,1,4,1.37797,0
4,0,0,3,20330,22419,3105,16973,31471.1,22419,1.40377,0.712366,1,0,1,0,0,0,0,0,0,0,-1,3,0,0,1,1.37797,0
4,1,7,12,32039,40394.8,4314,32986,57357.6,52409.3,1.09442,0.704263,0.770757,0,1,0,0,0,0,0,0,0,-1,3,0,0,0,1.27237,0
4,1,2,25,122570,139978,8136,109722,159065,156042,1.01937,0.880007,0.897055,0,2,0,2.82843,0.790569,2.82843,0.353553,1,0.5,0,3,2,2,2,1.27237,0
4,0,0,2,68803,70195.6,5203,63291,82874.2,70195.6,1.18062,0.847014,1,0,2,0,0,0,0,0,0,0,-1,3,0,2,2,1.27237,1
4,0,0,6,47206,51383.9,4112,29816,64260.7,51383.9,1.2506,0.799617,1,0,1,0,0,0.790569,0,0.790569,0,0,-1,3,2,2,3,1.27237,0
4,2,1,37,66189,91952.8,5969,56427,94135.8,93552,1.00624,0.97681,0.982907,0,3,0,13.4536,0.25,13.4536,0.25,0,0,-1,3,2,1,3,1.41106,0
4,0,0,2,28666,30058.6,3996,25300,47218.8,29362.3,1.60814,0.636582,1.02371,0,1,0,0,0.790569,0,0.790569,0,0,-1,3,2,0,3,1.41106,0
4,0,0,1,36966,37662.3,4512,31876,46905.1,37662.3,1.24541,0.802947,1,0,1,0,0,0.790569,0,0.790569,0,0,-1,3,2,0,0,1.41106,0
4,0,0,2,21360,22752.6,3203,19567,29580.5,22056.3,1.34113,0.769178,1.03157,0,1,0,0,0.790569,0,0.790569,0,0,-1,3,2,0,0,1.41106,0
4,0,0,1,11794,12490.3,2481,10605,27640.4,12490.3,2.21294,0.451887,1,0,2,0,0,0.790569,0,0.790569,0,0,-1,3,2,0,1,1.00183,0
4,0,0,4,29335,32120.3,3480,22016,41532.4,32120.3,1.29303,0.773379,1,0,2,0,6.40312,0.5,6.40312,0.5,0,0,-1,3,1,1,1,1.00183,0
4,0,0,3,17587,19676,2650,15074,29865.8,19676,1.51788,0.658813,1,0,2,0,0,0,0,0,0,0,-1,3,0,0,0,1.00183,0
4,0,0,3,12841,14930,2378,11542,21154.8,14930,1.41694,0.705747,1,0,2,0,6.40312,0.5,6.40312,0.5,0,0,-1,3,1,1,1,1.00183,0
4,0,0,3,22128,24217,3268,18154,33919.4,24217,1.40065,0.713955,1,0,12,0,0,0,0,0,0,0,-1,3,0,0,0,1.13792,0
4,1,7,12,40110,48465.8,3659,34007,49072.6,59346,0.82689,0.987636,0.816666,0,1,0,5,0.790569,5,0.790569,0,0,-1,3,2,1,1,1.13792,1
4,0,0,3,50455,52544,4461,41923,80777.8,52544,1.53734,0.650475,1,0,1,0,5,0.790569,5,0.790569,0,0,-1,3,2,2,2,1.13792,0
4,1,0,25,109327,126735,7064,94728,126735,158842,0.79787,1,0.79787,0,2,0,4.12311,0.559017,5,0.790569,1,0.901388,1,3,2,2,4,1.13792,0
4,1,2,12,45519,53874.8,4577,46865,56083,53218.3,1.05383,0.960626,1.01234,0,2,0,4.12311,0.559017,4.12311,0.559017,0,0,-1,3,2,2,3,0.953869,1
4,0,0,2,24245,25637.6,3707,22859,32824.5,24941.3,1.31607,0.781052,1.02792,0,1,0,0,0,0,0,0,0,-1,3,0,0,1,0.953869,0
4,1,0,20,52755,66681.4,5125,45481,66681.4,67474.3,0.988249,1,0.988249,0,1,0,4.12311,0.559017,4.12311,0.559017,0,0,0,3,2,2,5,0.953869,1
4,1,6,18,34773,47306.8,4084,27380,54158.6,57029.3,0.949662,0.873486,0.829516,0,3,0,3.16228,0.901388,3.16228,0.790569,1,0.25,0,1,2,1,3,0.953869,0
4,0,0,3,17278,19367,2918,14762,25133.1,19367,1.29773,0.770575,1,0,1,0,6.40312,0.5,6.40312,0.5,0,0,-1,3,1,1,1,0.995994,0
4,2,0,34,39311,62985.9,4796,39188,81744.1,62985.9,1.29782,0.770525,1,0,3,0,6.40312,0.5,6.40312,0.5,0,0,-1,3,1,0,0,0.995994,0
4,0,0,1,17151,17847.3,2765,13889,26050.8,17847.3,1.45965,0.685097,1,0,1,0,0,0,0,0,0,0,-1,3,0,0,0,0.995994,0
4,3,0,54,33907,71508.3,8709,127055,95333.4,73521.4,1.29668,0.750086,0.972618,0,3,-1,0,0,0,0,0,0,-1,0,0,0,0,0.995994,0
4,0,0,3,81756,83845,5734,55342,88455.7,83845,1.05499,0.947875,1,0,1,0,3.16228,1.06066,3.16228,1.06066,0,0,-1,3,2,1,3,1.24554,0
4,0,0,5,40254,43735.6,3743,27171,68862.6,43735.6,1.57452,0.635114,1,0,1,0,3.16228,1.06066,3.16228,1.06066,0,0,-1,3,2,1,2,1.24554,0
4,1,1,16,39350,50491.1,4410,35966,67874.6,52777.6,1.28605,0.743889,0.956677,0,2,0,5,0.707107,5,0.901388,0,0.25,0,1,1,2,2,1.24554,0
4,2,2,60,49272,91051.2,5203,52951,156439,163759,0.9553,0.582023,0.556006,1,1,0,6.08276,0.901388,7.81025,0.790569,4,0.75,0,1,2,1,1,1.24554,1
4,1,1,11,56660,64319.5,5951,67155,76124.8,81217.3,0.937298,0.844922,0.791943,0,2,0,1,0.25,1,0.25,0,0,1,1,2,1,1,1.17117,0
4,1,1,12,61656,70011.8,6275,66043,74908.6,76555.6,0.978485,0.934631,0.914522,0,2,0,1,0.25,1,0.25,0,0,-1,3,2,1,1,1.17117,1
4,1,2,10,52632,59595.2,4136,35020,61611.8,60252.9,1.02255,0.967269,0.989084,0,2,0,1,0.25,1,0.25,0,0,-1,3,2,1,1,1.17117,0
4,1,1,25,86602,104010,6756,86366,123491,113502,1.088,0.842251,0.916372,0,2,1,1,0.25,1,0.25,0,0,-1,3,2,1,3,1.17117,0
4,1,1,14,77584,87332.5,5857,57247,94785.9,92630.6,1.02327,0.921366,0.942804,0,4,1,0,0,0,0.25,0,0.25,0,1,0,1,2,1.57594,1
4,0,0,5,56857,60338.6,4403,36641,67961.4,59642.3,1.13948,0.887836,1.01167,0,4,0,0,0,0,0,0,0,-1,3,0,0,1,1.57594,0
4,1,2,28,63767,83264,5713,57827,84704.2,101456,0.834884,0.982997,0.820688,0,4,0,1,0.559017,1.41421,0.25,0,0.5,1,3,2,1,4,1.57594,1
4,0,0,5,51550,55031.6,4118,30996,61994.8,54335.3,1.14097,0.887681,1.01282,0,4,1,1,0.25,1,0.25,0,0,-1,3,2,1,3,1.57594,0
4,0,0,1,52533,53229.3,4668,36260,67210.2,53229.3,1.26265,0.791982,1,0,1,0,0,0,0,0,0,0,-1,3,0,1,1,1.14583,0
4,1,0,27,54519,73319.6,5056,43878,73319.6,80192,0.914302,1,0.914302,0,38,0,9.21954,0.559017,10.4403,0.25,1,1.06066,1,3,2,1,1,1.14583,0
4,0,0,5,37700,41181.6,3976,29026,45016.8,41181.6,1.09313,0.914805,1,0,2,0,9.21954,0.559017,9.21954,0.559017,0,0,-1,3,2,1,1,1.14583,0
4,0,0,5,47314,50795.6,4269,32937,55729.4,50795.6,1.09713,0.911468,1,0,15,0,8.06226,0.901388,8.06226,0.901388,0,0,-1,3,2,1,1,1.14583,0
4,0,0,2,42896,44288.6,4555,36661,52836,44288.6,1.19299,0.838228,1,0,1,0,9.21954,0.559017,9.21954,0.559017,0,0,-1,3,2,0,0,1.53846,0
4,1,1,13,27788,36840.2,3653,29893,46870.2,55560.6,0.843587,0.786004,0.663063,0,1,0,9.21954,0.559017,9.21954,0.559017,0,0,-1,3,2,1,1,1.53846,1
4,0,0,3,46832,48921,4342,33276,54456.8,48921,1.11316,0.898344,1,0,1,0,9.21954,0.559017,9.21954,0.559017,0,0,-1,3,2,2,2,1.53846,0
4,0,0,4,50136,52921.3,3897,24901,59971.5,52225,1.14833,0.88244,1.01333,0,2,0,0,0,0,0,0,0,-1,3,0,2,4,1.53846,1
4,1,5,29,61751,81944.3,5012,50520,87650.4,119722,0.732118,0.934899,0.684457,0,1,-1,0,0,0,0,0,0,-1,2,0,1,1,1.17898,1
4,1,4,32,111725,134007,7453,118389,169635,207153,0.818887,0.789974,0.646899,0,1,0,0,0.353553,0,0.353553,0,0,-1,3,2,2,3,1.17898,1
4,0,0,5,73828,77309.6,5373,48221,91691,77309.6,1.18602,0.843153,1,0,4,1,1,0.25,1,0.25,0,0,-1,3,2,2,4,1.17898,0
4,0,0,2,79105,80497.6,5192,45692,87993.1,79801.3,1.10265,0.914817,1.00873,0,4,1,1,0.25,1,0.25,0,0,-1,3,2,2,5,1.17898,0
4,1,0,14,67747,77495.5,5097,44787,76102.8,84569.6,0.899884,1.0183,0.916351,0,4,0,1,0.707107,1,0.707107,0,0,0,3,1,1,4,1.37973,0
4,0,0,3,48291,50380,4336,32772,58735.8,50380,1.16586,0.857739,1,0,4,1,1,0.25,1,0.25,0,0,-1,3,2,1,2,1.37973,0
4,0,0,1,145029,145725,7418,103978,151504,145725,1.03965,0.961859,1,0,4,1,1,0.25,1,0.25,0,0,-1,3,2,1,2,1.37973,1
4,0,0,2,32610,34002.6,3795,23537,41839.2,33306.3,1.25619,0.812699,1.02091,0,4,1,1,0.25,1,0.25,0,0,-1,3,2,1,2,1.37973,0
4,0,0,1,10920,11616.3,2451,9745,20087.2,11616.3,1.72922,0.578296,1,0,2,1,0,0,0,0,0,0,-1,3,0,0,0,0.558704,0
4,0,0,2,17861,19253.6,2685,12791,26771.2,18557.3,1.44262,0.719193,1.03752,0,2,1,0,0,0,0,0,0,-1,3,0,0,0,0.558704,0
4,1,1,35,34267,58638.2,3697,33179,73234.6,117129,0.625248,0.80069,0.50063,0,2,1,0,0,0,0,0,0,-1,3,0,2,2,0.558704,0
4,1,1,29,32301,52494.3,3673,24247,58037.3,75802.4,0.76564,0.904492,0.692515,0,2,1,0,0,0,0,0,0,-1,3,0,1,1,0.558704,0
4,1,2,15,27319,37763.8,3313,19387,49066,46155.3,1.06306,0.769652,0.81819,0,5,0,0,0,0,0,0,0,-1,3,0,1,1,1.14992,0
4,0,0,4,54837,57622.3,5042,44166,63265.1,57622.3,1.09793,0.910806,1,0,2,0,9.21954,0.559017,9.21954,0.559017,0,0,-1,3,2,2,2,1.14992,0
4,1,1,62,190509,233681,10169,198067,286747,375311,0.764025,0.814938,0.622633,0,2,0,7.28011,0.559017,4.47214,0.75,2,0.353553,1,3,2,2,2,1.14992,1
4,2,6,78,107245,161558,8445,113181,190465,202780,0.93927,0.848229,0.796717,1,2,-1,0,0,0,0,0,0,-1,2,0,2,3,1.14992,1
4,1,7,37,59162,84925.8,5561,52957,85560.6,86377.6,0.990542,0.992581,0.983193,0,1,0,8.24621,0.901388,7.28011,0.75,0,0.790569,0,3,2,2,2,1.46987,1
4,0,0,3,20256,22345,2978,14742,29295.2,20952.3,1.39818,0.762753,1.06647,0,1,0,0,0,0,0,0,0,-1,3,0,0,3,1.46987,0
4,1,2,34,69452,93126.9,6616,108998,131048,116176,1.12801,0.710631,0.801602,0,5,0,15.1327,0.25,15.2971,0.5,1,0.25,0,3,2,2,5,1.46987,1
4,0,0,3,24370,26459,3438,20800,31738.8,25762.6,1.23197,0.833647,1.02703,0,1,0,0,0,0,0,0,0,-1,3,0,0,2,1.46987,0
4,1,2,17,103248,115085,6897,79391,126616,139144,0.909967,0.908932,0.827098,0,1,0,1.41421,0.353553,1.41421,0.559017,1,0.25,0,1,2,1,1,1.407,0
4,1,1,20,143105,157031,8109,124647,162736,168945,0.963249,0.964947,0.929484,0,1,0,1,0.25,1,0.25,0,0,-1,1,2,2,2,1.407,1
4,1,0,11,43715,51374.5,4316,34574,50678.2,89578.3,0.565742,1.01374,0.573515,0,1,-1,0,0,0,0,0,0,-1,2,0,2,2,1.407,0
4,2,2,179,178207,302848,13767,317825,365941,360335,1.01556,0.827588,0.840464,1,1,-1,0,0,0,0,0,0,-1,2,0,2,4,1.407,1
4,1,2,20,117698,131624,7862,114286,152732,157478,0.969864,0.861797,0.835826,0,1,0,1.41421,0.353553,1.41421,0.559017,1,0.25,1,1,2,1,4,1.68666,0
4,0,0,2,16497,17889.6,2988,14642,21740.6,17193.3,1.26448,0.822869,1.0405,0,1,0,1,0.25,1,0.25,0,0,-1,3,2,0,1,1.68666,0
4,2,4,128,101988,191117,9801,178935,379184,346014,1.09587,0.504021,0.552339,2,4,0,0,0.25,0,0.5,0,0.25,0,3,2,2,4,1.68666,0
4,2,6,56,51350,90343.9,6530,72108,94499,190735,0.495446,0.95603,0.473661,0,1,-1,0,0,0,0,0,0,-1,2,0,2,2,1.68666,1
4,0,0,1,13907,14603.3,2672,11898,21592.5,14603.3,1.4786,0.676314,1,0,2,0,1,0.25,1,0.25,0,0,-1,3,2,0,0,0.922228,0
4,0,0,1,13508,14204.3,2642,12082,20216.2,14204.3,1.42324,0.702621,1,0,2,0,1,0.25,1,0.25,0,0,-1,3,2,0,0,0.922228,0
4,1,1,37,55368,81131.8,5439,52347,99741.7,149250,0.668286,0.81342,0.543597,0,1,0,1,0.25,1,0.25,0,0,1,1,2,1,2,0.922228,1
4,0,0,2,27856,29248.6,3215,17427,30823.6,28552.3,1.07955,0.948905,1.02439,0,7,0,1,0.25,1,0.25,0,0,-1,1,2,1,2,0.922228,0
4,0,0,1,20126,20822.3,2844,14552,30241.8,20822.3,1.45237,0.688528,1,0,4,0,1,0.25,1,0.25,0,0,-1,3,2,1,1,1.24126,0
4,2,2,84,116078,174569,7605,102083,179110,208374,0.859561,0.974645,0.837767,1,2,0,1,0.25,1,0.25,0,0,-1,3,2,2,2,1.24126,1
4,2,2,57,74541,114231,8476,119830,148665,150141,0.99017,0.768379,0.760826,1,7,-1,0,0,0,0,0,0,-1,2,0,2,2,1.24126,1
4,1,0,20,52183,66109.4,4345,38181,65413.1,84636.6,0.77287,1.01064,0.781097,0,15,0,10.6301,0.25,10.6301,0,1,0.25,0,3,2,2,5,1.24126,0
4,0,0,4,21752,24537.3,2992,16374,33020.8,23841,1.38504,0.743086,1.02921,0,11,0,10,0.901388,10,0.901388,0,0,-1,1,2,1,2,1.15119,0
4,1,2,34,34377,58051.9,4816,42788,92258.7,136483,0.67597,0.629229,0.42534,0,7,1,30,0.790569,30,0.25,1,0.75,0,3,2,2,2,1.15119,1
4,1,1,14,61663,71411.5,5566,62422,85009,72391.6,1.17429,0.840046,0.986461,0,5,0,9.43398,0.5,9.43398,0.5,0,0,-1,3,1,2,3,1.15119,1
4,1,5,26,31562,49666.3,5135,44335,93614.7,128876,0.726393,0.53054,0.38538,0,1,0,0,0,0,0,0,0,1,1,0,1,4,1.15119,0
4,1,7,36,51760,76827.5,5048,49094,139343,128015,1.08849,0.551356,0.600143,0,3,-1,0,0,0,0,0,0,-1,2,0,2,2,1.0188,1
4,2,1,35,61900,86271.2,6345,68997,90075,87350.3,1.03119,0.957771,0.987647,1,1,0,7.61577,0.75,7.61577,0.75,0,0,-1,3,2,2,3,1.0188,1
4,0,0,2,25019,26411.6,3507,21181,29200.6,25715.3,1.13553,0.904491,1.02708,0,1,1,0,0,0,0,0,0,-1,3,0,0,2,1.0188,0
4,0,0,2,19934,21326.6,2991,15405,24684.2,20630.3,1.1965,0.863978,1.03375,0,1,1,0,0,0,0,0,0,-1,3,0,0,3,1.0188,0
4,1,0,10,32850,39813.2,4138,30528,38420.6,58641.6,0.655175,1.03625,0.678924,0,1,-1,0,0,0,0,0,0,-1,2,0,2,5,1.60334,0
4,1,4,14,58474,68222.5,7483,132497,101755,102616,0.991618,0.670455,0.664836,0,5,-1,0,0,0,0,0,0,-1,2,0,2,5,1.60334,0
4,0,0,2,17551,18943.6,2986,15338,22585.6,18943.6,1.19225,0.83875,1,0,5,1,0,0,0,0,0,0,-1,3,0,0,1,1.60334,0
4,0,0,3,17227,19316,3043,16185,21722.2,19316,1.12457,0.889225,1,0,5,-1,0,0,0,0,0,0,-1,2,0,0,0,1.60334,0
4,1,4,12,27862,36217.8,4056,36686,61702.1,55220.3,1.11738,0.586979,0.655879,0,1,-1,0,0,0,0,0,0,-1,2,0,1,4,1.13917,0
4,0,0,1,15968,16664.3,2950,14166,23943.8,16664.3,1.43683,0.695975,1,0,2,-1,0,0,0,0,0,0,-1,2,0,0,1,1.13917,0
4,0,0,2,29957,31349.6,3939,24857,36047.5,31349.6,1.14985,0.869675,1,0,2,-1,0,0,0,0,0,0,-1,2,0,0,0,1.13917,0
4,0,0,2,20014,21406.6,2802,14026,29087.5,20710.3,1.40449,0.735939,1.03362,0,2,-1,0,0,0,0,0,0,-1,2,0,0,0,1.13917,0
4,0,0,3,27381,29470,3393,21853,33647.9,29470,1.14177,0.875834,1,0,4,-1,0,0,0,0,0,0,-1,2,0,1,1,1.11888,0
4,2,2,74,47189,98716.7,6917,104611,154514,125292,1.23324,0.638885,0.787895,1,3,0,27.074,0.559017,27.074,0.559017,0,0,-1,3,2,1,3,1.11888,1
4,0,0,3,18560,20649,3127,17169,24844.9,20649,1.2032,0.831115,1,0,3,-1,0,0,0,0,0,0,-1,2,0,0,0,1.11888,0
4,0,0,4,37309,40094.3,4665,30449,119479,40094.3,2.97994,0.335577,1,0,3,0,27.074,0.559017,27.074,0.559017,0,0,-1,3,2,1,3,1.11888,0
4,1,7,20,34621,48547.4,3225,17603,62022.1,82511.6,0.751678,0.782743,0.588371,0,1,0,24.1868,0.25,22.2036,0.5,1,0.75,0,1,2,2,5,1.56762,0
4,0,0,2,25959,27351.6,3204,16716,32822.5,27351.6,1.20002,0.833319,1,0,1,0,1,0.25,1,0.25,0,0,-1,1,2,1,2,1.56762,0
4,1,2,8,53987,59557.6,5221,60863,88444.1,113287,0.780708,0.673392,0.525723,0,4,0,25.1794,0,25.1794,0,0,0,-1,3,0,1,1,1.56762,0
4,1,2,11,18900,26559.5,2948,16958,30952.8,28102.6,1.10142,0.858065,0.94509,0,1,0,1,0.25,1,0.25,0,0,-1,1,2,2,2,1.56762,0
4,2,2,86,132266,192150,9077,185993,294417,346732,0.84912,0.652645,0.554174,1,1,-1,0,0,0,0,0,0,-1,2,0,2,4,1.76233,1
4,1,4,25,75678,93086,5687,64721,95982.1,100234,0.957577,0.969827,0.928684,0,1,0,10.6301,0.559017,10,0.25,0,0.5,1,3,2,2,4,1.76233,0
4,1,0,19,66481,79711.1,5207,67615,79014.8,82523.6,0.957481,1.00881,0.965919,0,7,0,10,0.901388,9.43398,1.06066,0,0.75,1,3,2,1,3,1.76233,0
4,0,0,6,31066,35243.9,3723,23147,39813.7,34547.6,1.15243,0.88522,1.02016,0,1,0,10.6301,0.790569,10.6301,0.790569,0,0,-1,3,2,1,2,1.76233,0
4,1,6,35,39608,63979.2,3878,30710,63637.6,138133,0.460699,1.00537,0.463172,0,32,0,10.6301,0.790569,10.6301,0.790569,0,0,-1,3,2,1,3,1.46413,1
4,0,0,2,55225,56617.6,4863,69861,64386.4,55921.3,1.15138,0.879341,1.01245,0,2,0,7.81025,0.901388,7.81025,0.901388,0,0,-1,3,2,1,3,1.46413,1
4,1,0,24,75566,92277.7,5513,64415,91581.4,104001,0.880585,1.0076,0.88728,0,3,0,6.40312,0.75,5.83095,0.901388,1,0.5,1,3,2,1,3,1.46413,1
4,1,6,13,32042,41094.2,4158,46776,58142.1,61927,0.938882,0.706788,0.663591,0,2,0,6.40312,0.901388,6.40312,0.901388,0,0,-1,3,2,1,5,1.46413,1
4,0,0,1,14189,14885.3,2658,12466,21483.5,14885.3,1.44327,0.692872,1,0,1,0,1,0.25,1,0.25,0,0,-1,1,2,0,0,0.71875,0
4,0,0,4,20130,22915.3,3025,16057,27624.5,22915.3,1.20551,0.829527,1,0,1,-1,0,0,0,0,0,0,-1,2,0,2,2,0.71875,0
4,0,0,1,15344,16040.3,2657,13383,23003.5,16040.3,1.43411,0.697299,1,0,1,0,1,0.25,1,0.25,0,0,-1,1,2,0,0,0.71875,0
4,0,0,1,13597,14293.3,2732,12108,21256.5,14293.3,1.48716,0.672421,1,0,1,0,1,0.25,1,0.25,0,0,-1,1,2,0,0,0.71875,0
4,0,0,3,25241,27330,3442,21090,47453.8,27330,1.73633,0.575927,1,0,1,0,25.1794,0,25.1794,0,0,0,-1,3,0,1,1,1.21358,0
4,1,4,11,32070,39729.5,4722,36118,46562.9,72328.6,0.643769,0.853244,0.549292,0,1,0,25.1794,0,25.1794,0,0,0,-1,3,0,2,2,1.21358,0
4,0,0,1,15481,16177.3,2778,13960,23140.5,16177.3,1.43043,0.699091,1,0,2,0,1,0.25,1,0.25,0,0,-1,1,2,0,0,1.21358,0
4,0,0,1,16164,16860.3,2978,14714,22430.9,16860.3,1.33039,0.751657,1,0,2,0,1,0.25,1,0.25,0,0,-1,1,2,0,0,1.21358,0
4,0,0,3,27111,29200,3204,18328,35615.1,29200,1.2197,0.819875,1,0,1,0,1,0.25,1,0.25,0,0,-1,1,2,1,1,1.3972,0
4,2,1,100,114761,184393,7768,127150,189747,220408,0.860889,0.971783,0.836598,1,3,0,1,0.25,1,0.25,0,0,-1,3,2,2,2,1.3972,1
4,0,0,1,24636,25332.3,3418,19164,34862.8,24636,1.41512,0.726629,1.02826,0,1,0,1,0.25,1,0.25,0,0,-1,1,2,0,0,1.3972,0
4,1,1,29,72663,92856.3,6143,80199,138137,116565,1.18507,0.672202,0.796605,0,1,-1,0,0,0,0,0,0,-1,2,0,2,4,1.3972,1
4,0,0,6,52373,56550.9,4782,50444,58480.7,55854.6,1.04702,0.967001,1.01247,0,1,0,9.21954,0.559017,9.21954,0.559017,0,0,-1,3,2,2,3,1.88995,0
4,0,0,3,55775,57864,4885,49635,69292.3,57167.6,1.21209,0.835071,1.01218,0,1,0,10.6301,0.790569,10.6301,0.790569,0,0,-1,3,2,2,2,1.88995,0
4,2,2,31,54632,76217.9,5913,57957,117422,99330.1,1.18214,0.649095,0.76732,0,5,0,3.60555,0.25,3.60555,0.25,0,0,-1,3,2,1,3,1.88995,1
4,1,1,12,63341,71696.8,4823,39175,77399.9,104670,0.739468,0.926317,0.684982,0,1,0,14.2127,0.901388,14.2127,0.901388,0,0,-1,3,2,2,3,1.88995,1
4,1,1,69,150714,198760,9905,194669,278367,260243,1.06964,0.714021,0.763748,0,2,0,8.60233,0.901388,10.8167,0.25,2.23607,0.790569,1,3,2,2,4,1.58529,1
4,0,0,3,28651,30740,3088,20212,31576.5,29347.3,1.07596,0.973507,1.04745,0,2,0,0,0.353553,0,0.353553,0,0,-1,3,2,1,5,1.58529,1
4,0,0,4,35178,37963.3,3605,23223,38581.2,37267,1.03526,0.983985,1.01868,0,1,0,0,0.353553,0,0.353553,0,0,-1,3,2,1,4,1.58529,0
4,0,0,2,27980,29372.6,3518,21688,36679.7,28676.3,1.27909,0.800787,1.02428,0,1,0,0,0.353553,0,0.353553,0,0,-1,3,2,0,3,1.58529,0
4,0,0,1,15094,15790.3,2451,12093,24588.8,15790.3,1.55721,0.642175,1,0,1,0,1,0.25,1,0.25,0,0,-1,1,2,0,0,0.40625,0
4,0,0,1,18141,18837.3,2623,12547,28451.1,18837.3,1.51036,0.662094,1,0,1,0,1,0.25,1,0.25,0,0,-1,1,2,1,1,0.40625,0
4,0,0,4,17303,20088.3,2096,8090,28396.1,20088.3,1.41357,0.70743,1,0,1,1,0,0,0,0,0,0,-1,3,0,0,0,0.40625,0
4,0,0,1,21344,22040.3,2905,15249,33338.8,22040.3,1.51263,0.661102,1,0,1,1,0,0,0,0,0,0,-1,3,0,0,0,0.40625,0
4,1,1,12,42063,50418.8,4195,39523,73430.7,53525.3,1.37189,0.686618,0.941963,0,2,0,1,0.25,1,0.25,0,0,-1,1,2,1,1,1.4001,1
4,2,2,54,115145,152746,8922,154100,185949,174720,1.06427,0.82144,0.874233,2,2,0,5.38516,0,5.38516,0,0,0,-1,3,0,2,5,1.4001,1
4,0,0,4,50690,53475.3,4315,47425,55931.4,53475.3,1.04593,0.956087,1,0,3,0,1,0.25,1,0.25,0,0,-1,3,2,2,4,1.4001,1
4,0,0,3,42047,44136,3823,27971,59589.3,42743.3,1.39412,0.740669,1.03258,0,3,0,0,0,0,0,0,0,-1,3,0,2,6,1.4001,0
4,1,6,20,26285,40211.4,3780,24336,40489.7,49120,0.824302,0.993126,0.818636,0,1,0,0,0,0,0,0,0,-1,3,0,0,4,1.69821,1
4,0,0,2,25835,27227.6,3512,23096,40804.4,26531.3,1.53797,0.667273,1.02625,0,2,0,0,0,0,0,0,0,-1,3,0,1,5,1.69821,0
4,0,0,2,27856,29248.6,3718,22330,38525.4,28552.3,1.34929,0.759204,1.02439,0,1,0,0,0,0,0,0,0,-1,3,0,1,4,1.69821,0
4,0,0,1,18869,19565.3,3022,17150,28673.5,18869,1.51961,0.682349,1.0369,0,1,0,0,0,0,0,0,0,-1,3,0,0,1,1.69821,0
4,0,0,1,10743,11439.3,2127,9771,20531.5,11439.3,1.79482,0.55716,1,0,3,0,0,0,0,0,0,0,-1,3,0,1,2,1.4834,0
4,1,0,14,39464,49212.5,4201,31487,49212.5,111720,0.440497,1,0.440497,0,1,0,0,0,0,0,0,0,0,1,0,2,2,1.4834,0
4,1,5,13,25033,34085.2,5240,53360,46265.6,41391.3,1.11776,0.736729,0.823486,0,2,0,0,0,0,0,0,0,-1,1,0,0,0,1.4834,0
4,1,0,43,27118,57059.8,3775,24049,57059.8,98446.4,0.579602,1,0.579602,0,3,0,23,0.75,47,0.5,23,0.75,0,3,2,1,1,1.4834,0
4,0,0,1,22450,23146.3,3308,18534,32814.8,23146.3,1.41771,0.705362,1,0,24,0,0,0,0,0,0,0,-1,1,0,0,0,1.23625,0
4,1,1,22,30722,46041,3871,25141,55652.6,51153.6,1.08795,0.827293,0.900055,0,2,0,0,0,0,0,0,0,-1,1,0,1,1,1.23625,1
4,2,0,34,79823,103498,8001,104909,108356,103498,1.04694,0.955163,1,1,9,0,5,0.790569,5,0.790569,0,0,-1,3,2,2,2,1.23625,0
4,1,0,29,93324,113517,6515,80941,112821,184670,0.610933,1.00617,0.614704,0,3,0,5,0.75,4.47214,1.06066,1,0.75,0,3,2,2,4,1.23625,0
4,1,2,11,29471,37130.5,3841,26823,45427.6,38232.3,1.1882,0.817356,0.971182,0,1,0,1,0.25,1,0.25,0,0,-1,3,2,1,1,1.32651,1
4,1,6,32,36288,58570.2,4496,32004,60195.6,63141.2,0.95335,0.972998,0.927607,0,2,0,23,0.75,23,0.75,0,0,-1,3,2,1,2,1.32651,0
4,0,0,1,16444,17140.3,2719,14221,27868.4,17140.3,1.6259,0.615044,1,0,1,0,1,0.25,1,0.25,0,0,-1,3,2,0,2,1.32651,0
4,2,0,21,28245,42867.7,4527,30365,51919.9,42867.7,1.21116,0.825651,1,1,2,0,1,0.25,1,0.25,0,0,-1,3,2,1,2,1.32651,0
4,2,2,95,169056,235206,9887,168347,243975,260049,0.938188,0.964061,0.904471,1,18,0,6.40312,0.901388,8.06226,1.06066,2,0.25,1,1,2,2,2,1.45425,1
4,2,6,53,36332,73237,6522,78820,73772.7,75236,0.980551,0.992738,0.97343,0,4,0,6.40312,0.901388,6.40312,0.901388,0,0,0,3,2,1,2,1.45425,0
4,2,0,99,104459,173395,7144,82932,172698,201987,0.854998,1.00403,0.858445,0,2,0,7.61577,0.901388,9.48683,0.25,1.41421,1.06066,1,1,2,2,4,1.45425,1
4,2,0,82,85436,142534,7548,89580,141838,144977,0.97835,1.00491,0.983153,0,2,0,6.32456,0.790569,5.09902,0,2.82843,0.790569,0,3,2,1,3,1.45425,1
4,0,0,3,55295,57384,4743,41881,64883.2,57384,1.13069,0.884419,1,0,5,0,3.60555,1.06066,3.60555,1.06066,0,0,-1,3,2,2,2,1.32054,0
4,0,0,3,22275,24364,3160,20104,29502.2,24364,1.2109,0.825835,1,0,1,0,0,0.25,0,0.25,0,0,-1,3,2,1,1,1.32054,0
4,1,5,30,55078,75967.6,4626,39522,77153,105734,0.729687,0.984636,0.718475,0,1,0,7.2111,0.559017,9.21954,0.5,2,0.75,0,3,2,2,3,1.32054,0
4,1,0,11,25841,33500.5,3264,20460,33500.5,45206,0.741064,1,0.741064,0,1,-1,0,0,0,0,0,0,-1,2,0,1,1,1.32054,0
1,2,0,28,12584,14168.1,3068,16038,14337,14168.1,1.01192,0.988221,1,1,1,0,0,0,0,0,0,0,-1,3,0,0,0,0,0
1,2,0,28,13797,15381.1,3202,17148,15720.6,15381.1,1.02207,0.978407,1,0,4,0,0,0,0,0,0,0,-1,3,0,0,0,0,0
1,2,0,11,13643,14265.3,3459,19815,14604.8,14265.3,1.0238,0.976757,1,0,4,0,0,0,0,0,0,0,-1,3,0,0,0,0,0
1,2,5,39,18567,20773.5,3535,21031,21676.3,21998.1,0.985373,0.958349,0.944331,0,4,0,0,0,0,0,0,0,-1,3,0,0,0,0,0
1,2,0,14,21188,21980.1,3767,24175,21980.1,23900.2,0.919662,1,0.919662,0,6,0,1,0.25,1,0.5,1,0.25,0,1,2,0,0,1.47368,0
1,2,5,25,21072,22486.4,3899,29417,22470,22475.7,0.999744,1.00073,1.00047,1,8,0,1,0.25,1,0.25,0,0,-1,1,2,0,0,1.47368,1
1,2,0,18,42425,43443.4,6045,57515,43386.8,44071.2,0.984471,1.0013,0.985755,0,24,0,1,0.25,1,0.5,1,0.25,1,3,2,1,1,1.47368,0
1,1,2,27,48823,50350.6,4538,35430,53335.2,62003,0.860205,0.944039,0.812067,0,2,1,0,0,0,0.5,0,0.5,0,1,0,1,3,1.47368,0
1,2,1,63,50678,54242.3,6149,56885,55412.5,55186.2,1.0041,0.978882,0.982896,1,12,1,1,0.25,1,0.707107,1,0.559017,0,1,2,1,2,1.97551,0
1,2,1,32,53703,55513.4,5927,57685,57432.6,56881.6,1.00969,0.966584,0.975947,1,15,0,1,0.25,1,0.25,0,0,0,1,2,1,1,1.97551,1
1,2,5,23,42515,43816.2,5069,45281,44333.7,43850.2,1.01103,0.988329,0.999226,0,2,1,1,0.25,1,0.25,0,0,-1,3,2,1,2,1.97551,1
1,2,1,22,56974,58218.7,5813,55857,58473,58589.5,0.998011,0.995651,0.993671,0,1,1,1,0.25,1,0.25,0,0,-1,3,2,1,4,1.97551,1
1,2,0,17,65960,66921.8,6373,66709,67261.2,66865.2,1.00592,0.994953,1.00085,0,6,0,1,0.25,1,0.25,0,0,-1,3,2,1,2,1.99132,0
1,2,2,26,49618,51089,5605,55001,52168.6,51487.8,1.01322,0.979304,0.992255,0,1,0,1,0.25,1,0.25,0,0,0,1,2,0,0,1.99132,0
1,2,0,11,54932,55554.3,5688,52796,58249.9,55497.8,1.04959,0.953724,1.00102,0,2,0,1,0.25,1,0.25,0,0,-1,3,2,1,3,1.99132,1
1,2,7,38,44519,46668.9,5196,46652,46991.4,48673.1,0.96545,0.993136,0.958824,1,1,1,0,0,0,0,0,0,1,1,0,1,2,1.99132,0
1,2,2,39,44533,46739.5,5526,50728,51568.7,57006,0.90462,0.906353,0.819905,0,2,1,1,0.25,1,0.5,1,0.559017,1,1,2,1,1,1.96217,0
1,2,0,13,58831,59566.5,5655,56429,59566.5,83582.6,0.712666,1,0.712666,0,8,0,1,0.25,1,0.5,1,0.25,0,1,2,1,1,1.96217,0
1,2,2,86,31574,36439.5,4234,38810,38289.9,38295.3,0.999859,0.951675,0.951541,2,13,0,1,0.353553,1,0.353553,0,0,0,3,2,1,1,1.96217,1
1,2,7,31,23970,25723.9,4463,33229,25820.1,26443.1,0.976441,0.996273,0.972802,0,2,0,1,0.25,1,0.25,0,0,1,3,2,0,1,1.96217,0
1,2,0,76,40152,44451.8,4410,37212,45296.2,44395.2,1.02029,0.981358,1.00127,1,2,0,1,0.25,1,0.25,0,0,-1,1,2,1,1,1.67611,1
1,2,6,34,34660,36583.6,4969,43979,42778.8,51021.9,0.83844,0.85518,0.717017,0,10,0,1,0.25,1,0.25,0,0,-1,1,2,1,2,1.67611,1
1,2,7,14,22109,22901.1,4339,31679,23572.4,23232.9,1.01461,0.971522,0.985716,0,1,0,0,0,0,0,0,0,-1,3,0,0,2,1.67611,0
1,2,0,11,24261,24883.3,4001,26729,25166.2,24826.8,1.01367,0.98876,1.00228,0,2,0,1,0.25,1,0.25,0,0,-1,1,2,0,3,1.67611,0
1,1,4,30,26984,28681.3,3303,22199,29912.9,31206.7,0.958541,0.958826,0.919073,0,1,1,1,0.25,1,0,1,0.25,1,3,2,1,2,2.03368,1
1,2,0,16,19322,20227.2,3413,21457,20716.1,20170.6,1.02704,0.976401,1.0028,0,60,0,1,0.559017,1,0.559017,0,0,-1,3,2,0,1,2.03368,0
1,2,0,18,21941,22959.4,4438,31840,23510.7,22959.4,1.02401,0.97655,1,0,1,0,1,0.25,1,0.25,0,0,-1,1,2,0,3,2.03368,0
1,2,0,6,21339,21678.5,3536,23262,22017.9,21678.5,1.01566,0.984583,1,0,2,0,1,0.25,1,0.25,0,0,-1,1,2,1,2,2.03368,0
1,2,0,9,15543,16052.2,3426,21010,16868.6,15995.6,1.05458,0.951599,1.00354,0,2,0,1,0.559017,1,0.559017,0,0,-1,3,2,0,0,1.26923,0
1,2,0,5,14587,14869.9,3496,20616,16149.9,14813.3,1.09023,0.920739,1.00382,0,7,0,1,0.559017,1,0.559017,0,0,-1,3,2,0,0,1.26923,0
1,2,0,8,14694,15146.6,3209,16847,15943.2,15146.6,1.0526,0.950033,1,0,4,0,1,0.25,1,0.25,0,0,-1,1,2,0,0,1.26923,0
1,2,0,11,13425,14047.3,2843,14415,14443.4,13990.8,1.03235,0.97258,1.00404,0,1,0,1,0.25,1,0.25,0,0,-1,1,2,0,0,1.26923,0
1,2,0,48,22239,24954.6,4034,24724,25407.3,24954.6,1.01814,0.982186,1,1,14,0,1,0.25,1,0.25,0,0,-1,1,2,1,1,1,1
1,3,0,100,13433,19090.6,5288,40924,22047.4,20831.2,1.05839,0.865888,0.916444,0,1,-1,0,0,0,0,0,0,-1,0,0,1,2,1,0
1,2,0,6,18451,18790.5,3515,20183,19186.5,18733.9,1.02416,0.979359,1.00302,0,9,0,1,0.25,1,0.25,0,0,-1,1,2,0,2,1,0
1,2,2,99,19478,25079,3854,22988,25894.8,27186.7,0.952479,0.968498,0.922474,2,47,0,61.6847,0,123.369,0.75,61.6847,0.75,0,3,0,1,2,1,1
1,2,0,5,14304,14586.9,3140,16058,14729.2,14530.3,1.01369,0.990336,1.00389,0,15,1,0,0,0,0,0,0,-1,3,0,0,0,1.97727,0
1,2,1,256,22452,36935.5,3399,18103,37622.4,39172.4,0.960433,0.98174,0.942896,1,4,1,0,0,0,0,0,0,-1,3,0,1,1,1.97727,1
1,2,2,27,19772,21299.6,3531,20271,21839,21767.9,1.00326,0.9753,0.978484,0,31,1,1,0.353553,1,0.353553,0,0,-1,1,2,1,2,1.97727,0
1,3,0,602,37369,71427.8,20245,664461,79470.2,79170,1.00379,0.898799,0.902207,2,16,-1,0,0,0,0,0,0,-1,0,0,1,3,1.97727,1
1,3,0,405,31260,54173.3,22293,888061,64447.4,66776.5,0.965121,0.840581,0.811262,0,6,-1,0,0,0,0,0,0,-1,0,0,0,1,1.62162,1
1,2,0,188,21209,31845.3,3504,19444,32831.2,31788.7,1.0328,0.969969,1.00178,1,15,0,1,0.353553,1,0.353553,0,0,-1,3,2,0,1,1.62162,1
1,2,0,740,48441,90307.2,5029,39625,94502.2,90194.1,1.04777,0.95561,1.00125,0,18,1,123.223,0,123.223,0,0,0,-1,3,0,0,4,1.62162,1
1,2,0,112,21352,27688.5,3851,25945,28028,27518.8,1.0185,0.987889,1.00617,2,3,0,0,0,0,0,0,0,-1,3,0,0,4,1.62162,1
1,2,1,25,47251,48665.4,5178,45668,49173.5,49265,0.998142,0.989667,0.987828,0,3,1,1,0.25,1,0.25,0,0,-1,3,2,1,1,1.14904,1
1,2,2,31,49976,51729.9,5788,58330,53629.7,53233.6,1.00744,0.964575,0.971751,0,3,0,1,0.353553,1,0.559017,0,0.25,1,1,2,1,2,1.14904,1
1,0,0,2,41693,41806.2,3913,27107,42255.9,41749.6,1.01213,0.989356,1.00136,0,7,1,1,0.25,1,0.25,0,0,-1,3,2,0,2,1.14904,0
1,2,0,41,38435,40754.6,5303,49577,40698,42420.4,0.959397,1.00139,0.960731,1,2,0,1,0.353553,0,0.25,0,0.25,0,3,2,0,3,1.14904,0
1,1,5,24,45502,46859.8,4198,31172,47067.6,49368.5,0.953395,0.995585,0.949186,0,1,0,1,0.5,1,0.75,1,0.25,1,3,1,1,4,1.75795,0
1,2,6,60,68975,72369.6,6305,65637,74175.7,73609.9,1.00769,0.97565,0.983149,2,3,0,1,0.5,1,0.75,1,0.25,1,3,1,1,4,1.75795,1
1,1,2,12,60331,61009.9,5044,40724,61257.1,61809.8,0.991059,0.995964,0.987059,0,2,0,1,0.353553,1,0.353553,0,0,-1,3,2,1,2,1.75795,1
1,0,0,3,62382,62551.7,5012,40904,62897.1,62438.6,1.00734,0.99451,1.00181,0,2,0,1,0.353553,1,0.353553,0,0,-1,3,2,1,4,1.75795,1
1,2,0,16,53069,53974.2,5555,52259,54143.9,53861.1,1.00525,0.996865,1.0021,0,2,0,1,0.25,1,0.25,0,0,-1,3,2,1,5,1.8832,1
1,2,6,23,42928,44229.2,5340,48098,45519.2,44314.6,1.02718,0.971661,0.998074,0,1,1,0,0,0,0,0,0,-1,1,0,1,3,1.8832,1
1,1,1,18,73774,74792.4,5712,52028,75107.8,80492.6,0.933102,0.995801,0.929183,0,5,0,1,0.25,1,0.25,0,0,-1,3,2,1,5,1.8832,1
1,2,7,27,30163,31690.6,4531,33923,31960.8,31621.4,1.01074,0.991544,1.00219,0,10,1,0,0,0,0,0,0,-1,1,0,1,5,1.8832,0
1,2,0,8,10633,11085.6,3182,16392,11604.8,11085.6,1.04683,0.955261,1,0,3,0,1,0.25,1,0.25,0,0,-1,1,2,0,0,1.22024,0
1,2,0,5,19300,19582.9,3984,29750,19905.6,19582.9,1.01648,0.983785,1,0,18,0,1,0.25,1,0.25,0,0,-1,1,2,0,0,1.22024,0
1,2,0,171,17692,27366.5,3574,21060,27309.9,28159.8,0.96982,1.00207,0.97183,1,5,1,1,0.901388,3.16228,0.5,1,0.901388,0,3,2,1,1,1.22024,1
1,3,0,422,39391,63266.1,10938,217832,69027.1,74063.7,0.931996,0.91654,0.854211,1,2,-1,0,0,0,0,0,0,-1,0,0,1,2,1.22024,1
1,2,0,381,24322,45877.5,3804,26352,57238.4,45820.9,1.24918,0.801515,1.00123,1,1,0,1,0.25,1,0.25,0,0,-1,1,2,0,0,1.23938,1
1,2,0,77,17576,21932.4,3359,19309,22271.8,21932.4,1.01548,0.984758,1,1,6,0,1,0.25,1,0.25,0,0,-1,1,2,0,1,1.23938,1
1,2,1,179,21656,31783.1,3197,17073,32412.9,77679.6,0.417264,0.98057,0.409156,2,2,0,60.0083,0.901388,120.42,0.5,60.0083,0.901388,0,1,2,0,3,1.23938,1
1,2,6,211,31771,43708.5,4195,30261,69425.5,56620.2,1.22616,0.629574,0.771961,2,2,0,59.9333,1.06066,62.6099,0.25,2.23607,0.559017,0,1,2,1,5,1.23938,1
1,2,0,25,18478,19892.4,3787,23569,20175.3,19835.8,1.01711,0.985979,1.00285,1,40,0,1,0.25,1,0.25,0,0,-1,1,2,0,1,1.47591,0
1,2,2,49,13689,16461.2,3565,21485,16716.2,16415.5,1.01832,0.984747,1.00279,0,20,0,0,0,0,0,0,0,-1,3,0,1,1,1.47591,0
1,2,0,27,21033,22560.6,3682,21866,22900,22560.6,1.01505,0.985177,1,0,19,0,1,0.25,1,0.25,0,0,-1,1,2,1,3,1.47591,0
1,2,0,87,25735,30657.1,4075,27741,30940,30600.5,1.01109,0.990857,1.00185,1,24,0,0,0,0,0,0,0,-1,3,0,1,1,1.47591,1
1,2,7,49,19843,22615.2,3406,19718,23147.6,22904,1.01064,0.977001,0.987394,1,7,0,1,0.25,1,0.25,0,0,-1,1,2,0,0,1.62508,1
1,2,0,173,20617,30404.6,4134,26596,30291.5,41924.3,0.722528,1.00374,0.725227,0,22,0,66.4906,0,132.981,0.75,66.4906,0.75,0,1,0,1,4,1.62508,1
1,2,2,168,25224,34728.8,4130,25932,35780.9,39816.1,0.898654,0.970595,0.87223,0,32,0,37.4433,0.5,40.3113,0.790569,26.5707,1.06066,0,1,1,1,4,1.62508,1
1,2,0,79,18114,22583.5,3148,15680,26308.1,22413.8,1.17375,0.858424,1.00757,0,3,1,0,0,0,0,0,0,-1,3,0,1,5,1.62508,1
1,2,0,22,23076,24320.7,3904,24440,25001.7,24264.1,1.0304,0.972761,1.00233,0,23,1,1,0.353553,1,0.353553,0,0,-1,1,2,1,3,2.19121,0
1,3,0,577,42297,74941.4,20341,574987,80143,81821,0.979493,0.935095,0.915919,1,2,-1,0,0,0,0,0,0,-1,0,0,0,2,2.19121,1
1,2,4,372,31596,52642.3,4192,29998,55388.5,52636.9,1.05227,0.950419,1.0001,1,4,1,1,0.353553,1,0.353553,0,0,-1,1,2,1,3,2.19121,1
1,3,0,392,33308,55485.8,16018,458474,61530.6,62393.9,0.986164,0.901759,0.889282,1,2,-1,0,0,0,0,0,0,-1,0,0,0,3,2.19121,1
1,2,0,638,42217,78312.5,4776,34638,78256.6,78142.8,1.00146,1.00071,1.00217,1,2,0,0,0,0,0,0,0,-1,3,0,0,4,1.6556,1
1,2,0,28,21689,23273.1,4086,26470,23244.2,23046.8,1.00856,1.00125,1.00982,0,25,0,0,0,0,0,0,0,-1,3,0,0,4,1.6556,0
1,3,0,223,23191,35807.4,23121,924927,44598.1,40119.2,1.11164,0.802892,0.892526,0,4,-1,0,0,0,0,0,0,-1,0,0,0,4,1.6556,1
1,2,0,21,17658,18846.1,3662,21774,19185.6,18789.5,1.02108,0.982307,1.00301,0,1,0,0,0,0,0,0,0,-1,3,0,0,2,1.6556,0
1,0,0,7,43675,44071,4224,28712,45386.8,44071,1.02986,0.97101,1,0,1,1,1,0.25,1,0.25,0,0,-1,3,2,0,0,0.871795,0
1,2,5,37,29653,31746.3,4422,32892,31760.9,31925.9,0.994833,0.999539,0.994374,0,1,0,0,0,1,0.559017,1,0.559017,0,3,0,0,0,0.871795,0
1,2,0,62,23125,26632.7,3747,26619,28023.2,26632.7,1.05221,0.950381,1,1,2,0,1,0.559017,1,0.559017,0,0,-1,3,2,0,0,0.871795,0
1,1,6,34,16616,18539.6,2848,13744,19078,20602.2,0.926014,0.971779,0.899882,0,1,1,1,0.25,1,0.25,0,0,-1,3,2,0,0,0.871795,0
1,0,0,4,23426,23652.3,3164,16692,24908.2,23652.3,1.0531,0.949578,1,0,1,1,1,0.25,1,0.25,0,0,-1,3,2,0,0,1.32308,0
1,0,0,4,37579,37805.3,3821,27241,38397.2,37805.3,1.01566,0.984585,1,0,1,0,1,0.353553,1,0.353553,0,0,-1,3,2,1,1,1.32308,0
1,0,0,6,15029,15368.5,2822,13316,15764.5,15368.5,1.02577,0.974878,1,0,1,0,1,0.559017,1,0.559017,0,0,-1,1,2,1,1,1.32308,0
1,2,0,9,16316,16825.2,3399,18501,16868.9,16768.6,1.00598,0.997406,1.00337,0,8,0,1,0.559017,1,0.559017,0,0,-1,1,2,1,1,1.32308,0
1,1,1,15,72042,72890.6,5775,53007,73644.2,72852.2,1.01087,0.989767,1.00053,0,1,0,1,0.353553,1,0.353553,0,0,-1,3,2,1,3,1.81719,1
1,2,2,67,73500,77290.6,6778,71664,78942.3,79725.8,0.990173,0.979077,0.969455,0,14,0,1,0.353553,1,0.353553,0,0,-1,3,2,1,5,1.81719,1
1,2,1,49,34277,37049.2,4508,38998,41736.9,45633.6,0.914609,0.887685,0.811884,1,17,1,1,0.25,1,0.25,0,0,-1,3,2,1,3,1.81719,1
1,0,0,8,73917,74369.6,5535,49509,74692.8,74199.9,1.00664,0.995673,1.00229,0,1,0,1,0.559017,1,0.559017,0,0,-1,3,2,1,5,1.81719,1
1,2,1,148,81169,89542.2,6753,72543,91284.7,93231.2,0.979121,0.980912,0.960432,1,1,1,0,0,0,0,0,0,-1,1,0,1,5,1.7563,1
1,2,0,12,15645,16323.9,3533,19867,16706.7,16267.3,1.02701,0.977089,1.00348,0,12,0,1,0.559017,1,0.559017,0,0,-1,3,2,0,2,1.7563,0
1,2,1,95,64098,69472.7,6486,65656,69576.6,104926,0.663104,0.998507,0.662113,1,22,1,0,0.25,0,0.5,0,0.25,0,3,2,1,5,1.7563,1
1,2,0,27,15926,17453.6,4193,28973,17453.6,17453.9,0.999978,1,0.999978,0,6,1,1,0.25,1,0.5,1,0.25,0,1,2,1,3,1.7563,0
1,2,0,8,13395,13847.6,2875,13469,14073.9,13791,1.02051,0.98392,1.0041,0,4,0,0,0,0,0,0,0,-1,3,0,0,0,1.28102,0
1,2,0,7,13162,13558,2839,13701,14111.8,13501.5,1.04521,0.960759,1.00419,0,2,0,1,0.25,1,0.25,0,0,-1,3,2,0,0,1.28102,0
1,2,2,22,21553,22797.7,3670,22882,23978.1,23695.2,1.01194,0.950772,0.962123,0,1,1,1,0.25,1,0.25,0,0,-1,1,2,1,1,1.28102,0
1,2,5,14,22629,23421.1,3859,25461,23929.2,23614.6,1.01332,0.978764,0.991804,0,19,0,1,0.25,1,0.25,0,0,-1,3,2,1,1,1.28102,0
1,2,0,18,15654,16672.4,3242,17154,17509.7,16615.8,1.0538,0.952177,1.0034,0,2,0,1,0.25,1,0.25,0,0,-1,3,2,1,1,1.1267,0
1,2,5,76,20199,24498.8,3507,20173,32452.6,36699.5,0.88428,0.754909,0.667551,0,3,1,2.82843,0.790569,6.7082,0.5,3.60555,0.353553,0,3,2,1,1,1.1267,0
1,2,2,137,24525,32275.9,4204,29828,46886,49897.3,0.939651,0.688391,0.646847,1,24,1,1.41421,0.353553,1.41421,0.353553,0,0,-1,3,2,1,1,1.1267,1
1,2,0,109,26239,32405.8,4117,29075,32405.8,50325.5,0.643924,1,0.643924,1,11,1,40.5216,0,23.4094,0.5,48.2701,0.5,0,1,0,1,2,1.1267,0
1,2,0,544,36922,67699.3,4220,30568,67642.8,69146.1,0.978259,1.00084,0.979077,0,11,1,119.097,0.353553,110.752,0.5,8.06226,0.790569,1,3,2,1,3,1.72003,1
1,2,1,1115,62935,126017,5038,43148,143668,137837,1.0423,0.877145,0.914249,2,2,0,61.4003,0.790569,62.8013,0.75,6.7082,0.75,1,1,2,1,5,1.72003,1
1,3,0,636,47659,83641.3,16817,492047,99289.8,94566.2,1.04995,0.842396,0.884474,0,14,-1,0,0,0,0,0,0,-1,0,0,1,3,1.72003,1
1,2,1,810,54911,100738,5338,46764,120782,132198,0.913644,0.834046,0.762021,1,1,0,60.7454,0.5,63.8122,0.559017,3,0.901388,1,3,1,1,5,1.72003,1
1,2,7,433,37510,62007.4,4367,33141,73473,73491.1,0.999754,0.843948,0.84374,1,18,0,60.3738,0.353553,62.1772,0.25,1.41421,0.75,1,1,2,0,4,1.80218,1
1,2,0,24,29857,31214.8,4749,39019,31802.6,31045.1,1.0244,0.981518,1.00547,0,1,0,1,0.25,1,0.25,0,0,-1,1,2,0,4,1.80218,0
1,2,4,528,34834,64706.1,3671,25499,75232.1,74968.3,1.00352,0.860086,0.863113,2,2,0,54.5619,0.559017,108.674,0.790569,54.5619,0.901388,1,1,2,0,4,1.80218,1
1,2,0,140,16566,24486.6,3361,19599,27249.3,24373.5,1.11799,0.898614,1.00464,1,1,0,1,0.25,1,0.25,0,0,-1,1,2,0,2,1.80218,1
1,2,4,67,28802,32592.6,4485,33203,32903.3,32620.4,1.00867,0.990557,0.999147,0,2,0,0,0,0,0,0,0,-1,3,0,1,2,2.14909,1
1,3,0,50,17328,20156.8,4029,25053,22774.1,38102.5,0.597707,0.885075,0.529016,0,8,-1,0,0,0,0,0,0,-1,0,0,1,4,2.14909,0
1,2,6,51,19175,22060.4,4137,28545,28912,22543.8,1.28248,0.763018,0.978558,0,5,0,1,0.25,1,0.25,0,0,-1,1,2,0,3,2.14909,0
1,2,0,29,14330,15970.7,3129,19159,16503.9,15970.7,1.03339,0.967693,1,0,2,0,7.07107,0.353553,7.07107,0.353553,0,0,-1,3,2,0,1,2.14909,0
1,3,0,81,18914,23496.7,9911,123829,25373.2,23987.5,1.05777,0.926042,0.979539,0,12,-1,0,0,0,0,0,0,-1,0,0,1,4,1.88964,0
1,2,1,161,33007,42115.7,4471,33501,44226.4,44588.9,0.991869,0.952276,0.944534,0,1,1,0,0.25,0,0.5,0,0.25,1,1,2,1,4,1.88964,1
1,2,2,28,16803,18387.1,3412,19438,18922.6,19160.9,0.987558,0.971704,0.959615,0,1,0,7.07107,0.353553,7.07107,0.353553,0,0,-1,3,2,0,0,1.88964,0
1,2,0,25,17195,18609.4,3419,19509,21343.2,18552.8,1.1504,0.871914,1.00305,0,9,0,0,0,0,0,0,0,-1,3,0,0,2,1.88964,0
1,2,0,316,31890,49768,4383,31301,52513.7,49654.9,1.05757,0.947715,1.00228,1,1,0,10.6301,0.707107,10.6301,0.707107,0,0,-1,1,1,1,5,2.05858,1
1,2,0,390,29534,51598.6,4196,30066,55403.1,51485.5,1.07609,0.931331,1.0022,2,9,0,0,0,0,0,0,0,-1,3,0,0,4,2.05858,1
1,2,4,163,31433,40654.9,4666,36360,41048.7,41574.6,0.987352,0.990405,0.977879,0,5,0,0,0,0,0,0,0,-1,3,0,0,3,2.05858,0
1,2,5,41,22505,24824.6,4119,32683,24851,26632.3,0.933117,0.998937,0.932125,0,6,0,1,0.25,1,0.25,0,0,-1,1,2,0,3,2.05858,0
1,2,0,17,3696,4657.79,1572,4108,5299.86,4657.79,1.13785,0.878853,1,0,1,0,1,0.559017,1,0.559017,0,0,-1,3,2,0,0,1.41176,0
1,2,2,75,22615,26858.2,3755,27343,29804.8,30405.5,0.980244,0.901137,0.883334,0,7,1,13.6015,0,28.1603,0.5,14.5602,0.5,0,3,0,1,1,1.41176,0
1,1,0,22,5732,6976.67,1183,2763,6976.67,10631.6,0.656217,1,0.656217,0,1,0,2,0.901388,5.09902,0.559017,2.23607,0.5,0,3,2,1,1,1.41176,0
1,2,0,76,16305,20604.8,3214,22860,21718.7,20604.8,1.05406,0.948713,1,0,1,0,2,0.901388,2,0.901388,0,0,-1,3,2,1,1,1.41176,1
1,0,0,3,16393,16562.7,3035,14401,17227.1,16562.7,1.04011,0.961436,1,0,1,0,3.16228,0.75,3.16228,0.75,0,0,-1,3,2,1,1,1.48597,0
1,0,0,5,17976,18258.9,3214,16622,18610.6,18258.9,1.01927,0.981099,1,0,1,0,0,0,0,0,0,0,-1,3,0,0,0,1.48597,0
1,2,0,9,26388,26897.2,4044,28424,27134.7,26840.6,1.01096,0.991248,1.00211,0,2,0,3.16228,0.75,3.16228,0.75,0,0,-1,3,2,0,1,1.48597,0
1,2,0,9,15232,15741.2,3227,17217,16425.2,15741.2,1.04345,0.958355,1,0,13,0,3.16228,0.75,3.16228,0.75,0,0,-1,3,2,0,0,1.48597,0
1,2,4,27,16074,17601.6,3036,15728,18399,18264.4,1.00737,0.956659,0.96371,0,3,0,1,0.559017,1,0.559017,0,0,-1,1,2,0,2,1.62727,1
1,1,2,20,44976,46107.5,4622,40664,54251.4,53701.3,1.01024,0.849886,0.858593,0,19,0,1,0.707107,1,0.707107,0,0,1,1,1,1,5,1.62727,1
1,2,0,15,16850,17698.6,3091,17301,18744,17642.1,1.06246,0.944231,1.00321,0,12,0,0,0,0,0,0,0,-1,3,0,0,2,1.62727,0
1,1,2,10,15818,16383.8,2814,14192,21676.7,22428.5,0.966478,0.755824,0.730487,0,2,0,0,0,0,0,0,0,-1,3,0,1,4,1.62727,0
1,2,0,12,26414,27092.9,4253,30675,27432.4,26923.2,1.01891,0.987626,1.0063,0,4,1,0,0,0,0,0,0,-1,1,0,1,5,2.004,0
1,2,0,24,26233,27590.8,4516,32576,27590.8,27890.1,0.989271,1,0.989271,0,35,1,1,0.25,1,0.5,1,0.25,0,1,2,1,2,2.004,0
1,2,0,8,10397,10849.6,2957,14959,11357.2,10849.6,1.04679,0.955305,1,0,9,1,1,0.25,1,0.25,0,0,-1,1,2,1,2,2.004,0
1,2,0,18,23950,24968.4,3908,27200,25624.4,24968.4,1.02627,0.974398,1,0,8,1,0,0,0,0,0,0,-1,1,0,1,1,2.004,0
1,2,0,38,13569,15718.9,2880,14744,16182.5,15662.3,1.03321,0.971351,1.00361,1,2,1,1.41421,0.353553,1.41421,0.353553,0,0,-1,1,2,1,1,1.64491,0
1,2,0,131,24806,32217.5,3756,23680,32217.5,37030.3,0.87003,1,0.87003,1,24,1,38.6264,0.790569,77.2528,0.790569,38.6264,0.707107,0,3,2,1,1,1.64491,1
1,2,0,81,20411,24993.7,3915,25563,25389.7,24993.7,1.01585,0.984402,1,1,1,1,0,0,0,0,0,0,-1,1,0,1,1,1.64491,1
1,2,6,38,16828,18977.9,3067,16239,26053.2,28043.2,0.929038,0.728429,0.676739,0,11,1,93.5361,0.5,160.312,0.75,68,0.25,1,1,1,1,4,1.64491,1
1,2,2,286,32438,48618.7,3948,27414,54984.9,73512.2,0.747969,0.88422,0.661369,2,8,0,0,0,0,0,0,0,-1,1,0,1,4,1.91282,1
1,3,0,557,38588,70100.8,26693,1375817,70700.5,72598.7,0.973853,0.991519,0.965593,0,24,-1,0,0,0,0,0,0,-1,0,0,1,3,1.91282,1
1,3,0,136,16451,24145.3,4901,55605,30823.4,80930.9,0.380861,0.783343,0.298345,1,3,-1,0,0,0,0,0,0,-1,0,0,1,5,1.91282,1
1,3,0,362,27441,47921.5,78677,7591165,81494.2,68397.6,1.19148,0.588036,0.700631,0,10,-1,0,0,0,0,0,0,-1,0,0,1,5,1.91282,1
1,3,0,980,52895,108339,51983,3956247,113915,111313,1.02338,0.951058,0.973291,0,19,-1,0,0,0,0,0,0,-1,0,0,1,4,2.266,1
1,2,5,766,49408,92745.2,4753,37803,95247.8,102013,0.933683,0.973726,0.909151,1,10,0,57.4891,0.901388,55.1725,0.790569,4.12311,0.25,0,3,2,1,5,2.266,1
1,3,0,242,32333,46024.4,60466,5330784,56614.4,84330.9,0.671337,0.812945,0.54576,1,2,-1,0,0,0,0,0,0,-1,0,0,1,5,2.266,1
1,3,0,680,51702,90173.7,48877,3866503,110400,102834,1.07358,0.816792,0.876888,1,1,-1,0,0,0,0,0,0,-1,0,0,1,5,2.266,1
1,3,0,293,26158,42734.8,25287,899141,49589.3,43625,1.13672,0.861773,0.979592,0,3,-1,0,0,0,0,0,0,-1,0,0,0,4,1.86377,1
1,2,0,48,13313,16028.6,3479,20021,26287.5,15858.9,1.65758,0.609745,1.0107,0,19,0,1,0.25,1,0.25,0,0,-1,1,2,0,4,1.86377,0
1,2,0,56,18821,21989.3,3497,21107,25968,21819.5,1.19013,0.846782,1.00778,0,1,0,1,0.25,1,0.25,0,0,-1,3,2,0,4,1.86377,0
1,2,0,50,17611,20439.8,3316,18206,23103,20439.8,1.1303,0.884724,1,0,1,0,1,0.25,1,0.25,0,0,-1,1,2,0,1,1.86377,0
1,2,0,45,14340,16885.9,3214,17446,20167.4,16885.9,1.19433,0.837286,1,0,12,0,1,0.25,1,0.25,0,0,-1,1,2,0,1,1.54224,0
1,2,0,29,20215,21855.7,4155,30231,21855.7,22409.2,0.975298,1,0.975298,0,16,1,1.41421,0.901388,2.23607,0.707107,1,0.75,0,3,2,0,0,1.54224,0
1,2,0,28,21110,22694.1,4263,29993,24070.6,22694.1,1.06065,0.942815,1,0,1,1,1.41421,0.901388,1.41421,0.901388,0,0,-1,3,2,0,0,1.54224,0
1,2,0,20,13802,14933.5,3388,18804,16065.6,14933.5,1.07581,0.929535,1,0,18,1,1.41421,0.901388,1.41421,0.901388,0,0,-1,3,2,0,0,1.54224,0
1,2,0,20,14432,15563.5,3438,19824,16894.3,15563.5,1.08551,0.921228,1,0,4,0,1,0.25,1,0.25,0,0,-1,1,2,0,0,0.794545,0
1,2,1,32,20671,22481.4,4239,32061,24371.2,22928.3,1.06293,0.92246,0.980511,0,1,0,1,0.25,1,0.25,0,0,-1,3,2,0,0,0.794545,0
1,2,0,21,19014,20202.1,3710,23588,20598.1,20202.1,1.0196,0.980773,1,0,1,1,0,0,0,0,0,0,-1,3,0,0,0,0.794545,0
1,2,0,19,17027,18101.9,3372,19384,18477.1,18045.4,1.02393,0.979695,1.00314,0,3,1,0,0,0,0,0,0,-1,3,0,0,0,0.794545,0
1,1,4,20,10981,12112.5,1741,5563,13571.8,12616.5,1.07572,0.892475,0.960057,0,1,0,2,0.901388,2,0.901388,0,0,-1,3,2,0,0,1.41026,0
1,2,2,87,8026,12948.1,1784,6796,14858.8,15625,0.950963,0.87141,0.828678,0,7,0,2,1.06066,2,1.06066,0,0,-1,3,2,1,3,1.41026,1
1,0,0,5,12679,12961.9,2006,8430,14046.9,12961.9,1.08371,0.922754,1,0,1,0,2,1.06066,2,1.06066,0,0,-1,3,2,1,1,1.41026,0
1,0,0,3,9993,10162.7,1522,4178,10083.2,10049.6,1.00334,1.00789,1.01126,0,1,0,2,1.06066,2,1.06066,0,0,-1,3,2,1,3,1.41026,1
1,2,1,108,23986,30096.2,4461,33609,31587.4,30147.5,1.04776,0.952791,0.998298,0,4,0,3.16228,0.75,3.16228,0.75,0,0,-1,3,2,1,3,1.64406,1
1,0,0,6,18036,18375.5,3073,15897,18668.2,18262.3,1.02223,0.984318,1.0062,0,1,0,0,0,0,0,0,0,-1,3,0,1,2,1.64406,1
1,2,2,46,21935,24537.5,3847,26199,30316.5,30320.7,0.999863,0.809377,0.809266,0,11,1,49.0408,0.25,49.0408,0,1,0.25,1,3,2,1,5,1.64406,0
1,2,0,12,19485,20163.9,3289,18253,21768.5,20107.3,1.08262,0.926288,1.00281,0,1,0,2.23607,1.06066,2.23607,1.06066,0,0,-1,3,2,0,3,1.64406,0
1,2,0,12,21423,22101.9,4121,26697,23016.4,22045.3,1.04405,0.960268,1.00257,0,25,1,0,0.353553,0,0.353553,0,0,-1,3,2,1,3,1.54011,0
1,2,2,96,17340,22771.3,3435,19305,25033.4,37704.1,0.663945,0.909635,0.603947,1,1,0,0,0,0,0,0,0,-1,3,0,1,4,1.54011,1
1,2,0,17,23359,24320.8,4468,32452,25875.2,24320.8,1.06391,0.939925,1,0,20,1,0,0.353553,0,0.353553,0,0,-1,3,2,0,0,1.54011,0
1,3,0,125,25503,32575,4121,28923,42753.8,53191.7,0.803769,0.76192,0.612408,0,20,-1,0,0,0,0,0,0,-1,0,0,1,3,1.54011,0
1,3,0,479,32674,59773.9,23124,944094,64783.3,78657.6,0.823612,0.922675,0.759926,0,9,-1,0,0,0,0,0,0,-1,0,0,1,5,2.22187,1
1,3,0,403,32788,55588.1,34701,2140967,65418.1,72125.3,0.907007,0.849736,0.770716,0,11,-1,0,0,0,0,0,0,-1,0,0,1,5,2.22187,1
1,3,0,135,27572,35209.8,6319,81347,41384.1,47864.3,0.864612,0.850805,0.735616,1,1,-1,0,0,0,0,0,0,-1,0,0,1,4,2.22187,1
1,3,0,177,19841,29855,8016,98848,30487.5,31200.9,0.977135,0.979253,0.956863,0,1,-1,0,0,0,0,0,0,-1,0,0,1,5,2.22187,1
1,3,0,717,60948,101513,16911,418057,104600,107552,0.972547,0.970489,0.943846,0,38,-1,0,0,0,0,0,0,-1,0,0,1,5,2.36008,1
1,3,0,252,28143,42400.2,14080,396686,45272.5,46094.6,0.982166,0.936554,0.919851,0,3,-1,0,0,0,0,0,0,-1,0,0,1,5,2.36008,1
1,3,0,204,24344,35885.5,28634,1094912,55724.5,46616.5,1.19538,0.643981,0.769803,1,1,-1,0,0,0,0,0,0,-1,0,0,1,5,2.36008,1
1,3,0,256,20667,35150.5,15788,415362,44955,52388.8,0.858103,0.781903,0.670954,0,11,-1,0,0,0,0,0,0,-1,0,0,0,4,2.36008,1
1,2,5,157,22835,31717.4,3878,24252,38548.6,37764.4,1.02076,0.822792,0.839876,2,8,1,0,0,0,0,0,0,-1,3,0,0,2,1.66699,0
1,2,2,142,23051,31084.8,4460,31894,32906.2,32022.4,1.0276,0.94465,0.970721,1,1,0,64.8999,0,62.1289,0.790569,2.82843,0.790569,0,1,0,0,0,1.66699,1
1,2,4,384,26862,48587.2,3824,24262,52359.8,57241.9,0.914712,0.927948,0.848805,2,5,0,70.2922,0,76.3675,0,9,0,0,1,0,0,2,1.66699,1
1,2,1,215,25835,37998.8,3962,25454,41359.2,47911.2,0.863247,0.918752,0.79311,0,9,0,61.0574,0.559017,55.9464,0.353553,6.7082,0.25,0,1,2,0,3,1.66699,1
1,2,0,18,19097,20115.4,4010,26426,21207.3,20058.8,1.05726,0.948512,1.00282,0,16,1,1.41421,0.901388,1.41421,0.901388,0,0,-1,3,2,0,1,1.04865,0
1,2,0,24,18012,19369.8,3752,23356,20082,19313.2,1.0398,0.964536,1.00293,0,14,0,1,0.25,1,0.25,0,0,-1,1,2,0,0,1.04865,0
1,2,0,16,21270,22175.2,4005,27663,22684.4,22118.6,1.02558,0.977554,1.00256,0,24,1,0,0,0,0,0,0,-1,3,0,0,2,1.04865,0
1,2,0,19,15306,16380.9,3624,21904,17120.1,16380.9,1.04512,0.956824,1,0,16,0,1,0.25,1,0.25,0,0,-1,1,2,0,0,1.04865,0
1,2,0,17,27336,28297.8,4075,33947,29025.5,28241.2,1.02777,0.974929,1.002,0,19,0,1,0.25,1,0.25,0,0,-1,1,2,0,0,0.507692,0
1,2,0,23,21194,22495.2,3405,20625,22495.2,22829.4,0.985364,1,0.985364,0,2,1,1,0.559017,1,0.25,1,0.5,1,1,2,0,0,0.507692,0
1,2,0,27,22757,24284.6,4490,35660,25885.9,24284.6,1.06594,0.93814,1,0,1,0,1,0.25,1,0.25,0,0,-1,1,2,0,0,0.507692,0
1,2,0,46,25354,27956.5,4122,29886,28296,27899.9,1.01419,0.988003,1.00203,0,1,0,1,0.25,1,0.25,0,0,-1,1,2,1,1,0.507692,0
1,2,0,52,32118,35060,4744,38702,35003.4,35999.2,0.972337,1.00162,0.973909,0,12,0,0,0.559017,1,0.353553,0,0.75,1,3,2,0,0,0.359375,0
1,2,0,145,21267,29470.5,3542,20988,30608.2,29413.9,1.0406,0.962831,1.00192,0,1,0,0,0.559017,0,0.559017,0,0,-1,3,2,0,0,0.359375,1
1,2,0,118,26676,33352,3937,26689,34201.6,33352,1.02547,0.975158,1,1,8,1,0,0.25,0,0.25,0,0,-1,3,2,1,1,0.359375,1
1,3,0,822,56600,103105,30908,1707166,109661,113580,0.965493,0.940219,0.907775,1,2,-1,0,0,0,0,0,0,-1,0,0,0,3,0.359375,1
1,2,6,19,14694,15768.9,3054,16062,17124.2,16948.2,1.01039,0.920855,0.930421,0,1,0,0,0,0,0,0,0,-1,3,0,0,0,1.19458,0
1,0,0,3,10398,10567.7,1663,5119,11098.9,10511.2,1.05592,0.952143,1.00538,0,2,0,2,1.06066,2,1.06066,0,0,-1,3,2,0,2,1.19458,0
1,2,0,11,8884,9506.34,2320,8988,9875.64,9449.76,1.04507,0.962605,1.00599,0,2,0,2,1.06066,2,1.06066,0,0,-1,3,2,0,0,1.19458,0
1,2,0,11,10420,11042.3,3002,16438,11807.8,10985.8,1.07483,0.935171,1.00515,0,20,0,2,1.06066,2,1.06066,0,0,-1,3,2,0,0,1.19458,0
1,2,0,27,13525,15052.6,3143,21561,15052.6,17998.1,0.83634,1,0.83634,0,15,0,2.23607,0.5,2.82843,0.353553,1,0.353553,1,3,1,0,1,1.20425,0
1,2,0,16,19183,20088.2,3749,24521,21921.4,20088.2,1.09126,0.916373,1,0,1,0,2.23607,1.06066,2.23607,1.06066,0,0,-1,3,2,1,1,1.20425,0
1,1,0,20,16386,17517.5,2145,9419,17460.9,20100.3,0.868689,1.00324,0.871504,0,1,0,1,0.5,1,0.790569,2.23607,0.790569,0,3,1,0,0,1.20425,0
1,2,7,39,17509,19715.5,4324,33832,19878,22182.3,0.896119,0.991823,0.888791,0,67,1,4.12311,0.25,10.198,0.5,7.07107,0.25,0,3,2,0,0,1.20425,0
1,2,0,24,14640,15997.8,3121,17553,15997.8,16216.2,0.986532,1,0.986532,0,1,0,0,0.75,1,0.5,0,0.75,0,1,2,0,0,0.2875,0
1,2,0,15,16990,17838.6,3443,23031,18152.5,17782.1,1.02083,0.982709,1.00318,0,22,0,0,0.75,0,0.75,0,0,-1,3,2,0,0,0.2875,0
1,2,0,38,15843,17992.9,3400,18152,18590.2,17992.9,1.0332,0.967868,1,1,13,1,0,0.353553,0,0.353553,0,0,-1,3,2,0,0,0.2875,1
1,2,0,35,16675,18655.2,3398,22220,18906.1,18655.2,1.01345,0.986728,1,1,3,1,0,0.353553,0,0.353553,0,0,-1,3,2,0,1,0.2875,0
1,2,7,51,23139,26024.4,4270,28974,30752.8,35350.5,0.869939,0.846244,0.736181,0,20,0,0,0.75,0,0.75,0,0,-1,3,2,1,1,1.61906,1
1,2,2,155,30289,39058.3,4024,26030,41030.7,61581.3,0.666285,0.951929,0.634256,0,6,0,34.4819,1.06066,42.19,0,9.21954,0.353553,0,1,2,1,2,1.61906,1
1,2,0,35,21177,23157.2,4031,28257,23100.6,23209.6,0.995305,1.00245,0.997743,0,37,0,0,0.5,0,0.25,1,0.25,1,1,1,1,3,1.61906,0
1,2,0,92,20907,26112,3627,23523,28044,26055.4,1.07632,0.931109,1.00217,0,19,0,0,0.5,0,0.5,0,0,-1,1,1,1,4,1.61906,1
1,2,0,65,23880,27557.4,3825,26207,29688.1,27387.7,1.08399,0.928233,1.0062,0,18,0,0,0,0,0,0,0,-1,3,0,0,3,2.08231,1
1,2,0,43,23226,25658.8,4224,32424,25599,25545.6,1.00209,1.00234,1.00443,0,1,0,0,0,0,0,0,0,-1,3,0,1,5,2.08231,0
1,2,0,28,23823,25407.1,4232,29146,25237.4,27800.2,0.907813,1.00673,0.913918,0,24,0,0,0.5,1,0,0,0.5,0,1,1,1,5,2.08231,0
1,2,4,28,18292,19876.1,3765,25729,24123.2,19903.7,1.212,0.823942,0.998616,0,19,0,1,0.790569,1,0.790569,0,0,-1,3,2,0,1,2.08231,0
1,2,0,248,18793,32823.8,3047,15501,33106.7,32767.3,1.01036,0.991456,1.00173,2,4,0,0,0,0,0,0,0,-1,3,0,1,4,2.14153,1
1,3,0,611,44997,79564.9,14042,336518,101006,94772.4,1.06577,0.787727,0.839537,2,1,-1,0,0,0,0,0,0,-1,0,0,1,5,2.14153,1
1,2,0,330,33921,52591.1,3854,25860,53047.4,52591.1,1.00868,0.991398,1,0,17,1,0,0,0,0,0,0,-1,3,0,0,2,2.14153,1
1,3,0,648,41417,78078.2,71398,5955428,90664.9,87153.8,1.04029,0.861174,0.895868,2,3,-1,0,0,0,0,0,0,-1,0,0,0,4,2.14153,1
1,3,0,380,30655,52153.9,14680,452506,72529,71387.4,1.01599,0.719076,0.730576,1,4,-1,0,0,0,0,0,0,-1,0,0,0,4,2.12407,1
1,3,0,316,29505,47383,43814,3341118,58175.4,49768.7,1.16892,0.814485,0.952064,0,5,-1,0,0,0,0,0,0,-1,0,0,1,5,2.12407,1
1,3,0,278,17396,33124.1,17994,559398,41083.9,69555.7,0.590662,0.806256,0.476224,1,1,-1,0,0,0,0,0,0,-1,0,0,1,5,2.12407,1
1,3,0,473,37025,63785.4,14876,393158,71908.5,79840.7,0.900651,0.887036,0.798909,1,1,-1,0,0,0,0,0,0,-1,0,0,1,5,2.12407,1
1,2,5,103,19078,24905.3,3590,23224,29174.9,35383.7,0.824532,0.853655,0.703865,1,14,1,0,0,0,0,0,0,-1,3,0,1,3,1.57377,1
1,2,0,43,27332,29764.8,4527,34009,32162.6,29708.2,1.08262,0.925448,1.0019,0,1,1,0,0,0,0,0,0,-1,3,0,0,1,1.57377,0
1,2,7,75,20572,24815.2,3151,22271,29004,63486.2,0.456855,0.855579,0.390875,0,9,1,55.0364,0.25,110.041,0.5,55.0364,0.25,0,1,2,1,5,1.57377,0
1,2,0,90,24525,29616.8,5349,45307,33727.8,29616.8,1.13881,0.878113,1,0,39,0,0,0,0,0,0,0,-1,3,0,1,2,1.57377,0
1,2,0,514,43331,72411.1,5057,41979,72506.7,72411.1,1.00132,0.998681,1,1,13,1,0,0.25,0,0.25,0,0,-1,3,2,0,2,0.789474,1
1,3,0,874,51666,101113,62816,4479794,134843,123185,1.09464,0.749859,0.820823,1,1,-1,0,0,0,0,0,0,-1,0,0,0,4,0.789474,1
1,3,0,417,37260,60852.2,34212,2043290,72929.3,61966.7,1.17691,0.834399,0.982014,0,19,-1,0,0,0,0,0,0,-1,0,0,0,2,0.789474,1
1,3,0,226,19770,32556.2,62097,4025153,44416.1,43216.6,1.02776,0.732981,0.753326,2,3,-1,0,0,0,0,0,0,-1,0,0,0,4,0.789474,1
1,2,0,10,15582,16147.8,3361,18717,16543.8,16091.2,1.02813,0.976062,1.00352,0,5,0,1,0.5,1,0.5,0,0,-1,3,1,0,0,0.6,0
1,2,2,53,23827,26825.5,4290,31576,27963.4,29114,0.960481,0.959308,0.921398,0,8,0,1,0.5,1,0.5,0,0,-1,3,1,0,0,0.6,0
1,0,0,7,13467,13863,2458,10702,14202.5,13863,1.02449,0.976099,1,0,1,0,1,0.5,1,0.5,0,0,-1,3,1,0,0,0.6,0
1,2,0,368,28469,49289,4192,28850,50147.4,49232.4,1.01859,0.982882,1.00115,1,2,1,4.12311,0.25,4.12311,0.25,0,0,-1,3,2,0,0,0.6,1
1,2,0,181,16828,27068.3,3675,22519,27318.1,27011.7,1.01134,0.990854,1.00209,1,3,1,4.12311,0.25,4.12311,0.25,0,0,-1,3,2,0,0,0.96993,1
1,3,0,120,14645,21434.1,77286,6030664,30465.8,27771.6,1.09701,0.703546,0.771799,0,1,-1,0,0,0,0,0,0,-1,0,0,0,1,0.96993,1
1,2,0,284,30659,46726.6,4395,33113,47928.6,46613.4,1.02821,0.97492,1.00243,1,1,1,4.12311,0.25,4.12311,0.25,0,0,-1,3,2,0,3,0.96993,1
1,3,0,223,15737,28353.4,66754,5077796,35019.5,33767.6,1.03707,0.809648,0.839665,2,12,-1,0,0,0,0,0,0,-1,0,0,0,4,0.96993,1
1,3,0,321,24283,42443.9,46945,3229199,45473.9,44958.1,1.01147,0.933368,0.944077,0,17,-1,0,0,0,0,0,0,-1,0,0,0,3,1.45455,1
1,2,0,393,23652,45886.4,4025,27381,51042.9,45773.2,1.11513,0.898977,1.00247,1,4,0,0,0.5,0,0.5,0,0,-1,1,1,0,2,1.45455,1
1,3,0,249,21355,35442.4,51790,3286862,61317.3,38265.7,1.60241,0.578016,0.92622,2,2,-1,0,0,0,0,0,0,-1,0,0,0,4,1.45455,1
1,3,0,529,42077,72005.7,17803,461331,73011.5,73604.3,0.991946,0.986224,0.978281,0,31,-1,0,0,0,0,0,0,-1,0,0,0,4,1.45455,1
1,2,0,100,23218,28875.6,4175,27585,29442.1,28819,1.02162,0.980759,1.00196,1,7,0,0,0.5,0,0.5,0,0,-1,1,1,1,2,2.10307,1
1,2,2,34,21903,23826.6,3998,29598,23816.5,23989.1,0.992805,1.00042,0.993226,0,26,0,0,0.5,0,0.5,0,0,-1,1,1,1,4,2.10307,0
1,2,0,88,27084,32062.7,3999,27379,32493.9,31893,1.01884,0.98673,1.00532,1,1,0,0,0.5,0,0.5,0,0,-1,1,1,1,5,2.10307,1
1,2,0,21,22157,23345.1,4267,27989,23537.1,23288.5,1.01068,0.991841,1.00243,0,1,0,1,0.353553,1,0.353553,0,0,-1,1,2,1,3,2.10307,0
1,2,0,19,26006,27080.9,4248,32716,28536.8,27080.9,1.05376,0.948984,1,0,9,0,0,0.5,0,0.5,0,0,-1,1,1,0,1,1.98645,0
1,2,0,24,12383,13740.8,3370,17512,17786.8,13740.8,1.29445,0.772529,1,0,16,0,0,0.5,0,0.5,0,0,-1,3,1,0,0,1.98645,0
1,2,0,18,18697,19715.4,3612,22700,20168,19658.8,1.0259,0.977558,1.00288,0,1,0,1,0.353553,1,0.353553,0,0,-1,1,2,1,1,1.98645,0
1,2,0,25,24652,26066.4,4094,31876,26462.4,26066.4,1.01519,0.985034,1,0,20,0,0,0.5,0,0.5,0,0,-1,1,1,0,0,1.98645,0
1,3,0,618,45986,80950,28169,1422031,87192.4,85238.1,1.02293,0.928406,0.949692,1,9,-1,0,0,0,0,0,0,-1,0,0,0,2,1.97542,1
1,3,0,813,55733,101729,37047,1671857,106162,106104,1.00055,0.958244,0.958772,2,1,-1,0,0,0,0,0,0,-1,0,0,1,5,1.97542,1
1,3,0,283,34133,50144,21052,722684,54239.6,53854.5,1.00715,0.924491,0.931101,0,19,-1,0,0,0,0,0,0,-1,0,0,0,2,1.97542,1
1,3,0,245,17745,31606.1,36738,1433514,44889.9,38371.6,1.16987,0.704081,0.823685,2,1,-1,0,0,0,0,0,0,-1,0,0,1,5,1.97542,1
1,3,0,613,39146,73827.1,30930,1353980,88727.3,95619.2,0.927923,0.832067,0.772094,2,11,-1,0,0,0,0,0,0,-1,0,0,1,5,2.38573,1
1,3,0,542,40707,71371.2,13828,306732,80100.5,81033.9,0.988481,0.89102,0.880757,2,7,-1,0,0,0,0,0,0,-1,0,0,1,5,2.38573,1
1,3,0,1154,58741,124030,36997,1976069,136112,137698,0.988481,0.911234,0.900738,1,8,-1,0,0,0,0,0,0,-1,0,0,1,5,2.38573,1
1,2,1,258,39001,53597.6,4509,38063,54263.9,58404.7,0.929102,0.987721,0.917693,1,1,1,49.4065,0.353553,53.0094,1.06066,5,0.707107,0,3,2,1,5,2.38573,1
1,3,0,115,19273,25779.2,5200,51468,30900.5,47668.9,0.648233,0.834265,0.540798,1,3,-1,0,0,0,0,0,0,-1,0,0,1,3,1.85147,1
1,2,0,27,22339,23866.6,3385,26213,23971.3,23810,1.00678,0.99563,1.00238,0,1,0,0,0,0,0,0,0,-1,3,0,1,2,1.85147,1
1,3,0,346,32281,51856.3,9253,166825,61900.3,68856.4,0.898977,0.837739,0.753108,2,6,-1,0,0,0,0,0,0,-1,0,0,1,5,1.85147,1
1,2,0,15,22180,23028.6,3455,22643,22866.7,22858.9,1.00034,1.00708,1.00743,0,4,0,0,0,0,0,0,0,-1,3,0,1,5,1.85147,0
1,2,0,156,24284,33109.9,4563,36019,33428.6,32996.7,1.01309,0.990465,1.00343,1,5,0,0,0.901388,0,0.901388,0,0,-1,3,2,0,2,0.885135,1
1,3,0,324,26792,45122.6,11128,279194,45618,48198.5,0.946461,0.989141,0.936184,1,1,-1,0,0,0,0,0,0,-1,0,0,0,4,0.885135,1
1,3,0,775,54195,98041.4,36378,2796572,107352,103625,1.03597,0.913269,0.946119,2,2,-1,0,0,0,0,0,0,-1,0,0,0,2,0.885135,1
1,3,0,1056,69938,129682,52576,4776308,139011,137062,1.01422,0.932889,0.946156,1,2,-1,0,0,0,0,0,0,-1,0,0,0,4,0.885135,1
