4,0,0,1,65822,66518.3,11303,53705,71972.1,66518.3,1.08199,0.924223,1,0,1,0,0,0,0,0,0,0,-1,3,0,0,0,0,0
4,1,0,17,154713,166550,16606,137744,165854,199432,0.831631,1.0042,0.835123,0,1,1,0,0,0,0,0,0,0,3,0,1,1,0.625,0
4,1,5,14,214761,224509,18498,148952,246142,239178,1.02911,0.912115,0.93867,0,1,1,0,0,0,0,0,0,-1,3,0,2,2,1.13782,1
4,0,0,2,222931,224324,18327,142373,231983,223627,1.03737,0.966982,1.00311,0,1,1,0,0,0,0,0,0,-1,3,0,2,3,1.56044,0
4,0,0,1,183188,183884,16412,129964,191064,183188,1.04299,0.962423,1.0038,0,1,1,0,0,0,0,0,0,-1,3,0,1,1,0.538462,0
4,0,0,4,126361,129146,13990,89528,135078,128450,1.0516,0.956088,1.00542,0,1,0,0,0,0,0,0,0,-1,3,0,2,2,0.912281,0
4,0,0,1,94406,95102.3,12114,66392,96711.9,94406,1.02443,0.983357,1.00738,0,1,0,0,0,0,0,0,0,-1,3,0,0,0,0,0
4,0,0,1,65610,66306.3,10789,47809,74346.5,65610,1.13316,0.891856,1.01061,0,1,0,0,0,0,0,0,0,-1,3,0,0,0,0,0
4,1,1,14,96625,106373,13462,91160,176080,122539,1.43693,0.604121,0.868081,0,4,0,0,0,0,0,0,0,-1,3,0,2,2,0.958333,1
4,1,6,11,205600,213260,30273,535903,224450,229138,0.97954,0.950144,0.930704,0,3,0,9.48683,0.75,9.48683,0.75,0,0,-1,3,2,2,3,1.56561,1
4,0,0,2,93688,95080.6,12565,69917,100958,94384.3,1.06965,0.941786,1.00738,0,1,1,0,0.25,0,0.25,0,0,-1,1,2,1,2,0.96,0
4,0,0,1,84873,85569.3,11648,56028,88307.9,84873,1.04047,0.968988,1.0082,0,1,1,0,0.25,0,0.25,0,0,-1,1,2,0,0,0,0
4,0,0,0,68383,68383,10924,48844,73027.2,68383,1.06791,0.936405,1,0,1,1,0,0.25,0,0.25,0,0,-1,1,2,0,0,0,0
4,0,0,4,88421,91206.3,10638,59232,98862.1,91206.3,1.08394,0.92256,1,0,1,1,0,0,0,0,0,0,-1,3,0,1,1,0.25,0
4,1,2,35,204177,228548,18658,188726,230307,299225,0.769679,0.992363,0.763801,0,1,1,1,0.25,1,0.5,1,0.25,0,3,2,2,2,0.799024,1
4,1,0,15,293501,303946,23825,289927,302553,391493,0.772819,1.0046,0.776376,0,1,0,0,0,0,0,0,0,0,3,0,2,5,1.2141,0
4,0,0,5,238295,241777,19021,155335,259353,241777,1.0727,0.932229,1,0,2,1,0,0,0,0,0,0,-1,3,0,2,3,0.695804,0
4,0,0,1,48462,49158.3,9299,37069,54144.6,49158.3,1.10143,0.907909,1,0,2,1,0,0,0,0,0,0,-1,3,0,0,0,0,0
4,0,0,1,46840,47536.3,9965,41477,52402.6,47536.3,1.10237,0.907137,1,0,2,1,0,0,0,0,0,0,-1,3,0,0,0,0,0
4,0,0,4,68081,70866.3,11012,50772,78335.1,70866.3,1.10539,0.904655,1,0,1,0,0,0,0,0,0,0,-1,3,0,0,0,0,0
4,0,0,1,87223,87919.3,12596,66358,93402.6,87919.3,1.06237,0.941295,1,0,2,0,0,0,0,0,0,0,-1,3,0,0,0,0.166667,0
4,2,2,183,199824,327251,25865,295423,393742,377344,1.04346,0.831128,0.867246,1,1,-1,0,0,0,0,0,0,-1,2,0,2,4,1.02667,1
4,2,5,58,302697,343084,26961,322745,395480,411148,0.961892,0.867512,0.834453,1,1,0,9.48683,0.75,9.48683,0.75,0,0,-1,3,2,2,6,1.33982,1
4,0,0,4,102933,105718,13242,79404,111684,105022,1.06343,0.946586,1.00663,0,1,0,0,0,0,0,0,0,-1,3,0,1,3,0.763986,1
4,0,0,2,69407,70799.6,11742,57498,76457.9,70103.3,1.09065,0.925995,1.00993,0,1,0,0,0,0,0,0,0,-1,3,0,0,1,0.25641,0
4,0,0,1,84848,85544.3,12278,62676,89141.9,85544.3,1.04205,0.959642,1,0,1,0,0,0,0,0,0,0,-1,3,0,0,0,0,0
4,0,0,1,121314,122010,13038,74704,131932,122010,1.08132,0.924796,1,0,1,1,0,0,0,0,0,0,-1,3,0,0,0,0.359375,0
4,2,1,262,187485,369921,28114,416866,420412,398975,1.05373,0.879901,0.927177,1,7,0,0,0,0,0,0,0,0,1,0,2,4,0.729167,1
4,2,0,279,385225,579498,52299,1206419,581264,578802,1.00425,0.996962,1.0012,1,1,0,0,0,0,0,0,0,-1,3,0,2,4,1.0601,1
4,1,1,25,206740,224148,19921,214199,227110,266537,0.852076,0.986958,0.840963,0,3,0,0,0,0,0,0,0,0,3,0,2,3,0.769231,0
4,0,0,1,77296,77992.3,11619,58719,84359.2,77992.3,1.08163,0.924527,1,0,3,0,0,0,0,0,0,0,-1,1,0,1,1,0.166667,0
4,2,1,168,255922,372904,25142,292804,574742,558225,1.02959,0.648819,0.668017,1,3,0,6.32456,0.25,5,0.790569,5.09902,0.559017,1,3,2,2,2,0.606061,1
4,2,2,141,200057,298238,25080,278876,307783,314831,0.977613,0.968989,0.947296,2,1,0,0,0,0,0,0,0,1,3,0,2,3,0.971761,1
4,0,0,2,91040,92432.6,13587,76247,96843.9,91736.3,1.05568,0.95445,1.00759,0,1,0,0,0,0,0,0,0,-1,3,0,0,1,0.65625,0
4,2,1,83,332036,389831,28813,413973,502941,528535,0.951576,0.775101,0.737568,1,1,0,2.23607,0.5,1.41421,0.353553,2,0.790569,1,3,1,2,4,1.39597,1
4,2,0,126,174052,261788,21482,270884,261092,293191,0.890519,1.00267,0.892894,2,2,0,1.41421,0.5,2.23607,0,1.41421,0.5,0,3,1,2,6,1.80565,1
4,0,0,1,78905,79601.3,11927,62831,85877.8,78905,1.08837,0.926914,1.00882,0,1,0,0,0,0,0,0,0,-1,3,0,1,5,1.07649,0
4,0,0,1,57289,57985.3,10777,50071,64969.2,57985.3,1.12044,0.892505,1,0,1,0,0,0,0,0,0,0,-1,3,0,0,1,0.25641,0
4,0,0,1,71731,72427.3,12077,62435,78476.5,72427.3,1.08352,0.922917,1,0,1,0,0,0,0,0,0,0,-1,3,0,0,0,0,0
4,2,6,74,106055,157583,20035,227369,169661,166876,1.01669,0.928809,0.944312,1,1,1,0,0,0,0,0,0,-1,3,0,2,2,1.05405,1
4,2,0,158,142954,252973,16297,139311,274536,251580,1.09125,0.921455,1.00554,2,1,0,25.9615,0.5,25.9615,0.5,0,0,-1,3,1,1,4,0.935897,1
4,2,0,58,168006,208393,21022,207372,239188,207696,1.15162,0.87125,1.00335,1,3,0,25.9615,0.5,25.9615,0.5,0,0,-1,3,1,2,6,1.30888,1
4,0,0,3,136579,138668,14128,97170,143542,138668,1.03515,0.966043,1,0,2,0,0,0,0,0,0,0,-1,1,0,2,4,1.04367,1
4,2,2,106,207901,281711,21827,250415,383733,375166,1.02283,0.734132,0.750896,1,1,0,0,0,0,0,0,0,-1,1,0,2,3,1.24413,1
4,1,1,57,370590,410280,39360,931514,546160,1.4034e+06,0.389169,0.75121,0.292348,0,6,0,8.60233,0.790569,8.06226,0.790569,1,0,0,3,2,2,5,1.67211,1
4,1,2,31,182138,203724,22017,243449,343831,424474,0.810018,0.592511,0.479945,0,2,0,5,0.75,3.60555,0.25,3,0.5,0,3,2,2,6,1.50703,1
4,0,0,2,78198,79590.6,13075,70715,86488.8,78894.3,1.09626,0.920242,1.00883,0,1,0,0,0,0,0,0,0,-1,3,0,0,2,0.885417,0
4,0,0,1,79472,80168.3,12786,70982,87918.2,80168.3,1.09667,0.911852,1,0,1,0,0,0,0,0,0,0,-1,3,0,0,2,0.552083,0
4,0,0,2,86135,87527.6,12471,68035,93285.5,86831.3,1.07433,0.938277,1.00802,0,1,0,0,0,0,0,0,0,-1,3,0,0,3,0.552083,0
4,0,0,1,73710,74406.3,12225,65747,83520.5,74406.3,1.12249,0.890875,1,0,1,0,0,0,0,0,0,0,-1,3,0,0,1,0.3125,0
4,0,0,1,87396,88092.3,12887,73045,99892,88092.3,1.13395,0.881875,1,0,1,0,0,0,0,0,0,0,-1,3,0,0,0,0,0
4,0,0,2,63011,64403.6,11519,56345,72759.5,63707.3,1.14209,0.885158,1.01093,0,1,0,0,0,0,0,0,0,-1,3,0,0,0,0,0
4,1,0,13,118045,127097,14098,116986,126401,148661,0.85026,1.00551,0.854944,0,2,-1,0,0,0,0,0,0,-1,2,0,1,3,1.02703,0
4,2,0,184,130615,258738,27919,374535,287916,258738,1.11277,0.898657,1,2,2,-1,0,0,0,0,0,0,-1,2,0,1,4,0.98293,1
4,1,1,40,102393,130246,19165,169523,228285,232414,0.982232,0.570541,0.560404,0,1,0,26.2488,0.353553,25.632,0.5,1,0.353553,0,3,2,2,6,1.71081,1
4,0,0,4,65065,67850.3,11158,59672,73420.8,66457.6,1.10478,0.924128,1.02096,0,5,0,0,0,0,0,0,0,-1,1,0,2,6,1.65485,0
4,2,7,97,252640,320183,25497,303997,442432,424780,1.04156,0.723689,0.753762,1,1,0,0,0,0,0,0,0,-1,3,0,2,5,1.58474,1
4,1,1,31,383618,405204,27553,490747,486939,492164,0.989383,0.832146,0.823311,0,6,0,7.61577,0.25,7.61577,0.25,0,0,-1,3,2,2,6,1.90818,1
4,2,2,59,193766,234849,21827,230793,346482,335213,1.03362,0.67781,0.700596,1,1,0,3.60555,0.559017,3.60555,0.559017,0,0,-1,3,2,2,6,1.33791,1
4,0,0,1,74866,75562.3,12380,68016,81719.2,75562.3,1.08148,0.924658,1,0,4,0,0,0,0,0,0,0,-1,3,0,1,3,0.785833,0
4,0,0,2,80106,81498.6,13241,74077,86982.2,81498.6,1.06728,0.936958,1,0,4,0,0,0,0,0,0,0,-1,3,0,0,0,0,0
4,0,0,2,84973,86365.6,13314,75264,97266.8,85669.3,1.13537,0.887926,1.00813,0,4,0,0,0,0,0,0,0,-1,3,0,0,0,0,0
4,0,0,1,108636,109332,13817,85169,116992,109332,1.07006,0.934529,1,0,4,0,0,0,0,0,0,0,-1,3,0,0,0,0,0
4,0,0,1,68902,69598.3,11838,60210,77257.8,69598.3,1.11005,0.900858,1,0,4,0,0,0,0,0,0,0,-1,3,0,0,0,0,0
4,0,0,2,132600,133993,15807,106477,144740,133296,1.08585,0.925749,1.00522,0,2,0,0,0,0,0,0,0,-1,3,0,0,0,0,0
4,0,0,5,49040,52521.6,8266,32582,56912.2,52521.6,1.0836,0.922854,1,0,1,1,0,0,0,0,0,0,-1,3,0,1,1,0.723684,0
4,0,0,4,73712,76497.3,10008,48298,79453.2,76497.3,1.03864,0.962797,1,0,1,0,1,0.25,1,0.25,0,0,-1,3,2,0,2,0.641547,0
4,0,0,1,49673,50369.3,9881,44959,57513.5,50369.3,1.14184,0.875782,1,0,1,0,1,0.25,1,0.25,0,0,-1,3,2,0,3,0.641547,0
4,0,0,2,66855,68247.6,11773,61411,73653.5,67551.3,1.09033,0.926604,1.01031,0,1,0,1,0.25,1,0.25,0,0,-1,3,2,0,1,0.582168,0
4,2,0,115,257111,337188,28365,371029,337188,366549,0.919898,1,0.919898,1,1,0,1,0,2,0.25,1,0.25,0,3,0,2,4,1.15492,1
4,2,1,83,164063,221858,21588,197402,339573,294656,1.15244,0.653343,0.752937,2,1,0,11.4018,1.06066,11.4018,1.06066,0,0,-1,3,2,2,6,1.53558,1
4,0,0,3,69671,71760,11020,60296,80605.8,70367.3,1.1455,0.890258,1.01979,0,2,0,0,0,0,0,0,0,-1,3,0,1,5,0.89641,0
4,1,2,48,200955,234378,22146,344704,238147,286614,0.830898,0.984177,0.81775,0,5,0,0,0,0,0,0,0,0,1,0,2,3,0.917916,1
4,1,2,68,185524,232874,20561,212297,264679,276785,0.95626,0.879836,0.841352,0,1,0,6.08276,0.25,8.24621,0.353553,2.23607,0.25,0,3,2,2,3,0.875916,1
4,0,0,2,75479,76871.6,12685,69373,84941.8,76175.3,1.11508,0.904992,1.00914,0,1,0,0,0,0,0,0,0,-1,3,0,0,1,0.295455,0
4,0,0,1,90318,91014.3,12824,74912,97005.2,91014.3,1.06582,0.938242,1,0,1,0,0,0,0,0,0,0,-1,3,0,1,1,0.166667,0
4,0,0,2,122194,123587,14816,94752,134704,122890,1.09614,0.917466,1.00567,0,1,0,0,0,0,0,0,0,-1,3,0,0,0,0,0
4,0,0,1,90752,91448.3,13266,76688,98007.8,90752,1.07995,0.933071,1.00767,0,1,0,0,0,0,0,0,0,-1,3,0,0,0,0,0
4,0,0,1,53075,53771.3,10353,45705,60861.8,53771.3,1.13186,0.883498,1,0,1,1,0,0,0,0,0,0,-1,3,0,0,0,0,0
4,0,0,1,80751,81447.3,10683,50601,84444.5,81447.3,1.0368,0.964507,1,0,1,1,0,0,0,0,0,0,-1,3,0,0,0,0,0
4,0,0,4,61458,64243.3,10409,51273,70729.8,64243.3,1.10097,0.908292,1,0,1,0,0,0,0,0,0,0,-1,3,0,0,0,0,0
4,3,0,119,138335,221197,20761,296715,235022,225101,1.04407,0.941178,0.982658,1,2,-1,0,0,0,0,0,0,-1,0,0,1,1,0.583077,1
4,2,1,131,183795,275013,23999,228419,339231,357685,0.948406,0.810696,0.768868,1,6,0,1,0.25,1,0.25,0,0,-1,3,2,2,5,1.39077,1
4,1,5,16,94477,105618,12964,77364,108628,117786,0.922247,0.972294,0.896695,0,2,0,0,0,0,0,0,0,-1,3,0,2,6,1.22891,1
4,0,0,5,63604,67085.6,11184,53904,74406.1,66389.3,1.12076,0.901614,1.01049,0,1,0,0,0,0,0,0,0,-1,1,0,2,4,1.08574,0
4,2,2,178,317454,441399,23260,276954,476173,490075,0.971633,0.926971,0.900676,2,3,0,8.60233,0.901388,16.1555,1.06066,8.06226,0.25,1,3,2,2,4,1.2652,1
4,2,2,105,296572,369686,24526,278430,376946,377408,0.998777,0.980739,0.979539,1,3,0,4,1.06066,4,1.06066,0,0,-1,3,2,2,6,1.5749,1
4,1,0,14,140031,149779,16739,124465,149779,182481,0.820797,1,0.820797,0,3,-1,0,0,0,0,0,0,-1,2,0,1,3,0.824512,0
4,0,0,3,90574,92663,13290,77136,98500.2,91966.6,1.07104,0.940739,1.00757,0,1,0,0,0,0,0,0,0,-1,3,0,0,0,0,0
4,0,0,2,77740,79132.6,12497,69707,81259.2,78436.3,1.03599,0.97383,1.00888,0,1,0,0,0,0,0,0,0,-1,3,0,0,0,0,0
4,0,0,1,101376,102072,13602,79790,113227,102072,1.10928,0.901483,1,0,1,0,0,0,0,0,0,0,-1,3,0,0,0,0,0
3,1,0,8,60540,62743.3,11379,54137,62743.3,63952.4,0.981094,1,0.981094,0,1,0,0,0,0,0,0,0,1,1,0,0,0,0,0
3,1,0,20,149833,155341,16396,141682,155341,197090,0.788175,1,0.788175,0,1,1,0,0.25,0,0.5,0,0.25,0,3,2,1,1,0.649123,0
3,0,0,2,227043,227594,19055,155983,230348,227594,1.0121,0.988044,1,0,1,1,0,0.25,0,0.25,0,0,-1,3,2,2,2,1.35066,1
3,0,0,3,232618,233444,18643,151913,235648,233169,1.01063,0.99065,1.00118,0,1,1,0,0.25,0,0.25,0,0,-1,3,2,2,3,1.43011,1
3,1,1,17,189093,193775,16986,141168,196578,234939,0.836716,0.985743,0.824787,0,1,0,0,0,0,0,0,0,-1,3,0,2,3,1.60096,0
3,1,4,8,138160,140363,14631,111027,144048,150985,0.954058,0.974417,0.929651,0,2,0,0,0,0,0,0,0,-1,3,0,2,2,1.11741,0
3,1,4,7,87916,89843.9,12224,73584,92583.6,97110.8,0.953381,0.970408,0.925169,0,1,0,0,0,0,0,0,0,-1,3,0,1,1,0.706667,0
3,0,0,3,63004,63830.2,10477,46369,65783.2,63554.8,1.03506,0.970312,1.00433,0,2,0,0,0,0,0,0,0,-1,1,0,1,1,0.333333,0
3,1,0,15,58633,62764.2,10762,51434,62764.2,70027.7,0.896277,1,0.896277,0,2,-1,0,0,0,0,0,0,-1,2,0,2,2,0.958333,0
3,2,2,282,216724,294391,20759,183779,295286,455392,0.648422,0.996968,0.646456,1,7,0,19.9249,0.790569,26.2488,0.353553,6.32456,0.5,1,3,2,2,2,1.24561,1
3,2,2,70,132155,151434,19386,164044,261137,302508,0.863241,0.579902,0.500595,1,2,0,18.0278,0.75,17.72,0.790569,1,0.75,0,3,2,2,3,1.7725,1
3,1,0,9,82619,85097.7,11934,59820,84822.3,88025.8,0.963607,1.00325,0.966736,0,1,0,0,0,0,0,0,0,0,1,0,1,2,0.871795,1
3,0,0,6,65577,67229.5,10839,48717,68704.6,66954.1,1.02614,0.97853,1.00411,0,1,1,0,0,0,0,0,0,-1,3,0,0,1,0.333333,0
3,0,0,5,87599,88976.1,10504,56910,91454.8,88700.7,1.03105,0.972897,1.0031,0,1,1,0,0.25,0,0.25,0,0,-1,3,2,1,1,0.375,0
3,1,1,29,207260,215247,18374,173140,231095,228341,1.01206,0.931421,0.942656,0,1,1,0,0.353553,0,0.559017,0,0.25,0,3,2,2,2,0.675481,1
3,1,2,27,325038,332474,22434,238632,345497,341641,1.01129,0.962307,0.973168,0,7,0,0,0.25,0,0.353553,0,0.25,0,3,2,2,5,1.29844,1
3,1,1,24,233093,239703,19698,182162,263854,260549,1.01268,0.908469,0.919992,0,3,1,0,0.25,0,0.25,0,0,-1,3,2,2,6,1.26311,1
3,0,0,3,51976,52802.2,9686,39966,54730.1,52526.8,1.04195,0.964775,1.00524,0,6,0,0,0,0,0,0,0,-1,1,0,0,2,0.333333,0
3,0,0,2,47267,47817.8,9977,41797,51320,47542.4,1.07946,0.931758,1.00579,0,6,0,0,0,0,0,0,0,-1,1,0,1,1,0.166667,0
3,2,0,91,79898,104961,17089,127113,106338,104685,1.01579,0.98705,1.00263,1,8,0,0,0,0,0,0,0,-1,1,0,1,1,0.269231,1
3,0,0,1,88766,89041.4,12514,67018,91520.1,89041.4,1.02784,0.972916,1,0,2,0,0,0,0,0,0,0,-1,1,0,1,2,0.545884,0
3,2,0,79,96619,118377,18519,149231,121463,118377,1.02607,0.974592,1,1,5,-1,0,0,0,0,0,0,-1,2,0,2,2,0.90625,1
3,2,2,1154,331080,648907,22819,222847,664117,684224,0.970613,0.977098,0.948384,2,1,1,49.98,0.790569,52.3259,0.353553,6,0.5,0,3,2,2,5,1.50884,1
3,2,1,148,119942,160703,19026,151386,173232,171855,1.00801,0.927674,0.935108,2,1,0,0,0,0,0,0,0,1,3,0,2,6,1.65745,1
3,0,0,4,69643,70744.7,11547,56845,72948,70193.8,1.03924,0.969796,1.00785,0,2,0,0,0,0,0,0,0,-1,1,0,1,5,0.922564,0
3,0,0,2,85090,85640.8,12413,63693,88883.9,85640.8,1.03787,0.963514,1,0,2,0,0,0,0,0,0,0,-1,1,0,0,1,0.2,0
3,2,0,23,132546,138881,24494,271922,141635,138605,1.02186,0.980555,1.00199,1,7,0,0,0,0,0,0,0,-1,3,0,1,1,0.609375,0
3,1,1,16,93254,97660.6,15090,126120,102383,138000,0.741907,0.953876,0.707687,0,2,0,0,0,0,0,0,0,-1,3,0,2,4,1.17788,0
3,2,2,764,380466,590882,34791,529475,655861,672219,0.975666,0.900926,0.879003,1,1,1,0,0,1,0.25,1,0.25,1,3,0,2,5,1.47186,1
3,2,1,679,295067,482073,24509,296491,635936,575897,1.10425,0.758052,0.837081,1,2,1,0,0.353553,0,0.559017,0,0.25,1,3,2,2,6,1.56681,1
3,1,6,17,79141,83823,12038,62660,83897.9,87981.2,0.953588,0.999108,0.952738,0,3,0,1,0.353553,1,0.353553,0,0,-1,1,2,2,4,1.04301,0
3,2,1,509,289270,429456,22161,223941,502212,524787,0.956982,0.855128,0.818342,1,8,0,14.8661,0.5,11.4018,0.75,8.24621,0.901388,1,3,1,2,2,1.01142,1
3,2,2,340,134650,228291,19332,164746,340351,431446,0.788861,0.67075,0.529129,2,2,0,20.6155,0.25,21.095,0,3.60555,0.75,0,3,2,2,5,1.4389,1
3,0,0,2,84014,84564.8,12897,69427,86217.3,84289.4,1.02287,0.980834,1.00327,0,1,0,0,0,0,0,0,0,-1,1,0,0,2,0.84413,0
3,2,1,407,194391,306484,20749,196137,320339,328437,0.975345,0.956749,0.93316,1,1,1,35.3553,0.559017,69.2965,0.5,35.3553,0.559017,0,3,2,2,4,1.33479,1
3,2,2,291,151111,231256,18832,179848,234404,262755,0.8921,0.986571,0.88012,2,1,-1,0,0,0,0,0,0,-1,2,0,2,6,1.87196,1
3,1,4,13,85474,89054.4,13779,77103,97905.6,95135.7,1.02912,0.909594,0.936078,0,1,0,0,0,0,0,0,0,-1,1,0,2,6,1.4905,0
3,0,0,3,57700,58526.2,10985,50163,62611.3,58250.8,1.07486,0.934756,1.00473,0,1,0,0,0,0,0,0,0,-1,3,0,0,1,0.32,0
3,0,0,2,74623,75173.8,12350,65110,78845.2,74898.4,1.0527,0.953436,1.00368,0,1,0,0,0,0,0,0,0,-1,3,0,1,1,0.2,0
3,2,0,32,69433,78246.2,15135,128619,82053.5,77970.8,1.05236,0.9536,1.00353,1,1,0,0,0,0,0,0,0,-1,3,0,2,2,1.11288,0
3,0,0,5,79535,80912.1,12730,67436,82103.8,80636.7,1.01819,0.985485,1.00342,0,3,-1,0,0,0,0,0,0,-1,2,0,2,2,0.969744,0
3,2,1,229,97625,160695,13665,83249,184759,232059,0.796171,0.869754,0.692473,1,7,0,51.4198,0,49.6488,0.901388,5,0.559017,1,1,0,2,4,1.22564,1
3,2,0,205,118436,174896,15857,110693,174620,240307,0.726656,1.00158,0.727802,1,7,0,50.9902,0.25,48.6621,1.06066,2.82843,0.559017,0,3,2,2,6,1.69927,1
3,2,7,64,139649,157275,17252,144838,200050,198151,1.00958,0.786182,0.793716,2,4,0,0,0,0,0,0,0,-1,1,0,2,4,1.79264,1
3,2,1,1148,374653,690828,27437,350927,748916,897196,0.834729,0.922437,0.769986,2,1,0,19.4165,0.559017,19.9249,0.75,4.47214,1.06066,1,3,2,2,5,1.811,1
3,2,1,279,253715,330555,21481,232261,431744,524290,0.823483,0.765629,0.630482,1,1,0,14.2127,0.5,10.8167,0.790569,6,0.353553,0,3,1,2,6,1.76074,1
3,0,0,6,81727,83379.5,13686,77398,87688,83379.5,1.05167,0.950866,1,0,1,0,0,0,0,0,0,0,-1,3,0,0,2,0.789474,0
3,0,0,4,74336,75437.7,12396,66322,78467.2,75437.7,1.04016,0.961391,1,0,1,0,0,0,0,0,0,0,-1,3,0,0,2,0.647478,0
3,0,0,2,81712,82262.8,12345,65531,86118.6,82262.8,1.04687,0.955227,1,0,1,0,0,0,0,0,0,0,-1,3,0,0,3,0.647478,0
3,2,0,25,71036,77921.3,16827,125165,80950.9,77921.3,1.03888,0.962575,1,1,1,0,0,0,0,0,0,0,-1,3,0,0,1,0.322917,0
3,2,0,13,84322,87902.4,19390,199728,94800.5,87902.4,1.07848,0.927235,1,1,44,0,0,0,0,0,0,0,-1,3,0,0,0,0,0
3,0,0,2,62766,63316.8,11622,56336,67820.5,63316.8,1.07113,0.933594,1,0,1,0,0,0,0,0,0,0,-1,3,0,0,0,0,0
3,0,0,3,44916,45742.2,6982,25724,48568.7,45742.2,1.06179,0.941805,1,0,1,0,0,0,0,0,0,0,-1,3,0,2,2,0.673077,0
3,2,0,25,83313,90198.3,19411,192709,93743.5,90198.3,1.0393,0.962182,1,1,5,0,0,0,0,0,0,0,-1,3,0,1,1,0.597319,1
3,2,1,66,71785,89962.3,14612,95524,90702,89606.1,1.01223,0.991845,1.00398,1,8,-1,0,0,0,0,0,0,-1,2,0,2,5,1.25765,1
3,2,7,180,97464,147038,16033,114785,152449,155301,0.981631,0.964512,0.946795,2,13,0,0,0,0,0,0,0,-1,3,0,2,6,1.69339,1
3,2,1,453,192308,317070,21162,203224,359071,356100,1.00834,0.88303,0.890397,1,7,1,20.5913,0.75,41.1825,0.5,20.5913,0.75,0,3,2,2,6,2.083,1
3,2,1,615,227052,396431,19770,187186,423076,425730,0.993765,0.937022,0.93118,2,6,0,19.7231,0.559017,26.4197,0.901388,6.7082,0.5,1,3,2,2,6,1.98659,1
3,2,2,383,168232,273715,19446,175788,276189,309690,0.891823,0.991045,0.883836,2,6,1,25.807,0.25,51.614,0.5,25.807,0.25,0,3,2,2,6,1.56155,1
3,0,0,5,76614,77991.1,12948,70374,81795.5,77715.7,1.0525,0.953488,1.00354,0,1,0,0,0,0,0,0,0,-1,3,0,1,3,0.589744,0
3,0,0,2,80157,80707.8,13301,74059,85748.3,80432.4,1.06609,0.941218,1.00342,0,2,0,0,0,0,0,0,0,-1,3,0,0,0,0,0
3,0,0,1,87380,87655.4,13558,76674,91511.2,87655.4,1.04399,0.957865,1,0,1,0,0,0,0,0,0,0,-1,3,0,1,1,0.166667,0
3,2,0,28,104586,112298,18883,175005,115798,112298,1.03117,0.969775,1,1,6,0,0,0,0,0,0,0,-1,3,0,1,1,0.25641,0
3,2,0,38,66394,76859.7,17079,124621,79889.3,76859.7,1.03942,0.962078,1,1,8,0,0,0,0,0,0,0,-1,3,0,1,1,0.166667,0
3,2,0,43,116362,128205,22814,265038,128205,130066,0.985692,1,0.985692,1,15,0,0,0,0,0,0,0,0,3,0,1,1,0.2875,0
3,0,0,6,45581,47233.5,8366,32112,50355.4,47233.5,1.0661,0.938001,1,0,1,0,1,0.25,1,0.25,0,0,-1,3,2,1,1,0.5,0
3,0,0,2,68935,69485.8,9892,46574,74735.9,69210.4,1.07984,0.929752,1.00398,0,1,0,1,0.25,1,0.25,0,0,-1,3,2,1,3,0.645833,0
3,0,0,1,50304,50579.4,10092,45646,52786.6,50579.4,1.04364,0.958188,1,0,1,0,1,0.25,1,0.25,0,0,-1,3,2,0,3,0.75744,0
3,0,0,2,70145,70695.8,11929,63253,72998.8,70420.4,1.03661,0.968453,1.00391,0,1,0,1,0.25,1,0.25,0,0,-1,3,2,0,3,0.943715,0
3,2,1,582,232727,393018,23648,242164,410084,416363,0.984918,0.958384,0.943929,1,2,0,6.7082,0.353553,4.12311,0.559017,3.60555,0.75,1,3,2,2,5,1.84222,1
3,2,0,142,101721,140830,19034,152622,140554,158163,0.888668,1.00196,0.89041,2,1,-1,0,0,0,0,0,0,-1,2,0,2,6,1.87815,1
3,2,0,118,73978,106477,16150,133084,105926,167388,0.632817,1.0052,0.636107,1,9,0,0,0,0,0,0,0,0,3,0,1,5,1.03322,1
3,2,2,323,275020,363979,23901,271725,472718,556456,0.849515,0.76997,0.654101,1,4,1,0,0,0,0,0,0,0,3,0,2,4,1.30744,1
3,2,2,112,178078,208924,21469,212443,265558,290923,0.912811,0.786738,0.718143,1,5,0,7.28011,1.06066,7.2111,1.06066,7.07107,0.5,0,3,2,2,3,1.09697,1
3,2,0,23,72463,78797.5,16415,121879,80681.2,78522.1,1.0275,0.976653,1.00351,1,2,0,0,0,0,0,0,0,-1,3,0,1,2,0.517857,0
3,1,1,10,90945,93699.1,13252,77546,95112.4,95842.1,0.992387,0.985141,0.977641,0,1,0,0,0,0,0,0,0,-1,3,0,1,1,0.239583,0
3,2,0,22,124015,130074,25194,288752,131661,129799,1.01435,0.987945,1.00212,1,1,0,0,0,0,0,0,0,-1,3,0,1,1,0.166667,0
3,2,0,25,93241,100126,19129,162171,100328,100126,1.00202,0.997985,1,1,8,0,0,0,0,0,0,0,-1,3,0,1,1,0.2,0
3,0,0,2,53575,54125.8,10254,45672,56450.6,54125.8,1.04295,0.958818,1,0,3,0,1,0.25,1,0.25,0,0,-1,3,2,0,0,0,0
3,0,0,2,75213,75763.8,10301,48101,79953.7,75488.4,1.05915,0.947596,1.00365,0,3,0,1,0.25,1,0.25,0,0,-1,3,2,1,1,0.166667,0
3,0,0,1,60385,60660.4,10445,50329,64887.4,60385,1.07456,0.934856,1.00456,0,1,0,1,0.25,1,0.25,0,0,-1,3,2,0,0,0,0
3,1,2,16,76227,80633.6,13917,92691,80692.8,86943.8,0.928103,0.999267,0.927422,0,5,0,1,0.25,1,0.25,0,0,-1,3,2,2,2,0.705128,0
3,1,5,13,97600,101180,14865,93205,103684,101472,1.02179,0.975856,0.997124,0,2,0,1,0.25,1,0.25,0,0,-1,3,2,2,4,1.09295,0
3,1,1,10,83379,86133.1,12117,68081,86016,87332.4,0.984926,1.00136,0.986267,0,1,0,1,0.25,1,0.25,0,0,-1,3,2,2,5,1.16449,1
3,2,0,215,79127,138341,13690,81008,137790,143838,0.957952,1.004,0.961781,2,2,1,0,0.559017,1,0.5,0,0.559017,1,3,2,2,6,1.52088,1
3,2,1,740,316842,520648,21747,234833,573548,694339,0.826035,0.907767,0.749847,2,2,0,9.21954,1.06066,7.07107,0.75,2.82843,0.75,1,3,2,2,6,2.1085,1
3,2,2,427,205909,323511,18183,166131,411383,440399,0.934114,0.786398,0.734585,1,5,0,9.21954,0.559017,10,0.790569,2.23607,0.75,1,3,2,2,6,1.83688,1
3,1,0,15,111936,116067,14991,93801,115792,118122,0.980272,1.00238,0.982604,0,1,0,0,0,0,0,0,0,1,3,0,1,3,1.02381,0
3,0,0,3,91497,92323.2,13641,79271,93942.3,92323.2,1.01754,0.982765,1,0,1,0,0,0,0,0,0,0,-1,3,0,1,1,0.166667,0
3,1,0,9,75091,77569.7,12443,69735,77294.3,77898.8,0.99224,1.00356,0.995775,0,1,0,0,0,0,0,0,0,0,1,0,0,0,0,0
3,0,0,2,104362,104913,14074,83280,108805,104913,1.0371,0.964224,1,0,1,0,0,0,0,0,0,0,-1,1,0,1,1,0.2,0
4,0,0,1,63835,64531.3,11473,55151,69383.2,64531.3,1.07519,0.930071,1,0,1,0,0,0,0,0,0,0,-1,3,0,0,0,0,0
4,1,0,18,181464,193998,18949,244285,193998,432061,0.449005,1,0.449005,0,18,0,1,0.353553,1,0.707107,1,0.353553,0,3,2,0,0,0,0
4,1,4,14,304366,314114,23584,291380,341925,344946,0.991245,0.918664,0.91062,0,2,0,0,0,0,0,0,0,-1,3,0,2,2,0.846154,1
4,1,1,26,265131,283235,21312,213376,288514,297259,0.970583,0.981703,0.952825,0,2,1,0,0.25,0,0.5,0,0.25,1,1,2,2,3,1,1
4,1,0,16,184160,195301,17267,152829,194605,201190,0.967269,1.00358,0.97073,0,2,0,0,0,0,0,0,0,1,3,0,1,2,0.871795,0
4,0,0,2,137341,138734,14482,98838,145697,138734,1.05019,0.952208,1,0,2,0,0,0,0,0,0,0,-1,3,0,1,1,0.578947,0
4,0,0,1,89601,90297.3,12165,67377,98893.1,90297.3,1.09519,0.91308,1,0,2,0,0,0,0,0,0,0,-1,3,0,0,0,0,0
4,0,0,1,64224,64920.3,10665,47197,76211.1,64920.3,1.17392,0.851849,1,0,2,0,0,0,0,0,0,0,-1,3,0,0,0,0,0
4,0,0,1,65949,66645.3,10581,47553,69908.2,66645.3,1.04896,0.953327,1,0,2,0,0,0,0,0,0,0,-1,3,0,1,1,0.479167,0
4,1,2,23,208282,224297,20567,181217,230309,226939,1.01485,0.973897,0.988358,0,6,0,9.21954,0.75,9.21954,0.75,0,0,-1,3,2,2,2,1.05811,1
4,1,2,8,140778,146349,18493,141695,246346,210521,1.17017,0.594078,0.695172,0,7,0,9.48683,0.353553,9.48683,0.353553,0,0,-1,3,2,2,3,1.79671,1
4,0,0,1,83398,84094.3,11683,55813,93316.8,84094.3,1.10967,0.90117,1,0,1,0,0,0,0,0,0,0,-1,3,0,1,2,0.878788,0
4,0,0,2,65547,66939.6,10815,48607,74977.5,66939.6,1.12008,0.892797,1,0,1,0,0,0,0,0,0,0,-1,3,0,0,0,0,0
4,0,0,5,89041,92522.6,10440,57708,100359,91826.3,1.09292,0.921919,1.00758,0,1,0,0,0,0,0,0,0,-1,3,0,0,0,0,0
4,1,0,16,215561,226702,17980,166546,226006,232783,0.970885,1.00308,0.973876,0,1,-1,0,0,0,0,0,0,-1,2,0,2,2,0.645833,0
4,1,1,35,480800,505171,31836,610962,535816,711962,0.752591,0.942807,0.709548,0,1,1,1,0.559017,1,0,0,0.559017,0,3,2,2,4,0.956294,1
4,1,1,27,343812,362613,22982,274670,377925,387751,0.974659,0.959484,0.93517,0,3,0,0,0,0,0,0,0,1,3,0,2,6,1.04196,1
4,0,0,4,51126,53911.3,9733,39225,58734.2,53215,1.10372,0.917886,1.01309,0,1,0,0,0,0,0,0,0,-1,3,0,0,2,0.333333,0
4,0,0,1,46228,46924.3,9919,40821,54841.8,46924.3,1.16873,0.85563,1,0,1,0,0,0,0,0,0,0,-1,3,0,0,0,0,0
4,1,0,13,66711,75763.2,12159,72595,75066.8,89553.6,0.838233,1.00928,0.846009,0,1,1,0,0.25,0,0.5,0,0.25,0,1,2,1,1,0.289474,0
4,0,0,2,86671,88063.6,12584,67384,94876.8,88063.6,1.07737,0.928189,1,0,2,0,0,0,0,0,0,0,-1,3,0,0,0,0,0
4,2,0,48,167243,200666,24953,290339,205329,200666,1.02324,0.977291,1,1,3,0,0,0,0,0,0,0,-1,3,0,2,2,0.905533,1
4,2,5,279,441471,635744,29372,413516,714129,683344,1.04505,0.890237,0.930343,1,3,0,9.48683,0.353553,9.48683,0.353553,0,0,-1,3,2,2,5,1.61486,1
4,0,0,4,125844,128629,14466,104122,141822,127933,1.10856,0.90698,1.00544,0,6,0,0,0,0,0,0,0,-1,3,0,2,6,1.52856,1
4,0,0,2,71406,72798.6,11917,59175,80791.5,72102.3,1.12051,0.901068,1.00966,0,1,0,0,0,0,0,0,0,-1,3,0,0,2,0.529138,0
4,0,0,1,90680,91376.3,12362,63866,97210.4,91376.3,1.06385,0.939985,1,0,1,0,0,0,0,0,0,0,-1,3,0,0,0,0,0
4,1,0,15,140267,150712,15401,108893,150712,156221,0.964737,1,0.964737,0,1,-1,0,0,0,0,0,0,-1,2,0,0,0,0,0
4,0,0,3,118504,120593,13515,85231,124771,120593,1.03464,0.966515,1,0,1,-1,0,0,0,0,0,0,-1,2,0,1,1,0.592147,0
4,2,0,444,669735,978901,48006,1058718,978901,1.12882e+06,0.867191,1,0.867191,1,1,0,1,0.5,1,0,1,0.5,1,3,1,2,4,1.18769,1
4,2,1,182,434883,561613,38394,745296,576681,769337,0.749582,0.973872,0.729997,1,1,0,1,0.559017,1,0.5,1,0.559017,0,3,2,2,6,1.40923,1
4,0,0,6,79248,83425.9,11824,59672,88104.5,82729.6,1.06497,0.946897,1.00842,0,2,0,0,0,0,0,0,0,-1,3,0,1,3,0.686667,0
4,2,1,167,259124,375409,25615,319907,502155,502895,0.99853,0.747596,0.746497,1,2,0,7.28011,0.901388,6.32456,0.75,5,0.790569,1,3,2,2,2,0.663245,1
4,2,2,112,239628,317616,25550,283122,558179,529187,1.05479,0.569021,0.600196,2,1,0,10,0.901388,10,0.901388,0,0,-1,3,2,2,3,0.933238,1
4,0,0,2,88792,90184.6,13011,70385,99148.1,89488.3,1.10794,0.909595,1.00778,0,1,0,0,0,0,0,0,0,-1,1,0,0,1,0.565934,0
4,2,4,70,275466,324208,26324,331052,406901,407958,0.997407,0.796775,0.79471,2,1,0,3.60555,0.353553,3.60555,0.353553,0,0,-1,3,2,2,4,1.31366,1
4,2,2,229,230444,389901,24427,312913,430352,423849,1.01534,0.906006,0.919907,2,1,0,1.41421,0.5,2.23607,0,1.41421,0.5,0,3,1,2,6,1.86604,1
4,0,0,3,94347,96436,12652,68294,103484,95043.3,1.08881,0.93189,1.01465,0,2,0,0,0,0,0,0,0,-1,3,0,1,5,1.11127,0
4,0,0,1,59132,59828.3,11155,52191,69715.8,59828.3,1.16526,0.858174,1,0,1,0,0,0,0,0,0,0,-1,3,0,0,1,0.25641,0
4,0,0,1,75945,76641.3,12535,66831,82982.8,76641.3,1.08274,0.92358,1,0,1,0,0,0,0,0,0,0,-1,3,0,0,0,0,0
4,1,2,10,65589,72552.2,10509,55797,80803.2,73795.6,1.09496,0.897888,0.983151,0,1,-1,0,0,0,0,0,0,-1,2,0,1,1,0.554054,0
4,2,2,87,139771,200351,19993,188919,265088,260214,1.01873,0.755789,0.769946,1,5,-1,0,0,0,0,0,0,-1,2,0,1,1,0.64,1
4,1,0,34,56433,80107.9,14181,119807,78715.2,107735,0.730638,1.01769,0.743564,0,1,0,27.4591,0.707107,28.2843,1.06066,2.23607,0.790569,0,3,1,2,5,1.4124,0
4,2,2,217,136954,288055,21154,202012,416451,491044,0.848093,0.691691,0.586618,1,1,0,25.4951,0.559017,22.561,0.5,2,0.25,0,3,2,2,5,1.29528,1
4,2,0,50,138003,172819,21449,245125,195889,172123,1.13808,0.882228,1.00405,1,6,0,0,0,0,0,0,0,-1,3,0,2,4,1.62781,1
4,2,1,224,475505,631481,38539,715159,656801,1.11063e+06,0.591378,0.961449,0.568579,2,8,0,8.60233,0.75,8.94427,0.559017,1,0.707107,1,3,2,2,5,1.6328,1
4,1,2,35,245693,270064,21609,249169,305123,456243,0.668773,0.885101,0.591931,0,2,0,6.40312,0.75,5,1.06066,2,0.25,0,3,2,2,6,1.439,1
4,0,0,3,77724,79813,13032,70524,90854.8,79116.6,1.14836,0.878468,1.0088,0,1,0,0,0,0,0,0,0,-1,3,0,0,2,0.809524,0
4,0,0,2,77878,79270.6,12547,67443,83734.5,78574.3,1.06567,0.94669,1.00886,0,1,0,0,0,0,0,0,0,-1,3,0,0,2,0.657895,0
4,1,0,12,82001,90356.8,12743,70939,90356.8,90364.3,0.999917,1,0.999917,0,1,0,1,0.25,1,0.5,1,0.25,0,1,2,0,3,0.657895,0
4,0,0,5,74669,78150.6,12477,66371,85015.1,78150.6,1.08784,0.919255,1,0,1,0,1,0.25,1,0.25,0,0,-1,3,2,0,1,0.324561,0
4,0,0,2,84952,86344.6,12401,70495,98673.7,86344.6,1.14279,0.875052,1,0,1,0,1,0.25,1,0.25,0,0,-1,3,2,0,0,0,0
4,0,0,2,60717,62109.6,11415,55183,69072.8,62109.6,1.11211,0.89919,1,0,1,0,1,0.25,1,0.25,0,0,-1,3,2,0,0,0,0
4,0,0,3,47799,49888,7737,31521,56898.1,49888,1.14052,0.876795,1,0,1,-1,0,0,0,0,0,0,-1,2,0,1,1,0.634615,0
4,0,0,3,89891,91980,12719,68567,107062,91283.6,1.17285,0.859128,1.00763,0,1,-1,0,0,0,0,0,0,-1,2,0,1,3,0.423077,0
4,1,4,11,115073,122733,16021,125941,226168,218112,1.03693,0.542662,0.562705,0,1,0,27.4591,0.707107,27.4591,0.707107,0,0,-1,3,1,2,3,1.09856,0
4,2,2,29,102136,122329,18149,142219,189834,171089,1.10956,0.644403,0.715004,1,1,0,27.4591,0.707107,27.4591,0.707107,0,0,-1,3,1,2,4,1.25343,1
4,2,1,154,243818,351051,26204,356854,380377,392227,0.969787,0.922904,0.89502,1,3,0,2.23607,0.559017,3.60555,0.353553,1.41421,0.75,0,3,2,2,6,1.85773,1
4,1,5,11,309178,316838,22860,268186,362854,359162,1.01028,0.873182,0.882157,0,4,0,8.60233,0.790569,8.60233,0.790569,0,0,-1,3,2,2,6,1.70966,1
4,2,1,72,220511,270646,22005,220785,334870,320184,1.04587,0.808212,0.845282,2,1,0,7.61577,0.901388,7.07107,0.790569,2,0.25,0,1,2,2,6,1.37797,1
4,0,0,3,77790,79879,12779,70935,87119.5,79182.6,1.10024,0.916889,1.00879,0,1,0,0,0,0,0,0,0,-1,3,0,1,3,0.589744,0
4,0,0,2,81825,83217.6,13621,76669,88709.2,83217.6,1.06599,0.938095,1,0,1,0,1,0.25,1,0.25,0,0,-1,1,2,0,0,0,0
4,0,0,2,88267,89659.6,13737,77687,96566.2,89659.6,1.07703,0.928478,1,0,1,0,1,0.25,1,0.25,0,0,-1,1,2,0,0,0,0
4,0,0,2,108558,109951,13526,83226,115521,109254,1.05736,0.951779,1.00637,0,1,0,1,0.25,1,0.25,0,0,-1,1,2,0,0,0,0
4,0,0,2,74769,76161.6,12311,64883,85639.8,76161.6,1.12445,0.889325,1,0,1,0,1,0.25,1,0.25,0,0,-1,3,2,0,0,0,0
4,0,0,1,118906,119602,14404,90286,127958,119602,1.06986,0.934699,1,0,1,0,1,0.25,1,0.25,0,0,-1,3,2,0,0,0,0
4,0,0,4,48081,50866.3,8252,31990,57384.8,50866.3,1.12815,0.886407,1,0,1,0,0,0,0,0,0,0,-1,3,0,1,1,0.25,0
4,0,0,2,71615,73007.6,10101,48469,85722.7,72311.3,1.18547,0.851672,1.00963,0,1,0,0,0,0,0,0,0,-1,3,0,0,0,0,0
4,0,0,1,52265,52961.3,10222,46946,61902.8,52961.3,1.16883,0.855556,1,0,1,0,0,0,0,0,0,0,-1,3,0,0,0,0.166667,0
4,0,0,2,70238,71630.6,11967,64413,83309.1,71630.6,1.16304,0.859818,1,0,1,0,0,0,0,0,0,0,-1,3,0,0,2,0.333333,0
4,2,1,81,320991,377393,27607,372447,407042,427898,0.951259,0.92716,0.881969,1,1,0,2.23607,0.790569,1,0.559017,1.41421,0.25,1,3,2,2,5,1.27237,1
4,2,0,94,165336,230790,21931,193737,255004,229397,1.11163,0.905045,1.00607,1,1,0,0,0.790569,0,0.790569,0,0,-1,3,2,2,6,1.41106,1
4,0,0,6,76732,80909.9,11123,59571,101385,80213.6,1.26393,0.79805,1.00868,0,2,0,0,0,0,0,0,0,-1,3,0,1,5,1.00183,1
4,2,2,126,234759,322495,27172,348954,351121,449595,0.780972,0.918473,0.717302,1,12,0,0,0.353553,0,0.707107,0,0.353553,1,1,2,2,4,1.13792,1
4,1,1,32,179001,201283,20167,211761,229337,242142,0.947119,0.877675,0.831262,0,3,0,0,0,0,0,0,0,-1,3,0,2,3,0.953869,1
4,0,0,2,72618,74010.6,12253,65971,84145.8,73314.3,1.14774,0.879553,1.0095,0,1,0,0,0,0,0,0,0,-1,3,0,0,1,0.309524,0
4,0,0,3,89677,91766,13140,76312,100818,91766,1.09864,0.910213,1,0,1,0,1,0.25,1,0.25,0,0,-1,3,2,0,0,0,0
4,0,0,2,126438,127831,15278,99298,137788,127134,1.0838,0.927736,1.00548,0,1,0,1,0.25,1,0.25,0,0,-1,3,2,0,0,0,0
4,0,0,1,95231,95927.3,13831,84055,106822,95927.3,1.11357,0.89801,1,0,1,0,1,0.25,1,0.25,0,0,-1,3,2,0,0,0,0
4,0,0,2,54817,56209.6,10465,47415,66727.1,55513.3,1.202,0.842381,1.01254,0,1,0,0,0,0,0,0,0,-1,3,0,0,0,0,0
4,0,0,1,76364,77060.3,10392,49128,89855,77060.3,1.16604,0.857607,1,0,1,0,0,0,0,0,0,0,-1,3,0,0,0,0,0
4,0,0,1,62916,63612.3,10818,53090,72616.4,63612.3,1.14155,0.876004,1,0,1,0,0,0,0,0,0,0,-1,3,0,0,0,0,0
4,1,0,14,78607,88355.5,13722,88960,88355.5,97935.3,0.902182,1,0.902182,0,2,-1,0,0,0,0,0,0,-1,2,0,1,1,0.495994,0
4,0,0,2,99430,100823,14499,90533,106896,100823,1.06024,0.943183,1,0,1,-1,0,0,0,0,0,0,-1,2,0,1,3,0.675481,0
4,0,0,4,86369,89154.3,12349,68845,98301.7,89154.3,1.1026,0.906945,1,0,1,0,0,0,0,0,0,0,-1,3,0,2,5,0.90625,0
4,2,0,79,123954,178963,16019,107711,202087,178267,1.13362,0.885575,1.00391,1,1,0,6.40312,0.5,6.40312,0.5,0,0,-1,3,1,2,5,0.995994,1
4,2,1,122,283839,368790,25858,316636,378884,387730,0.977184,0.973359,0.951151,1,1,0,5.09902,0.559017,6.08276,0.559017,1,0,1,3,2,2,6,1.64266,0
4,2,1,97,285733,353276,23148,253150,383339,354606,1.08103,0.921576,0.996248,1,3,0,4.12311,0.5,3.16228,0.901388,1,0.901388,0,3,1,2,5,1.24554,1
4,0,0,4,111734,114519,14948,93668,122435,114519,1.06912,0.935347,1,0,1,0,1,0.25,1,0.25,0,0,-1,3,2,0,2,0.565934,0
4,0,0,3,91367,93456,13453,77877,97612.2,92759.6,1.05231,0.957421,1.00751,0,2,0,0,0,0,0,0,0,-1,3,0,0,0,0,0
4,0,0,2,75808,77200.6,12335,68099,82765.2,77200.6,1.07208,0.932767,1,0,2,0,1,0.25,1,0.25,0,0,-1,3,2,0,0,0,0
4,0,0,1,102331,103027,13741,82571,114083,103027,1.10731,0.903089,1,0,2,0,1,0.25,1,0.25,0,0,-1,3,2,0,0,0,0
4,0,0,1,60608,61304.3,10990,50666,70703.8,61304.3,1.15332,0.867058,1,0,6,0,0,0,0,0,0,0,-1,3,0,0,0,0,0
4,1,0,17,177985,189822,16982,169560,189126,201305,0.939499,1.00368,0.942958,0,6,1,1,0.25,1,0.5,1,0.25,0,3,2,1,1,0.649123,0
4,1,4,12,300003,308359,23204,253934,333996,329818,1.01267,0.923242,0.934937,0,2,0,1,0.25,1,0.25,0,0,-1,3,2,2,2,1.17117,1
4,1,2,25,279829,297237,23522,282596,299689,367294,0.815936,0.991819,0.809261,0,4,1,1,0.25,1,0.5,1,0.25,1,1,2,2,3,1.57594,1
4,1,0,19,180361,193591,17997,166791,192895,229231,0.841487,1.00361,0.844524,0,4,1,0,0,0,0,0,0,1,3,0,1,2,1.27462,0
4,0,0,2,131876,133269,14161,93641,139491,133269,1.04669,0.955393,1,0,4,1,0,0,0,0,0,0,-1,3,0,1,1,0.538462,0
4,0,0,1,89258,89954.3,11911,63635,94379.5,89954.3,1.04919,0.953113,1,0,4,1,0,0,0,0,0,0,-1,3,0,1,1,0.706667,0
4,0,0,1,60172,60868.3,10184,44108,72178.8,60172,1.19954,0.8433,1.01157,0,4,1,0,0,0,0,0,0,-1,3,0,1,1,0.333333,0
4,0,0,3,57681,59770,10203,44389,62928.6,59770,1.05285,0.949807,1,0,4,0,0,0,0,0,0,0,-1,3,0,1,1,0.479167,0
4,1,6,10,218181,225144,38775,997553,250447,259264,0.965991,0.89897,0.868398,0,8,0,0,0,0,0,0,0,-1,3,0,2,2,1.14583,1
4,1,2,30,177505,198395,19868,175898,240188,285550,0.841143,0.825997,0.694781,0,1,0,8.24621,0,9.21954,0.559017,1,0.559017,0,3,0,2,3,1.53846,1
4,1,0,10,82798,89761.2,12079,62387,89064.9,91660.3,0.971684,1.00782,0.979281,0,1,0,0,0,0,0,0,0,0,1,0,2,3,1.21212,0
4,0,0,2,64422,65814.6,10835,48413,70219.6,65814.6,1.06693,0.937269,1,0,1,0,0,0,0,0,0,0,-1,1,0,0,0,0,0
4,0,0,3,91863,93952,10570,59520,96320.2,93952,1.02521,0.975413,1,0,1,1,1,0.25,1,0.25,0,0,-1,3,2,1,1,0.375,0
4,0,0,5,235898,239380,17815,157039,244950,239380,1.02327,0.977258,1,0,1,1,1,0.25,1,0.25,0,0,-1,3,2,2,2,0.748397,0
4,1,1,35,404146,428517,26830,382170,428450,477721,0.896863,1.00016,0.897003,0,1,1,1,0.707107,1,0.790569,0,0.353553,1,3,1,2,4,1.17898,1
4,0,0,4,309715,312500,21553,231997,318767,311108,1.02462,0.98034,1.00448,0,4,1,1,0.25,1,0.25,0,0,-1,3,2,2,6,1.37973,1
4,0,0,3,50773,52862,9591,38675,56153.2,52165.6,1.07644,0.941388,1.01335,0,4,1,0,0,0,0,0,0,-1,3,0,0,2,0.562201,0
4,0,0,1,47251,47947.3,10037,41599,54427.2,47947.3,1.13515,0.880944,1,0,4,1,0,0,0,0,0,0,-1,3,0,1,1,0.166667,0
4,2,2,131,118813,210031,21352,195730,228444,223923,1.02019,0.919398,0.937961,1,2,0,4.24264,0.790569,9.21954,0.707107,4.24264,0.790569,0,3,2,2,2,0.558704,1
4,0,0,3,85556,87645,12379,64443,93972.9,87645,1.0722,0.932662,1,0,4,1,0,0,0,0,0,0,-1,3,0,1,2,0.423077,0
4,0,0,3,96070,98159,12664,69568,106371,98159,1.08366,0.9228,1,0,1,0,0,0,0,0,0,0,-1,3,0,2,2,0.75641,0
4,2,2,247,441366,613357,30780,435194,702375,699875,1.00357,0.873262,0.876381,1,4,0,7.61577,0.790569,7.81025,0.75,1.41421,0.75,1,3,2,2,4,1.14992,1
4,2,6,62,184514,227686,23750,235778,348951,378721,0.921394,0.652486,0.601197,2,1,0,9.21954,0.559017,9.21954,0.559017,0,0,-1,3,2,2,6,1.46987,1
4,0,0,3,70418,72507,11477,57177,75988.6,71810.6,1.05818,0.954183,1.0097,0,1,0,0,0,0,0,0,0,-1,1,0,1,3,0.746061,0
4,0,0,2,86964,88356.6,12535,65179,95947.8,87660.3,1.09454,0.920882,1.00794,0,1,0,0,0,0,0,0,0,-1,1,0,0,0,0,0
4,0,0,3,145444,147533,14851,100119,153104,147533,1.03776,0.963616,1,0,1,0,1,0.25,1,0.25,0,0,-1,3,2,1,1,0.25,0
4,1,0,10,113634,120597,13541,95869,120597,122320,0.985919,1,0.985919,0,1,0,1,0.25,1,0.25,0,0,0,1,2,1,1,0.659091,0
4,2,2,225,541970,698642,51642,1169292,735949,853712,0.862058,0.949307,0.818358,1,1,-1,0,0,0,0,0,0,-1,2,0,2,4,1.407,1
4,2,2,349,432407,675423,35611,654341,1.02874e+06,1.00231e+06,1.02637,0.65655,0.673865,1,1,0,1,0.25,1,0.25,0,0,1,3,2,2,6,1.68666,1
4,2,2,82,112544,169642,20636,192598,174497,259236,0.673122,0.972177,0.654394,1,2,0,0,0,0,0,0,0,1,3,0,1,3,0.922228,1
4,2,2,201,316603,456563,30635,441485,675249,676675,0.997894,0.67614,0.674716,1,4,-1,0,0,0,0,0,0,-1,2,0,2,3,1.24126,1
4,1,2,66,242086,288043,22379,283001,398715,546046,0.730187,0.722428,0.527508,0,11,0,10,0.707107,8.94427,0.75,2.23607,0.901388,0,3,1,2,5,1.15119,1
4,0,0,3,80414,82503,12581,66631,94340.4,81806.6,1.15321,0.874524,1.00851,0,5,1,0,0,0,0,0,0,-1,3,0,0,2,0.469697,0
4,2,4,113,222160,300844,25433,305819,334967,329674,1.01605,0.898132,0.912551,2,1,0,8.06226,0.559017,8.06226,0.559017,0,0,-1,3,2,2,2,1.0188,1
4,2,2,81,120961,177363,20068,193560,185609,196384,0.945136,0.955571,0.903145,1,3,-1,0,0,0,0,0,0,-1,2,0,2,5,1.60334,1
4,1,7,15,108703,119148,13878,90724,134771,134306,1.00346,0.884076,0.887139,0,1,0,0,0,0,0,0,0,-1,3,0,1,5,1.13917,1
4,0,0,2,56182,57574.6,10684,48786,64946.5,56878.3,1.14185,0.886494,1.01224,0,2,-1,0,0,0,0,0,0,-1,2,0,0,2,0.473333,0
4,0,0,1,74745,75441.3,12382,65182,79754.6,75441.3,1.05717,0.945919,1,0,2,-1,0,0,0,0,0,0,-1,2,0,1,1,0.2,0
4,0,0,2,59593,60985.6,9301,46451,73491,60289.3,1.21897,0.829838,1.01155,0,2,0,1,0.25,1,0.25,0,0,-1,3,2,1,1,0.558824,0
4,0,0,3,76838,78927,12594,65834,85791.5,78927,1.08697,0.919986,1,0,1,0,1,0.25,1,0.25,0,0,-1,1,2,1,1,0.589744,0
4,2,2,42,189744,218989,17958,199926,375026,396153,0.94667,0.583932,0.552791,1,3,-1,0,0,0,0,0,0,-1,2,0,2,4,1.11888,1
4,1,0,31,57636,79221.9,10479,68367,78525.6,90698.6,0.865786,1.00887,0.873463,0,1,0,25.1794,0,24.1868,0.901388,1,0.559017,0,3,0,2,6,1.87054,0
4,2,6,58,140972,181359,19112,173170,342635,345424,0.991925,0.529305,0.525031,2,3,0,25.1794,0,25.1794,0,0,0,-1,3,0,2,5,1.56762,1
4,2,1,151,397587,502731,35617,640985,560656,654055,0.8572,0.896684,0.768638,2,4,0,10,0,8.60233,0.75,1.41421,0.25,1,3,0,2,6,1.76233,1
4,1,1,55,232486,270784,31373,622825,376094,576282,0.652621,0.719989,0.46988,0,5,0,8.48528,0.559017,7.2111,0.790569,1,0.75,1,3,2,2,6,1.46413,1
4,0,0,2,78336,79728.6,12941,70613,94913.3,79032.3,1.20094,0.840016,1.00881,0,1,0,0,0,0,0,0,0,-1,3,0,0,2,1.02264,0
4,0,0,3,74711,76800,12503,66813,81376.2,76800,1.05959,0.943764,1,0,1,1,0,0,0,0,0,0,-1,3,0,0,2,0.517857,0
4,0,0,2,81768,83160.6,12353,65535,88239.2,82464.3,1.07003,0.942446,1.00844,0,1,1,0,0,0,0,0,0,-1,3,0,0,3,0.684524,0
4,0,0,3,73632,75721,12075,63637,79678.2,75721,1.05226,0.950335,1,0,1,-1,0,0,0,0,0,0,-1,2,0,0,3,0.333333,0
4,0,0,2,94991,96383.6,11974,66538,107435,95687.3,1.12277,0.897133,1.00728,0,1,-1,0,0,0,0,0,0,-1,2,0,0,1,0.166667,0
4,0,0,1,60638,61334.3,11244,54226,70275.1,61334.3,1.14577,0.872774,1,0,1,-1,0,0,0,0,0,0,-1,2,0,0,0,0,0
4,0,0,1,44905,45601.3,6705,22841,58958.7,45601.3,1.29292,0.773445,1,0,1,0,1,0.25,1,0.25,0,0,-1,3,2,1,1,0.423077,0
4,0,0,3,85096,87185,12617,67215,92059.2,87185,1.05591,0.947053,1,0,1,0,1,0.25,1,0.25,0,0,-1,1,2,2,2,0.747159,0
4,0,0,5,68090,71571.6,10988,53586,72855.8,70875.3,1.02794,0.982373,1.00982,0,1,0,1,0.25,1,0.25,0,0,-1,3,2,2,4,0.71875,1
4,1,4,15,111271,121716,18019,191411,214581,204576,1.0489,0.567227,0.594965,0,1,0,25.1794,0,25.1794,0,0,0,-1,3,0,2,4,1.21358,1
4,1,2,55,337041,375339,24759,480091,377432,396000,0.953112,0.994453,0.947825,0,3,1,0,0,0,0.75,0,0.75,0,1,0,2,5,1.3972,1
4,2,2,108,263083,338286,22991,244521,361043,357842,1.00894,0.936969,0.945349,1,3,0,9.89949,0.353553,8.60233,0.790569,2,0.5,1,3,2,2,6,1.88995,1
4,2,2,198,211242,349113,22734,256408,364918,349553,1.04395,0.956691,0.998741,2,3,0,4.47214,0.790569,9.21954,0.75,6.32456,0.559017,1,3,2,2,6,1.58529,1
4,0,0,2,77222,78614.6,12831,69175,84635.5,77918.3,1.08621,0.928862,1.00894,0,1,0,0,0.353553,0,0.353553,0,0,-1,3,2,0,2,0.691338,0
4,0,0,2,77204,78596.6,13009,71787,85325.5,78596.6,1.08561,0.921139,1,0,1,1,0,0,0,0,0,0,-1,3,0,0,0,0,0
4,0,0,1,85936,86632.3,13431,76419,94650.8,86632.3,1.09256,0.915283,1,0,1,1,0,0,0,0,0,0,-1,3,0,1,1,0.166667,0
4,0,0,1,108921,109617,14123,88307,120434,109617,1.09868,0.910186,1,0,1,1,0,0,0,0,0,0,-1,3,0,1,1,0.25641,0
4,0,0,3,70679,72768,11491,57671,77942.8,72768,1.07111,0.933608,1,0,1,-1,0,0,0,0,0,0,-1,2,0,1,1,0.166667,0
4,0,0,3,121854,123943,14508,92918,129139,123943,1.04192,0.959766,1,0,1,0,0,0,0,0,0,0,-1,3,0,1,1,0.2875,0
4,0,0,3,49036,51125,8207,31503,55544.2,51125,1.08644,0.920438,1,0,1,0,1,0.25,1,0.25,0,0,-1,1,2,0,0,0,0
4,0,0,1,80472,81168.3,10002,47516,91230.6,81168.3,1.12397,0.889705,1,0,1,0,1,0.25,1,0.25,0,0,-1,1,2,1,1,0.40625,1
4,0,0,3,48595,50684,9821,44039,56654.8,49291.3,1.14939,0.89461,1.02825,0,1,1,0,0,0,0,0,0,-1,3,0,0,3,0.5,0
4,0,0,3,66182,68271,11840,62394,73930.8,67574.6,1.09406,0.923444,1.0103,0,1,0,1,0.25,1,0.25,0,0,-1,1,2,0,3,0.606061,0
4,1,1,48,332508,365931,26294,531460,406894,515457,0.789385,0.899329,0.709916,0,6,0,4.47214,0.75,6.32456,0.25,1,0.5,1,3,2,2,5,1.4001,1
4,1,2,26,98043,116147,15699,117465,124348,123077,1.01033,0.934049,0.943699,0,2,-1,0,0,0,0,0,0,-1,2,0,2,6,1.69821,1
4,1,1,56,127445,166439,36459,651571,213549,269226,0.793198,0.779393,0.618213,0,3,0,0,0,0,0,0,0,0,1,0,2,6,1.4834,1
4,2,2,80,263637,319343,28962,412098,348731,740588,0.470883,0.915728,0.431201,2,24,0,3.60555,0.707107,7.2111,1.06066,3.60555,0.353553,1,3,1,2,4,1.23625,1
4,1,2,38,127451,153911,18173,179803,164016,201491,0.814013,0.93839,0.763861,0,11,0,3.60555,1.06066,3.16228,0.901388,1.41421,0.25,0,3,2,2,3,0.964648,0
4,0,0,2,74213,75605.6,12469,67721,84439.8,75605.6,1.11685,0.895379,1,0,2,0,0,0.25,0,0.25,0,0,-1,3,2,1,1,0.166667,0
4,0,0,1,91572,92268.3,13286,77106,98422.2,92268.3,1.0667,0.937475,1,0,2,0,0,0.25,0,0.25,0,0,-1,3,2,1,1,0.239583,0
4,0,0,4,125294,128079,15102,98472,132274,128079,1.03275,0.968291,1,0,2,0,0,0,0,0,0,0,-1,3,0,1,1,0.166667,0
4,0,0,1,112660,113356,15299,93299,116757,113356,1.03,0.970873,1,0,2,0,0,0,0,0,0,0,-1,3,0,1,1,0.2,0
4,0,0,2,53117,54509.6,10356,44978,59590.2,54509.6,1.0932,0.914742,1,0,2,0,1,0.25,1,0.25,0,0,-1,1,2,0,0,0.25,0
4,0,0,3,75632,77721,10394,48908,86154.1,77024.6,1.11853,0.902115,1.00904,0,2,1,0,0,0,0,0,0,-1,3,0,1,3,0.333333,0
4,0,0,1,60555,61251.3,10478,50760,67776.5,61251.3,1.10653,0.903725,1,0,2,1,0,0,0,0,0,0,-1,3,0,0,1,0.166667,0
4,0,0,3,73093,75182,12081,67743,83439.8,75182,1.10984,0.901032,1,0,2,0,1,0.25,1,0.25,0,0,-1,1,2,1,1,0.5,0
4,0,0,2,96010,97402.6,14247,86571,102869,96706.3,1.06372,0.946865,1.0072,0,1,0,1,0.25,1,0.25,0,0,-1,1,2,1,3,1.02083,0
4,0,0,4,89003,91788.3,11942,65768,92585.4,91092,1.0164,0.99139,1.00764,0,1,0,1,0.25,1,0.25,0,0,-1,3,2,2,5,1.21875,0
4,2,1,58,115623,156010,16511,112445,182976,173810,1.05274,0.852621,0.897589,1,6,0,13.0384,0.559017,20.2485,1.06066,7.2111,0.559017,1,1,2,2,5,1.32651,1
4,2,0,331,404241,634723,29493,392359,634027,711096,0.891619,1.0011,0.892598,2,17,0,5.83095,0.901388,8.06226,0.790569,1.41421,0.75,1,3,2,2,6,1.45425,1
4,2,2,84,165437,223928,22180,238518,329573,369614,0.891669,0.679449,0.605843,1,5,0,4.47214,0.901388,4.47214,0.5,1,0.75,0,3,2,2,4,1.32054,1
4,0,0,5,109121,112603,14723,91235,121655,111906,1.08711,0.925591,1.00622,0,1,0,0,0,0,0,0,0,-1,3,0,1,2,0.5,0
4,0,0,1,94730,95426.3,14012,82346,103999,95426.3,1.08984,0.917565,1,0,1,0,0,0,0,0,0,0,-1,3,0,1,1,0.166667,0
4,0,0,2,76263,77655.6,12542,69230,90079.4,76959.3,1.17048,0.86208,1.00905,0,1,0,0,0,0,0,0,0,-1,3,0,0,0,0,0
4,0,0,1,103291,103987,14302,85020,120180,103987,1.15572,0.865261,1,0,1,0,0,0,0,0,0,0,-1,3,0,1,1,0.2,0
1,2,0,95,59730,65104.7,12863,70609,65104.7,66181.1,0.983736,1,0.983736,2,4,0,1,0.790569,2,0.707107,1,0.790569,1,3,2,0,0,0,1
1,2,2,62,139265,142773,18936,157692,149742,149493,1.00167,0.953455,0.955044,1,7,0,1,0.25,1,0.25,1,0.353553,0,3,2,1,2,1.47368,1
1,2,4,122,207485,214387,23677,235443,216006,220982,0.977483,0.992506,0.970157,2,1,0,1,0.25,1,0.25,0,0,-1,1,2,1,2,1.97551,1
1,2,0,71,218179,222196,24300,243676,222535,222139,1.00178,0.998475,1.00025,1,7,0,1,0.25,1,0.25,0,0,-1,3,2,1,2,1.99132,1
1,2,2,83,171180,175876,20961,187981,178177,190277,0.936412,0.987083,0.924316,1,6,1,0,0,1,0.707107,1,0.707107,1,3,0,1,2,1.96217,1
1,2,2,254,127153,141523,17900,145908,151594,162899,0.930603,0.933566,0.868779,2,3,0,1,0.25,1,0.5,1,0.25,0,1,2,1,2,1.67611,1
1,2,2,61,92840,96291.1,16216,117318,97862.8,104248,0.93875,0.98394,0.923674,1,10,1,1,0.353553,1.41421,0.5,1,0.790569,0,3,2,1,2,2.03368,1
1,2,1,44,57954,60443.3,12529,67205,61359.1,61100.4,1.00423,0.985076,0.989246,1,1,0,1,0.559017,1,0.559017,0,0,-1,3,2,1,2,1.26923,1
1,2,4,50,52380,55208.8,11876,58764,55673.4,55220.8,1.0082,0.991655,0.999783,1,13,0,1,0.559017,1,0.559017,0,0,-1,3,2,1,2,1.21875,0
1,2,2,272,80748,96136.7,13182,70490,116302,163571,0.711017,0.826615,0.587738,2,21,0,1,0.25,1,0.25,0,0,-1,1,2,1,1,1,1
1,2,2,896,101543,152235,14311,87087,152837,155398,0.983521,0.996062,0.979648,1,1,1,1,0.353553,1,0.353553,0,0,-1,1,2,1,2,1.97727,1
1,2,2,1595,129536,219775,15292,98146,226182,225912,1.00119,0.971672,0.972832,1,4,0,3,0.353553,6,0.707107,3,0.353553,1,3,2,1,2,1.62162,1
1,2,1,31,62555,64308.9,13580,75948,64972.8,65143.9,0.997374,0.989781,0.987181,1,27,0,1,0.25,1,0.790569,1,0.559017,0,1,2,0,1,1.30769,0
1,1,0,18,81708,82726.4,10763,61679,82669.8,86037.6,0.960857,1.00068,0.961515,0,1,1,1,0.25,1,0.707107,1,0.559017,0,3,2,1,3,1.3125,0
1,2,2,61,181392,184843,21820,200402,188246,186413,1.00983,0.981925,0.991577,2,4,0,1,0.5,1.41421,0.559017,1,0.25,0,3,1,1,4,1.14904,1
1,2,1,50,244796,247625,25569,259171,249616,249268,1.0014,0.992021,0.993408,1,23,1,1,0.25,1,0.25,0,0,-1,3,2,1,5,1.75795,1
1,2,1,56,201920,205088,22573,217081,212477,212024,1.00213,0.965227,0.967287,2,8,0,1,0.25,1,0.25,0,0,-1,3,2,1,5,1.8832,1
1,2,2,37,44029,46122.3,11420,55896,46756.6,46365.6,1.00843,0.986434,0.994754,1,11,0,1,0.25,1,0.25,0,0,-1,3,2,0,4,1.48421,0
1,2,0,14,45974,46766.1,11395,52925,47544.2,46766.1,1.01664,0.983634,1,1,11,0,0,0,0,0,0,0,-1,3,0,1,4,1.24453,0
1,2,0,730,92033,133333,14352,87448,133277,150866,0.883415,1.00042,0.88379,1,12,1,1.41421,0.901388,3.60555,0.5,1,0.901388,1,3,2,1,4,1.22024,1
1,2,1,1439,121496,202909,14920,96216,211632,209492,1.01022,0.95878,0.968578,2,7,0,1,0.25,1,0.25,0,0,-1,1,2,1,5,1.23938,1
1,2,0,176,80576,90533.4,14286,85988,90476.8,90910.3,0.995231,1.00063,0.995853,2,24,0,0,0,0,0.25,0,0.25,0,3,0,1,3,1.47591,1
1,3,0,750,100559,142991,21740,258586,151045,181234,0.833422,0.94668,0.788984,1,5,-1,0,0,0,0,0,0,-1,0,0,1,4,1.62508,1
1,2,2,1441,138229,219755,16213,112107,221229,220299,1.00422,0.993339,0.997531,1,10,1,1,0.353553,1,0.353553,0,0,-1,1,2,1,5,2.19121,1
1,2,1,985,107984,163711,15150,94886,163548,163602,0.999672,1.001,1.00067,2,2,0,0,0.707107,1.41421,0,0,0.707107,0,1,1,1,5,1.6556,1
1,2,1,96,83588,89019.3,14811,92157,89243.3,90629,0.98471,0.99749,0.982239,1,7,1,1.41421,1.06066,2.82843,0.707107,1.41421,1.06066,0,3,2,0,2,1.2103,0
1,2,2,105,115925,121865,17832,135236,124049,123483,1.00458,0.982398,0.9869,1,10,1,0,0,0,0.25,0,0.25,0,3,0,1,1,0.871795,1
1,2,1,28,92486,94070.1,15392,104658,96935.6,128025,0.757158,0.97044,0.734777,1,9,1,1,0.25,1,0.25,0,0,-1,3,2,1,4,1.32308,1
1,2,2,202,264748,276176,25238,254766,296349,291709,1.0159,0.931931,0.946753,1,23,0,1,0.353553,1,0.353553,0,0,-1,3,2,1,5,1.81719,1
1,2,1,269,183012,198231,20077,180519,200142,271222,0.737928,0.990451,0.730881,2,9,0,1,0.559017,1,0.790569,0,0.25,0,3,2,1,5,1.7563,1
1,2,0,30,72453,74150.3,13830,82048,74150.3,75473.5,0.982467,1,0.982467,1,19,1,1.41421,0.353553,1.41421,0.559017,1,0.25,0,3,2,1,3,1.28102,1
1,2,1,770,104943,148507,14238,88812,178196,180764,0.98579,0.83339,0.821547,2,11,1,5.83095,0.901388,13,0,6.7082,0.559017,0,3,2,1,2,1.1267,1
1,3,0,3358,215603,405585,199700,12740774,449575,422420,1.06429,0.902152,0.960147,1,14,-1,0,0,0,0,0,0,-1,0,0,1,4,1.72003,1
1,2,0,1436,121516,202759,15779,108817,202589,204431,0.990993,1.00084,0.991823,1,3,0,0,0.25,0,0.559017,0,0.353553,0,3,2,0,4,1.80218,1
1,2,1,573,90405,122823,14591,93893,173604,124692,1.39226,0.707488,0.98501,2,2,1,115.966,0.790569,230.521,0.5,115.261,1.06066,0,1,2,1,5,2.14909,1
1,2,6,294,87956,104589,14406,91860,113070,109956,1.02832,0.925,0.951194,1,1,0,7.07107,0.353553,7.07107,0.353553,0,0,-1,3,2,1,5,1.88964,1
1,2,1,787,135025,179550,16761,132767,182637,184838,0.988091,0.983101,0.971393,2,1,0,10.6301,0.707107,10.6301,0.707107,0,0,-1,3,1,1,5,2.05858,1
1,2,0,115,59029,65535.2,12106,62250,66255.5,65365.5,1.01362,0.989128,1.0026,1,2,0,1,0.25,1,0.25,0,0,-1,1,2,0,4,1.36903,0
1,2,0,85,73007,77816,13903,79967,80224.9,77816,1.03096,0.969972,1,1,1,0,1,0.25,1,0.25,0,0,-1,1,2,1,2,0.806452,0
1,2,1,202,49898,61326.4,10666,55280,62375.2,66318.2,0.940546,0.983184,0.92473,1,2,0,2.23607,0.75,4.47214,0.75,3.16228,0.790569,0,3,2,1,3,1.41176,1
1,2,2,39,75311,77517.5,13739,76637,77918.3,80846.2,0.963784,0.994856,0.958826,1,1,0,3.16228,0.25,5.38516,0.75,3.16228,1.06066,0,3,2,1,5,1.48597,1
1,2,7,194,94393,105369,13408,83414,111456,119101,0.935809,0.945382,0.884697,1,1,0,1,0.559017,1,0.559017,0,0,-1,1,2,1,5,1.62727,1
1,2,2,58,87330,90611.4,15096,101300,90764.8,92841,0.977637,0.99831,0.975984,1,28,1,0,0,0,0,0,0,-1,1,0,1,5,2.004,1
1,2,7,449,79771,105174,13508,78518,129193,161372,0.800592,0.814082,0.651747,2,10,1,0,0,0,0,0,0,-1,1,0,1,5,1.64491,1
1,3,0,1553,125405,213268,86333,4002337,258630,298464,0.866536,0.824604,0.714549,2,6,-1,0,0,0,0,0,0,-1,0,0,1,5,1.91282,1
1,3,0,2885,186171,349393,193643,14209689,367556,397427,0.924839,0.950583,0.879136,1,3,-1,0,0,0,0,0,0,-1,0,0,1,5,2.266,1
1,2,0,460,75446,101471,13350,76026,121152,101301,1.19596,0.837548,1.00168,1,23,0,1,0.25,1,0.25,0,0,-1,1,2,0,4,1.86377,1
1,2,0,110,71085,77308.4,14065,84161,79986.5,77195.2,1.03616,0.966518,1.00147,1,1,0,1,0.25,1,0.25,0,0,-1,1,2,0,4,1.54224,1
1,2,0,64,79348,82968.9,14574,89806,88613.7,82855.7,1.06949,0.936298,1.00137,1,12,0,1,0.25,1,0.25,0,0,-1,1,2,0,4,1.30224,0
1,2,4,88,71869,76847.7,14191,85673,81988.3,77904.1,1.05243,0.937301,0.986439,1,22,0,1,0.25,1,0.25,0,0,-1,3,2,0,3,0.794545,1
1,2,0,82,80008,84647.2,15109,103151,84590.7,86809.7,0.974437,1.00067,0.975089,2,7,1,0,0.25,0,0.5,0,0.25,0,3,2,0,2,0.64,0
1,2,0,92,57436,62641,12146,63292,63456.3,62641,1.01302,0.987151,1,1,10,1,0,0.25,0,0.25,0,0,-1,3,2,0,0,0,0
1,2,2,83,46628,51323.8,9652,44118,51995.8,52092.3,0.998149,0.987075,0.985248,1,1,0,2,0.901388,2,0.901388,0,0,-1,3,2,1,3,1.41026,1
1,2,0,175,86117,96017.8,14487,88509,95904.6,110370,0.868941,1.00118,0.869967,2,1,0,2.23607,0.75,4.47214,0.5,2.23607,0.75,1,3,2,1,5,1.64406,1
1,1,2,14,59437,60229.1,11197,55053,60420.2,61170.2,0.98774,0.996836,0.984615,0,1,0,2.23607,1.06066,2.23607,1.06066,0,0,-1,3,2,1,5,1.47697,0
1,2,0,43,60394,62826.8,12318,68146,62920.2,62770.2,1.00239,0.998515,1.0009,1,33,1,0,0.353553,0,0.353553,0,0,-1,3,2,1,4,1.34737,0
1,2,2,443,95528,120591,15137,96411,175714,187674,0.936274,0.686293,0.642558,1,25,1,1,0.25,1,0.5,1,0.25,1,1,2,1,4,1.54011,1
1,3,0,1166,111046,177014,87021,3791441,186694,248567,0.751082,0.948147,0.712136,2,2,-1,0,0,0,0,0,0,-1,0,0,1,5,2.22187,1
1,3,0,1637,125784,218399,66748,1778414,234839,250355,0.938025,0.929994,0.872358,2,11,-1,0,0,0,0,0,0,-1,0,0,1,5,2.36008,1
1,2,0,1178,107964,174611,15276,97476,227612,174441,1.30481,0.767141,1.00097,2,8,1,1.41421,0.901388,1.41421,0.901388,0,0,-1,3,2,0,4,1.66699,1
1,2,0,69,74379,78282.7,15309,98503,79424.4,78113,1.01679,0.985626,1.00217,1,12,0,1,0.25,1,0.25,0,0,-1,1,2,0,4,1.04865,1
1,2,0,77,78700,83056.4,15309,97775,87823.4,83056.4,1.0574,0.94572,1,1,1,0,1,0.25,1,0.25,0,0,-1,1,2,1,3,0.8,0
1,2,0,103,97544,103371,15559,105353,107031,103315,1.03597,0.965805,1.00055,1,1,0,1,0.25,1,0.25,0,0,-1,1,2,1,3,0.507692,1
1,2,0,66,65312,69046,13633,80773,71093.7,68989.4,1.0305,0.971198,1.00082,1,7,1,0,0.25,0,0.25,0,0,-1,3,2,1,3,0.6,0
1,2,2,1152,143739,208915,17131,132625,216681,220937,0.980736,0.964157,0.945583,1,40,1,0,0.25,0,0.25,0,0,-1,3,2,1,1,0.359375,1
1,2,7,44,44857,47346.3,11667,58685,47642.3,49719.9,0.958215,0.993787,0.952262,1,9,1,0,0,0,0,0,0,-1,3,0,0,2,1.19458,1
1,2,2,77,69511,73867.4,14335,89527,77693.4,87054.9,0.892464,0.950755,0.848515,1,4,0,1,0.25,1.41421,0.790569,2.23607,0.901388,0,3,2,1,5,1.20425,1
1,2,0,88,51819,56797.7,11931,66041,57523.4,56797.7,1.01278,0.987383,1,1,1,1,0,0.353553,0,0.353553,0,0,-1,3,2,0,2,0.589474,0
1,2,1,112,64894,71230.5,12825,73243,71857,71386,1.0066,0.991281,0.997822,1,16,0,1,0.353553,2,0.707107,1,0.353553,0,3,2,0,0,0.2875,1
1,2,1,593,98142,131692,15516,101078,154244,186224,0.828269,0.853789,0.707167,1,5,1,59.5399,1.06066,119.08,0.707107,59.5399,1.06066,1,1,2,1,4,1.61906,1
1,2,2,155,89748,98517.3,14719,94259,101055,99904.7,1.01151,0.97489,0.986112,1,2,0,4.47214,0.707107,10.2956,0,4.47214,0.707107,0,3,1,1,5,2.08231,1
1,3,0,1825,147757,251008,94279,3993819,274976,266096,1.03337,0.912838,0.943299,2,11,-1,0,0,0,0,0,0,-1,0,0,1,5,2.14153,1
1,3,0,1491,121258,205613,80580,2706066,262718,273719,0.959807,0.782637,0.751181,2,5,-1,0,0,0,0,0,0,-1,0,0,1,5,2.12407,1
1,3,0,525,97021,126723,22014,192286,158922,170830,0.930294,0.797393,0.74181,2,43,-1,0,0,0,0,0,0,-1,0,0,1,5,1.57377,1
1,2,0,79,79017,83486.5,15133,101801,83429.9,84234.3,0.99045,1.00068,0.991122,1,10,1,1,0.25,1,0.5,1,0.25,0,1,2,1,3,0.975,0
1,2,0,103,81229,87056.3,15562,108604,87339.2,86999.8,1.0039,0.996761,1.00065,1,22,1,1,0.25,1,0.25,0,0,-1,3,2,1,3,0.4875,0
1,2,0,113,110182,116575,18412,142478,117189,116519,1.00575,0.994762,1.00049,1,2,0,1,0.25,1,0.25,0,0,-1,1,2,1,2,0.831579,0
1,2,2,2321,173860,305173,16826,127624,307757,306218,1.00503,0.991602,0.996587,2,8,1,0,0.25,0,0.25,0,0,-1,3,2,1,3,0.789474,1
1,2,0,49,50882,53654.2,11918,59852,54203,53597.6,1.01129,0.989876,1.00106,1,2,0,1,0.5,1,0.5,0,0,-1,3,1,0,2,0.666667,0
1,2,7,408,83507,106590,14772,90504,110679,109848,1.00756,0.963053,0.970337,1,7,0,1,0.5,1,0.5,0,0,-1,3,1,1,4,0.6,1
1,2,0,966,78667,133319,12706,71164,133263,134530,0.990582,1.00042,0.991002,2,5,0,6.32456,0.25,9.84886,0.790569,4.47214,0.559017,1,3,2,0,2,0.96993,1
1,3,0,1422,113802,194253,147320,8533858,202785,199751,1.01519,0.957927,0.972477,1,32,-1,0,0,0,0,0,0,-1,0,0,1,4,1.45455,1
1,2,0,223,93122,105738,15268,99790,105625,108061,0.97746,1.00107,0.978507,2,1,0,1.41421,1.06066,2.82843,0.707107,1.41421,1.06066,1,3,2,1,5,2.10307,1
1,2,2,86,82008,86873.5,14292,92148,86817,88508.6,0.980887,1.00065,0.981526,1,3,0,0,0.5,0,0.5,0,0,-1,1,1,1,5,1.98645,1
1,3,0,1932,158760,268065,53247,1411047,293108,282812,1.03641,0.914559,0.947856,2,1,-1,0,0,0,0,0,0,-1,0,0,1,5,1.97542,1
1,3,0,3092,196654,371587,102706,4582858,380616,411903,0.924042,0.976278,0.902122,2,26,-1,0,0,0,0,0,0,-1,0,0,1,5,2.38573,1
1,2,2,611,101365,135933,14505,102127,161592,168288,0.960207,0.841213,0.807739,1,8,0,75.4718,0.75,150.944,0.5,75.4718,0.75,0,1,2,1,5,1.85147,1
1,2,2,68,103083,106930,18254,136024,106985,113140,0.945599,0.999489,0.945115,1,20,0,1,0.559017,1,0.5,1,0.559017,0,3,2,1,3,1.11346,0
1,2,0,64,85846,89466.9,16642,118874,89466.9,90597,0.987526,1,0.987526,1,1,0,1,0.353553,1,0.559017,0,0.25,0,3,2,1,1,0.2,0
1,2,0,136,81007,88701.3,16137,117671,90876.4,88701.3,1.02452,0.976065,1,1,1,1,1,0.25,1,0.25,0,0,-1,3,2,0,0,0.508108,0
1,2,0,2461,189122,328356,19157,161507,333798,328299,1.01675,0.983694,1.00017,2,1,0,0,0.901388,0,0.901388,0,0,-1,3,2,1,3,0.885135,1
