4,0,0,0,119764,119764,5814,58866,165575,119764,1.38251,0.723321,1,0,1,0,0,0,0,0,0,0,-1,3,0,0,0,0.166667,0
4,0,0,1,142464,144675,6451,84289,175667,144675,1.21422,0.823576,1,0,1,0,0,0,0,0,0,0,-1,3,0,0,0,0.166667,0
4,0,0,0,99014,99014,5045,45765,123504,99014,1.24734,0.801704,1,0,1,0,0,0,0,0,0,0,-1,3,0,0,0,0.166667,0
4,1,0,9,117388,137284,5848,65702,137284,170214,0.80654,1,0.80654,0,1,0,0,0,0,0,0,0,0,1,0,0,0,0.166667,0
4,0,0,0,48480,48480,4000,27642,79484.5,48480,1.63953,0.60993,1,0,3,0,0,0.25,0,0.25,0,0,-1,3,2,0,0,0.588068,0
4,0,0,4,61710,70552.7,4625,32683,100782,70552.7,1.42846,0.700054,1,0,3,0,9.48683,0.5,9.48683,0.5,0,0,-1,3,1,0,0,0.588068,0
4,0,0,6,64251,77515.1,5513,61301,85314.8,77515.1,1.10062,0.908577,1,0,1,0,9.48683,0.5,9.48683,0.5,0,0,-1,3,1,1,1,0.588068,0
4,2,2,55,225608,347195,11034,217130,446454,388907,1.14797,0.777673,0.892747,1,2,1,27.0185,0.353553,28.7924,0.5,10.0499,0.790569,0,1,2,1,1,0.588068,1
4,0,0,2,64960,69381.4,4928,45376,115128,67170.7,1.71397,0.602644,1.03291,0,9,0,9.48683,0.5,9.48683,0.5,0,0,-1,3,1,0,0,0.794956,0
4,0,0,1,132650,134861,7727,96869,148874,132650,1.12231,0.90587,1.01667,0,1,0,9.48683,0.5,9.48683,0.5,0,0,-1,3,1,0,0,0.794956,0
4,1,1,12,215573,242101,11227,219965,288266,303663,0.949297,0.839852,0.797269,0,1,0,9.48683,0.5,9.48683,0.5,0,0,-1,3,1,2,3,0.794956,1
4,0,0,4,41641,50483.7,3771,23193,85020.3,48273,1.76124,0.593784,1.0458,0,2,0,9.48683,0.5,9.48683,0.5,0,0,-1,3,1,0,1,0.794956,0
4,0,0,1,55746,57956.7,4517,33291,69278.7,57956.7,1.19535,0.836572,1,0,5,-1,0,0,0,0,0,0,-1,2,0,0,0,0.589744,0
4,0,0,3,97254,103886,5612,61268,124133,103886,1.19489,0.836894,1,0,5,0,0,0,0,0,0,0,-1,1,0,0,0,0.589744,0
4,0,0,1,109876,112087,4771,74099,131983,112087,1.17751,0.849252,1,0,1,-1,0,0,0,0,0,0,-1,2,0,0,0,0.589744,1
4,1,0,34,142673,217836,7352,110016,215625,504673,0.427258,1.01025,0.431638,0,1,0,27.8927,0.559017,55.0818,0.5,27.8927,0.559017,1,1,2,1,2,0.589744,0
4,0,0,1,197094,199305,8368,117404,214779,199305,1.07764,0.927951,1,0,1,0,0,0,0,0,0,0,-1,1,0,0,0,0.780702,0
4,0,0,1,213618,215829,7768,100918,230316,215829,1.06712,0.937098,1,0,1,0,0,0,0,0,0,0,-1,1,0,0,0,0.780702,0
4,1,1,17,155079,192661,20846,1456300,482760,508402,0.949563,0.399082,0.378953,0,1,0,1,0.25,1,0.5,1,0.25,1,1,2,1,1,0.780702,1
4,2,0,55,256540,378127,22493,737729,378127,386496,0.978348,1,0.978348,1,1,0,1,0.25,1,0.5,1,0.25,1,1,2,1,2,0.780702,1
4,0,0,4,37547,46389.7,3242,19544,64735.1,44179,1.46529,0.716608,1.05004,0,2,0,0,0.25,0,0.25,0,0,-1,3,2,0,0,0.601276,0
4,1,1,17,132529,170111,8669,194367,206588,235462,0.877375,0.823427,0.722454,0,2,0,0,0,0,0,0,0,1,1,0,1,1,0.601276,0
4,1,2,15,190838,223998,8356,141958,423296,353488,1.19748,0.529176,0.63368,0,1,0,0,0.25,0,0.25,0,0,-1,3,2,2,2,0.601276,1
4,0,0,2,45317,49738.4,4056,30046,79449.8,47527.7,1.67165,0.626035,1.04651,0,1,0,9.21954,1.06066,9.21954,1.06066,0,0,-1,3,2,0,1,0.601276,0
4,1,1,14,93523,124472,12634,307640,201740,364362,0.553681,0.616994,0.341618,0,7,0,0,0.25,0,0.25,0,0,1,1,2,2,2,0.924268,1
4,0,0,1,29239,31449.7,3508,20638,53373.5,29239,1.82542,0.589238,1.07561,0,1,0,0,0,0,0,0,0,-1,1,0,0,1,0.924268,0
4,1,2,14,115591,146540,7865,120901,239263,286376,0.835487,0.612466,0.511707,0,1,0,9.21954,0.790569,9.21954,0.790569,0,0,-1,3,2,2,4,0.924268,1
4,0,0,2,47231,51652.4,4128,27450,70833.8,49441.7,1.43267,0.729205,1.04471,0,1,0,0,0,0,0,0,0,-1,1,0,0,2,0.924268,0
4,0,0,1,248465,250676,8610,220924,262794,250676,1.04834,0.953887,1,0,4,0,2.23607,0.353553,2.23607,0.353553,0,0,-1,3,2,1,4,1.03454,1
4,0,0,4,56574,65416.7,4352,36090,78629.8,63206,1.24402,0.831958,1.03498,0,1,0,0,0,0,0,0,0,-1,3,0,0,2,1.03454,0
4,0,0,2,27024,31445.4,3714,24508,46905.1,29234.7,1.60443,0.670404,1.07562,0,1,0,0,0,0,0,0,0,-1,3,0,0,2,1.03454,0
4,0,0,1,22798,25008.7,3356,19506,42690.1,25008.7,1.70701,0.585819,1,0,1,0,0,0,0,0,0,0,-1,3,0,0,1,1.03454,0
4,0,0,4,12305,21147.7,1951,6903,40331.8,21147.7,1.90715,0.524343,1,0,1,0,0,0,0,0,0,0,-1,3,0,0,0,0.894211,0
4,0,0,3,72491,79123,5506,50178,99019.1,79123,1.25146,0.799068,1,0,1,-1,0,0,0,0,0,0,-1,2,0,1,1,0.894211,0
4,2,0,21,28416,74840.2,3968,43456,111792,72629.6,1.53921,0.669458,1.03044,0,1,0,0,0,0,0,0,0,-1,3,0,0,0,0.894211,0
4,0,0,3,112736,119368,7366,88472,139412,117157,1.18996,0.856222,1.01887,0,1,-1,0,0,0,0,0,0,-1,2,0,1,1,0.894211,0
4,1,2,29,139818,203928,6122,89830,221948,217834,1.01889,0.918807,0.936161,0,2,-1,0,0,0,0,0,0,-1,2,0,1,3,0.994602,1
4,0,0,1,26843,29053.7,3466,18012,70718.9,29053.7,2.43408,0.410833,1,0,1,0,27.8927,0,27.8927,0,0,0,-1,3,0,1,3,0.994602,0
4,2,1,65,111958,255652,8483,121499,300688,258547,1.16299,0.850222,0.988802,1,1,0,27.8927,0,27.8927,0,0,0,-1,3,0,0,2,0.994602,1
4,0,0,2,13536,17957.4,2441,9267,56668.5,15746.7,3.59876,0.316884,1.14039,0,1,0,27.8927,0,27.8927,0,0,0,-1,3,0,0,2,0.994602,0
4,0,0,2,26582,31003.4,3143,16209,69578.6,28792.7,2.41654,0.445588,1.07678,0,1,0,27.8927,0,27.8927,0,0,0,-1,3,0,0,2,1.13162,0
4,0,0,1,242709,244920,11535,239081,340124,244920,1.38872,0.720089,1,0,2,0,27.8927,0,27.8927,0,0,0,-1,3,0,1,4,1.13162,1
4,0,0,1,40766,42976.7,3796,27678,86366.3,42976.7,2.00961,0.497609,1,0,1,0,27.8927,0,27.8927,0,0,0,-1,3,0,0,0,1.13162,0
4,0,0,1,55025,57235.7,5204,41946,136995,57235.7,2.39352,0.417795,1,0,1,0,27.8927,0,27.8927,0,0,0,-1,3,0,0,2,1.13162,0
4,0,0,1,105892,108103,6828,90504,161565,108103,1.49455,0.669097,1,0,1,0,7.81025,0.901388,7.81025,0.901388,0,0,-1,3,2,2,4,1.07824,0
4,0,0,3,24478,31110,3455,21859,50861.1,31110,1.63488,0.611666,1,0,1,0,0,0,0,0,0,0,-1,1,0,0,1,1.07824,0
4,0,0,1,94576,96786.7,6339,80423,139224,96786.7,1.43847,0.695185,1,0,1,0,8.06226,0.559017,8.06226,0.559017,0,0,-1,3,2,1,1,1.07824,0
4,0,0,3,31768,38400,4038,26540,56085.5,38400,1.46056,0.68467,1,0,1,0,0,0,0,0,0,0,-1,1,0,0,0,1.07824,0
4,1,7,16,161107,196478,7157,105551,216969,194862,1.11345,0.905559,1.00829,0,1,-1,0,0,0,0,0,0,-1,2,0,0,2,0.798246,1
4,0,0,3,60662,67294,5240,39014,90224.9,67294,1.34076,0.745848,1,0,2,0,27.8927,0,27.8927,0,0,0,-1,3,0,0,2,0.798246,0
4,0,0,2,53829,58250.4,4147,33825,102795,56039.7,1.83433,0.566664,1.03945,0,1,-1,0,0,0,0,0,0,-1,2,0,0,2,0.798246,0
4,0,0,0,34942,34942,3499,22921,71388.5,34942,2.04306,0.489462,1,0,1,-1,0,0,0,0,0,0,-1,2,0,0,1,0.798246,0
4,0,0,1,58777,60987.7,4173,35805,107419,60987.7,1.76132,0.567757,1,0,1,0,27.8927,0,27.8927,0,0,0,-1,3,0,0,0,1.12757,0
4,0,0,1,69462,71672.7,4025,28799,102818,71672.7,1.43455,0.697081,1,0,1,0,27.8927,0,27.8927,0,0,0,-1,3,0,1,1,1.12757,0
4,0,0,0,25275,25275,3341,19159,58827.9,25275,2.32751,0.429643,1,0,2,-1,0,0,0,0,0,0,-1,2,0,0,0,1.12757,0
4,0,0,1,24626,26836.7,3581,21837,59207.9,26836.7,2.20623,0.453262,1,0,2,-1,0,0,0,0,0,0,-1,2,0,0,0,1.12757,0
4,0,0,1,45304,47514.7,4507,35157,70261.5,47514.7,1.47873,0.676255,1,0,1,0,0,0,0,0,0,0,-1,1,0,0,0,0.569744,0
4,1,2,12,138683,165211,7924,132456,210655,168103,1.25313,0.784272,0.982799,0,1,0,0,0,0,0,0,0,-1,1,0,1,1,0.569744,0
4,0,0,1,54734,56944.7,4834,39222,87130.9,56944.7,1.5301,0.653554,1,0,3,0,0,0,0,0,0,0,-1,1,0,0,0,0.569744,0
4,1,2,15,148638,181798,8358,154378,222611,260299,0.855215,0.816662,0.698421,0,1,0,0,0,0,0,0,0,-1,3,0,2,2,0.569744,0
4,0,0,2,72749,77170.4,5606,58184,105909,77170.4,1.37241,0.728647,1,0,1,0,8.06226,0.559017,8.06226,0.559017,0,0,-1,3,2,1,1,0.888112,0
4,1,0,31,183288,251819,7231,144389,249608,304979,0.818445,1.00886,0.825694,0,1,0,6.7082,0.901388,6.32456,0.559017,1.41421,0.5,0,3,2,2,2,0.888112,1
4,0,0,3,99613,106245,7452,88194,151403,106245,1.42504,0.701735,1,0,1,0,8.06226,0.559017,8.06226,0.559017,0,0,-1,3,2,1,1,0.888112,0
4,0,0,2,185335,189756,7971,142691,219811,187546,1.17204,0.863269,1.01179,0,1,0,8.06226,0.559017,8.06226,0.559017,0,0,-1,3,2,1,3,0.888112,0
4,0,0,2,81869,86290.4,5530,57158,163221,84079.7,1.94127,0.52867,1.02629,0,5,0,5.83095,0.559017,5.83095,0.559017,0,0,-1,3,2,1,2,0.979167,0
4,0,0,1,33138,35348.7,3981,27845,64132.1,33138,1.93531,0.551185,1.06671,0,1,0,5.83095,0.559017,5.83095,0.559017,0,0,-1,3,2,0,0,0.979167,0
4,1,7,23,75905,126751,5694,146218,279073,222616,1.2536,0.454185,0.569369,0,2,0,5.83095,0.901388,6.7082,0.559017,0,0.5,1,1,2,2,3,0.979167,0
4,0,0,1,37663,39873.7,3987,26233,67295.8,39873.7,1.68773,0.592513,1,0,1,0,0,0,0,0,0,0,-1,3,0,0,0,0.979167,0
4,0,0,4,50601,59443.7,4856,42934,82103.5,59443.7,1.3812,0.72401,1,0,2,0,0,0,0,0,0,0,-1,3,0,0,0,0.988501,0
4,1,2,23,185124,235970,7688,122654,281868,267451,1.05391,0.837163,0.882292,0,3,0,1.41421,0.790569,3.16228,0.707107,1.41421,0.790569,0,1,2,2,2,0.988501,0
4,0,0,4,70396,79238.7,5123,50117,114833,79238.7,1.4492,0.690034,1,0,2,0,0,0.25,0,0.25,0,0,-1,3,2,0,0,0.988501,0
4,1,2,12,137918,164446,8565,106381,219805,171595,1.28095,0.748147,0.958341,0,1,0,0,0.25,0,0.25,0,0,-1,3,2,2,2,0.988501,0
4,0,0,1,167423,169634,9116,141188,193739,169634,1.1421,0.875578,1,0,3,0,8.06226,0.559017,8.06226,0.559017,0,0,-1,3,2,1,1,1.17898,1
4,0,0,5,32885,43938.4,3981,29057,89310,41727.7,2.1403,0.491976,1.05298,0,1,0,0,0,0,0,0,0,-1,3,0,0,1,1.17898,0
4,0,0,5,102566,113619,5935,68837,122179,111409,1.09667,0.929941,1.01984,0,2,0,2.23607,0.707107,2.23607,0.707107,0,0,-1,3,1,1,3,1.17898,1
4,0,0,2,27793,32214.4,3445,22883,63542.9,30003.7,2.11784,0.506971,1.07368,0,1,0,2.23607,0.707107,2.23607,0.707107,0,0,-1,3,1,0,2,1.17898,0
4,0,0,1,40398,42608.7,4179,32571,70084.2,42608.7,1.64483,0.607964,1,0,1,0,2.23607,0.707107,2.23607,0.707107,0,0,-1,3,1,0,0,0.705128,0
4,0,0,1,25777,27987.7,3434,22442,73743.9,27987.7,2.63487,0.379525,1,0,1,0,2.23607,0.707107,2.23607,0.707107,0,0,-1,3,1,1,1,0.705128,0
4,0,0,1,68429,70639.7,4868,46218,95728.2,70639.7,1.35516,0.737919,1,0,1,0,2.23607,0.707107,2.23607,0.707107,0,0,-1,3,1,1,1,0.705128,0
4,0,0,3,150455,157087,8248,126292,214040,154876,1.38201,0.733913,1.01427,0,1,0,4.12311,0.559017,4.12311,0.559017,0,0,-1,3,2,2,2,0.705128,0
4,0,0,5,62431,73484.4,4904,48142,125621,71273.7,1.76252,0.584967,1.03102,0,1,0,3,1.06066,3,1.06066,0,0,-1,3,2,0,0,0.5,0
4,0,0,2,33939,38360.4,4013,29299,61528.1,38360.4,1.60395,0.62346,1,0,1,0,0,0,0,0,0,0,-1,3,0,0,0,0.5,0
4,0,0,1,124607,126818,6048,74598,142388,126818,1.12278,0.890649,1,0,1,0,4.12311,0.559017,4.12311,0.559017,0,0,-1,3,2,0,0,0.5,0
4,0,0,4,67306,76148.7,5565,51675,117422,73938,1.58811,0.648507,1.0299,0,1,0,3,1.06066,3,1.06066,0,0,-1,3,2,0,0,0.5,0
4,0,0,3,32832,39464,4164,27956,69083.9,37253.4,1.85443,0.571248,1.05934,0,4,0,0,0.25,0,0.25,0,0,-1,3,2,0,0,0.729744,0
4,0,0,1,37259,39469.7,4275,34263,68956.8,39469.7,1.74708,0.572383,1,0,4,0,0,0.25,0,0.25,0,0,-1,3,2,0,0,0.729744,0
4,1,5,27,89884,149572,7587,107307,170864,224134,0.762332,0.875386,0.667335,0,2,0,10.4403,0.25,10.4403,0.25,0,0,-1,3,2,0,0,0.729744,0
4,1,1,17,67297,104879,6986,78378,177735,155165,1.14546,0.590085,0.675918,0,2,-1,0,0,0,0,0,0,-1,2,0,1,1,0.729744,0
4,0,0,2,58778,63199.4,4764,39916,91928.5,60988.7,1.5073,0.687484,1.03625,0,1,0,0,0.25,0,0.25,0,0,-1,3,2,0,2,0.879583,0
4,0,0,0,21891,21891,3021,17523,48902.1,21891,2.23389,0.447649,1,0,1,0,0,0.25,0,0.25,0,0,-1,3,2,0,1,0.879583,0
4,1,1,11,35765,60082.5,4963,41111,68141.2,96178.6,0.708486,0.881735,0.624697,0,1,-1,0,0,0,0,0,0,-1,2,0,1,1,0.879583,1
4,0,0,2,41256,45677.4,3853,30253,72205.5,43466.7,1.66117,0.632602,1.05086,0,1,-1,0,0,0,0,0,0,-1,2,0,0,1,0.879583,0
4,1,4,14,90915,121864,5310,60698,256805,155283,1.65378,0.474541,0.784788,0,3,0,2.23607,0.707107,2.23607,0.707107,0,0,-1,3,1,0,0,0.939394,0
4,0,0,3,180523,187155,7726,116980,191330,187155,1.02231,0.978178,1,0,1,0,4.12311,0.559017,4.12311,0.559017,0,0,-1,3,2,2,2,0.939394,0
4,2,0,23,81720,132566,6664,66738,160672,132566,1.21202,0.82507,1,0,3,0,8,0.25,8,0.25,0,0,-1,3,2,0,0,0.939394,0
4,1,5,25,256827,312094,8291,115747,338712,321584,1.05326,0.921414,0.97049,0,1,-1,0,0,0,0,0,0,-1,2,0,2,2,0.939394,0
4,0,0,3,114469,121101,6612,82026,161578,118890,1.35905,0.749491,1.01859,0,3,0,3,1.06066,3,1.06066,0,0,-1,3,2,0,0,1.11538,0
4,0,0,3,115550,122182,5158,50966,210626,122182,1.72387,0.580089,1,0,1,0,4.12311,0.559017,4.12311,0.559017,0,0,-1,3,2,2,2,1.11538,0
4,1,5,10,152655,174762,5257,66463,230408,178703,1.28933,0.758489,0.977943,0,1,0,3,1.06066,3,1.06066,0,0,-1,3,2,2,2,1.11538,0
4,1,0,17,161323,198905,6052,71746,196694,292246,0.673043,1.01124,0.680607,0,5,-1,0,0,0,0,0,0,-1,2,0,2,2,1.11538,0
3,1,2,28,55232,80779.2,5893,61629,92707.2,157007,0.590467,0.871337,0.514496,0,1,0,14.5602,0.353553,14.5602,0.353553,0,0,-1,3,2,1,1,1.34238,0
3,1,0,36,129087,161933,7374,95414,161933,283820,0.57055,1,0.57055,0,1,0,17.72,1.06066,15.8114,0.707107,2.23607,0.353553,0,3,2,1,1,1.34238,0
3,1,7,16,59615,74213.4,6239,63089,108698,91308.4,1.19044,0.682751,0.812777,0,1,0,19.6469,0.559017,19.6469,0.559017,0,0,-1,3,2,0,0,1.34238,0
3,1,7,23,83613,104598,5850,62270,123566,108422,1.13968,0.846495,0.964734,0,1,0,18.6815,1.06066,19.6469,1.06066,1,0,0,3,2,2,2,1.34238,0
3,0,0,5,106207,110769,5657,55549,118981,110769,1.07413,0.930984,1,0,1,0,0,0,0,0,0,0,-1,3,0,0,0,0.40625,0
3,0,0,1,119913,120825,6112,72272,132687,120825,1.09817,0.910607,1,0,1,0,0,0,0,0,0,0,-1,3,0,1,1,0.40625,0
3,0,0,3,85006,87743.2,5200,46284,98263.6,87743.2,1.1199,0.892937,1,0,1,0,0,0,0,0,0,0,-1,3,0,0,0,0.40625,0
3,0,0,3,103390,106127,5654,61950,119652,106127,1.12744,0.886965,1,0,1,0,1,0.25,1,0.25,0,0,-1,3,2,0,0,0.40625,0
3,0,0,1,121164,122076,5994,69578,136675,122076,1.11958,0.893189,1,0,1,0,0,0,0,0,0,0,-1,3,0,0,0,0.589744,0
3,0,0,3,156494,159231,7096,88484,172917,159231,1.08595,0.920852,1,0,1,1,0,0.25,0,0.25,0,0,-1,3,2,0,0,0.589744,0
3,1,6,20,174090,192338,8156,116286,200984,199079,1.00957,0.956984,0.96614,0,1,-1,0,0,0,0,0,0,-1,2,0,0,0,0.589744,0
3,0,0,1,167072,167984,7650,96586,176690,167984,1.05182,0.950732,1,0,1,0,0,0,0,0,0,0,-1,3,0,1,1,0.589744,0
3,0,0,1,125141,126053,6554,77020,138721,126053,1.10049,0.908684,1,0,1,1,0,0.25,0,0.25,0,0,-1,3,2,1,1,0.47619,0
3,0,0,1,104802,105714,6210,69898,117225,105714,1.10888,0.901809,1,0,1,1,0,0.25,0,0.25,0,0,-1,3,2,0,0,0.47619,0
3,0,0,1,220108,221020,9266,143830,230149,221020,1.0413,0.960334,1,0,1,0,0,0,0,0,0,0,-1,3,0,1,1,0.47619,0
3,0,0,1,65170,66082.4,5197,47903,78082.6,66082.4,1.18159,0.846314,1,0,1,0,0,0,0,0,0,0,-1,3,0,0,0,0.47619,0
3,0,0,1,17425,18337.4,3118,15422,27045,18337.4,1.47485,0.678033,1,0,2,0,0,0,0,0,0,0,-1,3,0,0,0,0.269231,0
3,0,0,1,33742,34654.4,3980,26128,47429,34654.4,1.36863,0.730658,1,0,2,0,0,0,0,0,0,0,-1,3,0,0,0,0.269231,0
3,1,5,48,37792,81587.2,5536,93112,93879.8,123311,0.761323,0.86906,0.661635,0,5,1,0,0.353553,0,0.353553,0,0,1,1,2,1,1,0.269231,0
3,1,0,10,39286,48410,3947,26369,47497.6,113769,0.41749,1.01921,0.42551,0,1,0,0,0,0,0,0,0,1,1,0,1,1,0.269231,0
3,1,2,10,71595,80719,5658,53046,119773,89374,1.34013,0.673935,0.90316,0,1,-1,0,0,0,0,0,0,-1,2,0,0,0,0.739583,0
3,2,0,24,102902,124800,7948,104916,138624,124800,1.11078,0.900271,1,0,17,0,18.6815,1.06066,18.6815,1.06066,0,0,-1,3,2,1,1,0.739583,0
3,3,0,260,321209,558433,19819,651425,608218,635602,0.956917,0.918146,0.878589,0,45,-1,0,0,0,0,0,0,-1,0,0,2,2,0.739583,1
3,2,1,86,147559,226025,7947,111921,280151,268186,1.04462,0.806798,0.842793,1,5,-1,0,0,0,0,0,0,-1,2,0,1,2,0.739583,1
3,2,6,32,96691,125888,8643,116083,164955,151408,1.08947,0.763166,0.83145,0,3,0,18.0278,0.75,18.0278,0.75,0,0,-1,3,2,2,2,0.998974,0
3,0,0,6,36806,42280.4,3895,24535,44098.4,42280.4,1.043,0.958774,1,0,1,0,0,0,0,0,0,0,-1,3,0,0,0,0.998974,0
3,0,0,3,39930,42667.2,3984,31386,50679.6,41754.8,1.21374,0.841901,1.02185,0,1,0,1,0.25,1,0.25,0,0,-1,3,2,1,2,0.998974,0
3,0,0,3,37569,40306.2,4415,33219,48968.4,40306.2,1.21491,0.823106,1,0,1,0,0,0,0,0,0,0,-1,3,0,0,0,0.998974,0
3,0,0,4,164282,167932,7972,102630,176143,167932,1.0489,0.953381,1,0,4,0,0,0,0,0,0,0,-1,3,0,1,1,1.15789,0
3,0,0,1,206190,207102,8332,119096,216116,207102,1.04352,0.958294,1,0,4,0,0,0,0,0,0,0,-1,3,0,1,1,1.15789,0
3,2,0,82,109050,183867,9509,190167,183867,184035,0.999087,1,0.999087,1,3,-1,0,0,0,0,0,0,-1,2,0,2,2,1.15789,1
3,2,4,202,235775,420080,10480,210218,474418,521601,0.909543,0.885463,0.805367,2,1,-1,0,0,0,0,0,0,-1,2,0,2,3,1.15789,1
3,1,0,26,196841,220563,8847,134893,220563,250791,0.87947,1,0.87947,0,1,1,0,0.353553,0,0.559017,0,0.25,1,3,2,2,2,1.24862,0
3,0,0,1,26621,27533.4,3820,23814,35133,27533.4,1.27601,0.78369,1,0,1,1,0,0.353553,0,0.353553,0,0,-1,3,2,0,0,1.24862,0
3,2,4,112,136749,238938,9491,174791,532415,490559,1.08532,0.448781,0.487073,1,1,1,0,0.353553,0,0.353553,0,0,-1,3,2,2,3,1.24862,0
3,3,0,114,89474,193488,6675,139021,217017,289390,0.749914,0.891576,0.668606,2,1,-1,0,0,0,0,0,0,-1,0,0,1,1,1.24862,1
3,0,0,1,32667,33579.4,3232,17602,40878.6,33579.4,1.21737,0.821442,1,0,6,0,0,0,0,0,0,0,-1,1,0,1,1,0.884111,0
3,2,1,89,121286,202490,6221,73557,215617,220911,0.976038,0.939115,0.916613,1,1,-1,0,0,0,0,0,0,-1,2,0,2,2,0.884111,1
3,2,1,53,151931,200288,8483,122735,238328,235001,1.01416,0.840388,0.852285,0,4,0,0,0,0,0,0,0,-1,3,0,2,2,0.884111,1
3,2,4,47,128851,171734,9617,169127,176434,235016,0.750731,0.97336,0.730732,0,5,0,20.5183,0.5,20.5183,0.5,0,0,-1,3,1,1,4,0.884111,0
3,0,0,5,48502,53064,3737,29571,53846.2,53064,1.01474,0.985473,1,0,1,0,20.5183,0.5,20.5183,0.5,0,0,-1,3,1,2,3,1.22419,0
3,2,6,26,50538,74260.4,5652,61546,111033,106854,1.03911,0.668811,0.694968,1,2,0,20.5183,0.5,20.5183,0.5,0,0,-1,3,1,1,1,1.22419,1
3,2,7,41,125564,162972,8683,122865,192154,191867,1.00149,0.848136,0.849403,0,3,0,20.5183,0.5,20.5183,0.5,0,0,-1,3,1,2,3,1.22419,1
3,0,0,4,49907,53556.6,4576,31370,60729.8,51731.8,1.17394,0.881883,1.03527,0,1,0,0,0,0,0,0,0,-1,1,0,1,4,1.22419,0
3,1,2,43,139789,179022,8685,199325,258090,265041,0.973775,0.693641,0.675451,0,3,-1,0,0,0,0,0,0,-1,2,0,2,2,0.925481,0
3,2,1,38,116798,151469,7010,85206,169399,178711,0.947894,0.894154,0.847563,1,1,-1,0,0,0,0,0,0,-1,2,0,2,2,0.925481,0
3,0,0,5,46232,50794,4310,30948,59014.8,49881.6,1.1831,0.860699,1.01829,0,1,0,0,0,0,0,0,0,-1,3,0,0,0,0.925481,0
3,0,0,2,35017,36841.8,3785,26083,41571.6,36841.8,1.12838,0.886225,1,0,1,0,0,0,0,0,0,0,-1,3,0,0,0,0.925481,0
3,2,0,43,131932,171165,7768,118996,174568,171165,1.01988,0.980508,1,0,2,-1,0,0,0,0,0,0,-1,2,0,2,4,1.18429,1
3,2,4,46,86971,128941,7816,119338,181771,181842,0.999606,0.709363,0.709083,0,24,0,1,0.25,1,0.25,0,0,-1,3,2,1,5,1.18429,0
3,0,0,2,30419,32243.8,4051,28243,40834.8,32243.8,1.26644,0.789616,1,0,1,0,0,0,0,0,0,0,-1,3,0,0,2,1.18429,0
3,0,0,3,25073,27810.2,3578,22866,32284.4,26897.8,1.20026,0.861413,1.03392,0,1,0,0,0,0,0,0,0,-1,3,0,0,1,1.18429,0
3,2,2,50,72112,117732,4647,33667,135658,176251,0.769686,0.867859,0.667979,0,1,-1,0,0,0,0,0,0,-1,2,0,0,2,1.0609,1
3,1,0,25,19282,42092,2683,9859,41179.6,50598.2,0.813855,1.02216,0.831888,0,2,0,52.1728,0.790569,53.1601,0.559017,3,0.75,1,3,2,2,6,1.0609,0
3,1,6,11,45918,55954.4,5415,42521,112309,73958.2,1.51855,0.498217,0.756568,0,3,-1,0,0,0,0,0,0,-1,2,0,0,2,1.0609,0
3,0,0,6,36059,41533.4,3778,23856,50391.2,41533.4,1.21327,0.824219,1,0,1,0,52.1728,0.790569,52.1728,0.790569,0,0,-1,3,2,0,1,1.0609,0
3,2,0,16,22093,36691.4,5290,46230,51051.2,35779,1.42685,0.718718,1.0255,0,5,0,52.1728,0.790569,52.1728,0.790569,0,0,-1,3,2,2,3,1.49536,0
3,1,0,48,24396,68191.2,2985,16659,67278.8,115791,0.581037,1.01356,0.588916,0,1,0,46.4866,0.559017,41.5933,0.353553,7.61577,0.75,0,3,2,1,3,1.49536,0
3,2,0,11,28268,38304.4,3927,31787,46830,38304.4,1.22258,0.817946,1,0,3,0,52.1728,0.790569,52.1728,0.790569,0,0,-1,3,2,1,1,1.49536,0
3,1,7,40,91044,127540,7989,109805,180664,201494,0.896625,0.70595,0.632972,0,2,0,50.01,0.5,47.676,0.790569,2.23607,1.06066,0,3,1,0,0,1.49536,0
3,0,0,3,41225,43962.2,3453,19717,50349,43962.2,1.14528,0.873149,1,0,2,0,0,0,0,0,0,0,-1,1,0,1,2,1.45917,0
3,1,2,19,54806,72141.6,4384,31062,119413,123404,0.967661,0.604135,0.584598,0,2,0,0,0,0,0,0,0,-1,1,0,1,1,1.45917,0
3,0,0,3,41543,44280.2,4070,27262,53093.6,44280.2,1.19904,0.834003,1,0,2,0,0,0,0,0,0,0,-1,1,0,2,2,1.45917,0
3,1,6,9,57361,65572.6,4486,54236,76098.6,88091.6,0.863858,0.861679,0.744368,0,1,0,0,0,0,0,0,0,-1,1,0,1,1,1.45917,0
3,2,6,158,261008,405167,12379,277231,446566,520522,0.85792,0.907295,0.778386,2,5,-1,0,0,0,0,0,0,-1,2,0,2,4,1.57407,1
3,1,1,55,166489,216671,8377,144287,277900,602627,0.461148,0.779672,0.359544,0,57,0,19.4165,0.25,16.6433,0.75,2.82843,0.5,0,3,2,2,4,1.57407,0
3,1,1,56,136493,187587,7586,153876,192126,251385,0.76427,0.976378,0.746217,0,7,0,22.2036,0.790569,25.807,0.559017,3.60555,0.559017,1,3,2,2,4,1.57407,0
3,1,1,31,62017,90301.4,5251,47935,101949,137642,0.740686,0.885747,0.656061,0,3,0,18.3576,0.5,17.8885,0.75,1,0.25,1,3,1,2,3,1.57407,0
3,1,1,57,45765,97771.8,4866,53582,101146,246668,0.410049,0.96664,0.39637,0,1,0,16.2788,0.559017,13.6015,0.901388,4.12311,0.790569,0,3,2,2,4,1.63352,0
3,1,4,16,73400,87998.4,7009,81755,96186.8,98336.4,0.97814,0.91487,0.894871,0,2,0,19.8494,0.25,19.8494,0.25,0,0,-1,3,2,1,2,1.63352,1
3,2,5,56,168379,219473,9690,198358,220197,323512,0.680644,0.996716,0.678409,0,30,0,13.6015,0.353553,13.0384,0.353553,1,0,1,3,2,2,2,1.63352,0
3,1,6,12,30205,41153.8,4492,33414,46842.8,73263.4,0.639375,0.878551,0.561724,0,1,0,0,0,0,0,0,0,-1,1,0,1,3,1.63352,0
3,0,0,2,20107,21931.8,2945,15509,31055.8,21019.4,1.47748,0.706206,1.04341,0,5,-1,0,0,0,0,0,0,-1,2,0,0,0,0.961623,0
3,2,0,34,38089,69110.6,5211,42239,77322.2,69110.6,1.11882,0.8938,1,0,1,-1,0,0,0,0,0,0,-1,2,0,2,2,0.961623,1
3,0,0,1,22473,23385.4,3355,19491,36550.4,23385.4,1.56296,0.639812,1,0,1,-1,0,0,0,0,0,0,-1,2,0,0,0,0.961623,0
3,0,0,1,23062,23974.4,3339,20115,34137.2,23974.4,1.4239,0.702295,1,0,1,-1,0,0,0,0,0,0,-1,2,0,0,2,0.961623,0
3,2,1,26,60020,83742.4,5445,57355,144244,104869,1.37547,0.580561,0.798541,1,2,0,50.01,0.5,50.01,0.5,0,0,-1,3,1,1,2,1.44057,0
3,0,0,6,43007,48481.4,4227,41767,67705,48481.4,1.39652,0.716068,1,0,2,0,52.1728,0.790569,52.1728,0.790569,0,0,-1,3,2,1,1,1.44057,1
3,0,0,1,21108,22020.4,3278,19582,32056.8,22020.4,1.45578,0.686918,1,0,2,-1,0,0,0,0,0,0,-1,2,0,0,1,1.44057,0
3,0,0,1,25922,26834.4,3615,21947,38695.6,26834.4,1.44201,0.693474,1,0,2,-1,0,0,0,0,0,0,-1,2,0,0,2,1.44057,0
3,0,0,3,47531,50268.2,4662,39142,64736.4,50268.2,1.28782,0.776506,1,0,5,0,0,0,0,0,0,0,-1,1,0,1,2,1.57081,0
3,1,6,48,87297,131092,5681,76275,133438,199178,0.669945,0.98242,0.658167,0,1,-1,0,0,0,0,0,0,-1,2,0,2,2,1.57081,0
3,0,0,2,48188,50012.8,4685,38149,62365.8,49100.4,1.27017,0.801927,1.01858,0,2,-1,0,0,0,0,0,0,-1,2,0,0,1,1.57081,0
3,2,6,95,130841,217519,8706,118210,285691,265210,1.07723,0.761379,0.820177,0,6,-1,0,0,0,0,0,0,-1,2,0,2,2,1.57081,1
3,2,1,44,53053,93198.6,6664,71688,94614.4,109741,0.862164,0.985036,0.849263,0,1,0,19.7231,0,19.7231,0.75,0,0.75,1,1,0,2,2,1.82544,1
3,0,0,3,147037,149774,7881,132395,173419,148862,1.16497,0.863655,1.00613,0,2,0,18.868,0.25,18.868,0.25,0,0,-1,3,2,2,3,1.82544,0
3,3,0,71,131699,196479,10432,198416,254293,248270,1.02426,0.772651,0.791394,0,10,-1,0,0,0,0,0,0,-1,0,0,2,5,1.82544,1
3,2,2,68,85187,147230,7025,79427,163949,160011,1.02461,0.898023,0.920126,0,1,0,24.0832,0.559017,24.0832,0.559017,0,0,-1,3,2,1,3,1.82544,1
3,2,1,137,159191,284190,10548,185206,344005,343804,1.00058,0.826122,0.826604,2,23,0,17.088,0.790569,16.1245,0.559017,4,0.25,0,3,2,2,2,1.5925,1
3,0,0,4,28218,31867.6,3702,26594,42336.4,30955.2,1.36767,0.752723,1.02947,0,1,0,0,0,0,0,0,0,-1,3,0,0,1,1.5925,0
3,2,2,23,39404,60389.2,4719,42279,64522.8,74172.8,0.869898,0.935936,0.814169,0,3,0,24.0832,0.559017,24.0832,0.559017,0,0,-1,3,2,1,4,1.5925,0
3,0,0,5,44544,49106,5066,39714,55311.8,48193.6,1.1477,0.887803,1.01893,0,2,0,0,0,0,0,0,0,-1,3,0,1,2,1.5925,0
3,0,0,3,57136,59873.2,5152,44640,73348.2,58960.8,1.24402,0.816287,1.01547,0,1,0,0,0,0,0,0,0,-1,3,0,0,0,0.2,0
3,0,0,2,25837,27661.8,3672,22820,37964.2,27661.8,1.37244,0.728628,1,0,2,0,0,0,0,0,0,0,-1,3,0,0,0,0.2,0
3,0,0,2,43686,45510.8,4087,32357,63242.8,45510.8,1.38962,0.71962,1,0,2,0,0,0,0,0,0,0,-1,3,0,0,0,0.2,0
3,0,0,2,92046,93870.8,5245,50555,97365.4,92958.4,1.04741,0.964108,1.00982,0,2,0,0,0,0,0,0,0,-1,3,0,0,0,0.2,0
3,1,7,38,51317,85988.2,5432,47492,106006,117015,0.905918,0.811165,0.734849,0,2,-1,0,0,0,0,0,0,-1,2,0,1,1,1.57542,0
3,2,2,73,190254,256859,9112,140656,278556,351877,0.791628,0.92211,0.729968,0,2,0,6.7082,0.707107,10.2956,0.559017,3.60555,0.75,0,3,1,2,4,1.57542,0
3,1,7,10,71518,80642,7256,127984,131148,109060,1.20253,0.614891,0.739426,0,1,0,0,0,0,0,0,0,-1,3,0,1,1,1.57542,0
3,1,6,20,75474,93722,6100,64626,121059,109272,1.10786,0.774187,0.857695,0,1,-1,0,0,0,0,0,0,-1,2,0,2,2,1.57542,1
3,1,2,16,56707,71305.4,7227,96479,93458.6,80710.8,1.15794,0.762962,0.883468,0,7,-1,0,0,0,0,0,0,-1,2,0,1,4,1.73912,0
3,1,6,11,40695,50731.4,5302,48648,80200.2,55437,1.44669,0.632559,0.915118,0,2,-1,0,0,0,0,0,0,-1,2,0,0,3,1.73912,0
3,0,0,3,50230,52967.2,5059,40867,66780.4,52054.8,1.28289,0.793155,1.01753,0,1,0,6.7082,0.5,6.7082,0.5,0,0,-1,3,1,2,3,1.73912,0
3,0,0,2,30035,31859.8,3699,26773,41026.8,31859.8,1.28773,0.776561,1,0,1,0,6.7082,0.5,6.7082,0.5,0,0,-1,3,1,0,0,1.73912,0
3,0,0,2,16183,18007.8,2951,14431,25547.8,18007.8,1.41871,0.704867,1,0,1,0,5.83095,0.790569,5.83095,0.790569,0,0,-1,3,2,0,1,1.23953,0
3,1,4,23,51409,72394.2,4335,36549,73211.8,121879,0.600694,0.988832,0.593985,0,1,0,5.83095,0.790569,5.83095,0.790569,0,0,-1,3,2,1,1,1.23953,1
3,0,0,3,27380,30117.2,3545,26737,38328.8,30117.2,1.27265,0.785759,1,0,5,0,0,0,0,0,0,0,-1,1,0,0,0,1.23953,0
3,1,5,11,30304,40340.4,4496,42168,55556.8,47345.2,1.17344,0.726111,0.852048,0,2,0,0,0,0,0,0,0,-1,1,0,0,2,1.23953,0
3,0,0,2,41028,42852.8,4435,34943,51976.8,41940.4,1.2393,0.82446,1.02175,0,2,0,0,0,0,0,0,0,-1,1,0,0,1,1.22104,0
3,1,5,28,40375,65922.2,4576,37280,74629,123883,0.602415,0.883332,0.532133,0,1,0,0,0,0,0,0,0,-1,1,0,1,1,1.22104,0
3,2,2,67,117629,178760,7024,91984,228063,218506,1.04374,0.783817,0.818099,0,5,0,0,0,0,0,0,0,-1,1,0,2,3,1.22104,1
3,2,0,45,216356,257414,11556,267722,257414,302572,0.850753,1,0.850753,0,2,0,8.544,0.901388,8.94427,0.901388,8.06226,0.353553,0,3,2,2,3,1.22104,0
3,0,0,1,39023,39935.4,3445,20337,52207.8,39935.4,1.30731,0.764932,1,0,1,0,1,0.5,1,0.5,0,0,-1,3,1,0,0,1.14583,0
3,3,0,72,41476,107169,26958,878902,121043,114612,1.05611,0.885378,0.935056,0,1,-1,0,0,0,0,0,0,-1,0,0,1,1,1.14583,0
3,0,0,1,24862,25774.4,3208,21622,35664.4,25774.4,1.38371,0.722693,1,0,1,0,1,0.5,1,0.5,0,0,-1,3,1,0,0,1.14583,0
3,1,0,16,27272,41870.4,3368,18896,41870.4,47945.2,0.873297,1,0.873297,0,1,1,0,0,0,0,0,0,1,1,0,1,1,1.14583,0
3,2,0,101,272868,365020,8457,127491,365020,385449,0.947001,1,0.947001,0,4,0,10.4403,0.707107,12.3693,0.559017,1,0.75,1,1,1,1,3,1.30582,1
3,2,4,47,109236,152119,7670,109678,153586,179544,0.855426,0.990444,0.847252,0,6,0,8.544,0.901388,8.544,0.901388,0,0,-1,1,2,2,4,1.30582,0
3,3,0,100,127572,218812,6813,86937,237502,247141,0.960998,0.921307,0.885375,0,7,-1,0,0,0,0,0,0,-1,0,0,1,3,1.30582,1
3,2,1,37,134655,168414,6575,80955,200726,195734,1.0255,0.839024,0.86042,0,1,0,11.0454,0.901388,14,1.06066,3.16228,0.75,1,3,2,1,3,1.30582,0
3,2,5,44,114423,154569,8494,125998,163383,187927,0.869395,0.946052,0.822493,0,4,0,8.24621,0.75,8.06226,1.06066,1,0.25,0,3,2,1,1,1.1683,0
3,0,0,4,32944,36593.6,3668,31066,43467.8,35681.2,1.21823,0.841855,1.02557,0,1,-1,0,0,0,0,0,0,-1,2,0,1,1,1.1683,0
3,2,1,40,113437,149933,6333,68063,180845,217937,0.829803,0.829071,0.687965,0,9,0,15.1327,0.559017,15,0.353553,3,0.25,0,1,2,2,2,1.1683,0
3,1,6,22,89010,109083,4964,87246,138312,153513,0.900982,0.78867,0.710577,0,1,0,16.4924,0.75,16.4924,0.75,0,0,-1,3,2,1,1,1.1683,1
4,1,5,21,139283,185707,6865,107239,203191,357326,0.568643,0.913955,0.519714,0,1,1,1,0.790569,1.41421,0.901388,1,0.901388,1,1,2,0,0,0.333333,0
4,1,4,25,204409,259676,8686,160078,262531,329789,0.796058,0.989125,0.787401,0,1,1,0,0.707107,1,0.790569,0,0.790569,1,1,1,0,0,0.333333,0
4,1,6,13,210840,239579,8727,137797,257125,244452,1.05184,0.931762,0.980063,0,1,0,1,0.25,1,0.25,0,0,-1,3,2,0,0,0.333333,0
4,0,0,4,205086,213929,8141,115781,222771,213929,1.04133,0.960306,1,0,1,1,1,0.559017,1,0.559017,0,0,-1,1,2,0,0,0.333333,0
4,0,0,4,142146,150989,6673,79773,173072,148778,1.16329,0.872403,1.01486,0,1,1,1,0.353553,1,0.353553,0,0,-1,3,2,0,0,0.333333,0
4,0,0,1,118113,120324,6127,68919,149010,120324,1.23841,0.807488,1,0,1,1,1,0.353553,1,0.353553,0,0,-1,3,2,0,0,0.333333,0
4,0,0,5,312340,323393,10682,188808,339867,323393,1.05094,0.951529,1,0,1,1,1,0.559017,1,0.559017,0,0,-1,3,2,0,0,0.333333,1
4,0,0,2,89472,93893.4,5680,62420,122118,91682.7,1.33197,0.768873,1.02411,0,1,1,1,0.353553,1,0.353553,0,0,-1,3,2,0,1,0.333333,0
4,0,0,4,94995,103838,5810,57118,143906,103838,1.38587,0.721569,1,0,2,0,9.21954,1.06066,9.21954,1.06066,0,0,-1,3,2,0,0,0.508814,0
4,0,0,1,124754,126965,6919,94065,175006,124754,1.40281,0.725489,1.01772,0,1,0,9.21954,1.06066,9.21954,1.06066,0,0,-1,3,2,0,0,0.508814,0
4,1,1,61,467042,601893,15892,430824,711758,835146,0.852255,0.845644,0.720704,0,1,0,7.28011,1.06066,5.38516,1.06066,2,0,1,3,2,2,2,0.508814,0
4,1,1,15,110961,144121,6743,80467,159415,146092,1.0912,0.90406,0.986509,0,1,0,9.21954,1.06066,9.21954,1.06066,0,0,-1,3,2,1,1,0.508814,0
4,1,2,17,251294,288876,10181,191691,295609,316592,0.933723,0.97722,0.912453,0,4,1,0,0.5,0,0.559017,0,0.25,1,1,1,0,0,1.00004,0
4,0,0,4,245442,254285,9593,159951,264319,254285,1.03946,0.962037,1,0,2,1,1,0.559017,1,0.559017,0,0,-1,3,2,0,0,1.00004,0
4,2,2,130,227943,515331,11357,266339,549219,528110,1.03997,0.938299,0.975804,1,1,-1,0,0,0,0,0,0,-1,2,0,2,2,1.00004,1
4,1,4,38,250882,334888,17267,850591,632588,741395,0.85324,0.529393,0.4517,0,1,0,1,0.25,1,0.25,0,0,-1,3,2,2,3,1.00004,1
4,0,0,2,272517,276938,10162,189714,293804,274728,1.06944,0.942594,1.00805,0,1,1,1,0.559017,1,0.559017,0,0,-1,3,2,1,3,1.26071,0
4,0,0,1,28349,30559.7,3885,24353,47925.1,30559.7,1.56825,0.637655,1,0,1,1,1,0.559017,1,0.559017,0,0,-1,3,2,0,1,1.26071,0
4,2,1,70,302478,457225,16807,501257,680143,514735,1.32134,0.672249,0.888273,1,5,1,1,0.559017,1,0.559017,0,0,1,1,2,1,2,1.26071,1
4,1,0,12,56295,82823.1,3705,35913,80612.5,129364,0.623143,1.02742,0.640231,0,1,0,1,0.25,1,0.5,1,0.25,1,1,2,1,2,1.26071,1
4,0,0,3,35749,42381,3194,17332,59140.8,42381,1.39545,0.716613,1,0,2,1,1,0.353553,1,0.353553,0,0,-1,3,2,0,0,0.616364,0
4,1,2,15,125028,158188,7337,121493,229485,188636,1.21655,0.689319,0.838589,0,1,0,0,0,0,0,0,0,-1,3,0,2,2,0.616364,1
4,1,2,28,144618,206517,9225,163839,339949,301055,1.12919,0.607493,0.685977,0,2,0,0,0,0,0,0,0,0,3,0,2,2,0.616364,1
4,0,0,4,107479,116322,6492,74778,127286,114111,1.11546,0.913863,1.01937,0,1,0,10.6301,0.559017,10.6301,0.559017,0,0,-1,3,2,0,3,0.616364,0
4,0,0,2,168842,173263,6967,112389,203929,171053,1.1922,0.849628,1.01292,0,2,0,10.6301,0.559017,10.6301,0.559017,0,0,-1,3,2,1,2,0.886364,1
4,0,0,3,29680,36312,3521,20417,55277.1,34101.4,1.62097,0.656909,1.06483,0,1,1,0,0.25,0,0.25,0,0,-1,1,2,1,2,0.886364,0
4,1,1,34,157259,232422,8921,167939,281514,238266,1.18151,0.825616,0.975474,0,1,0,1,0.75,2,0.5,1,0.75,1,3,2,2,5,0.886364,1
4,0,0,2,49997,54418.4,4233,27645,74314.5,52207.7,1.42344,0.732271,1.04234,0,1,1,0,0.25,0,0.25,0,0,-1,1,2,0,2,0.886364,0
4,1,2,28,233063,294962,9387,172553,358315,309556,1.15752,0.823191,0.952856,0,1,0,1,0.25,1,0.25,0,0,-1,3,2,1,1,0.666667,1
4,1,1,15,140443,173603,8302,156164,209352,175519,1.19276,0.829242,0.989083,0,1,0,3,0.559017,3,0.559017,0,0,-1,3,2,1,2,0.666667,1
4,0,0,2,52750,57171.4,4514,35032,80547.8,54960.7,1.46555,0.709782,1.04022,0,1,0,1,0.25,1,0.25,0,0,-1,3,2,0,2,0.666667,0
4,0,0,1,35241,37451.7,3666,24804,65473.5,35241,1.85788,0.572013,1.06273,0,1,0,1,0.25,1,0.25,0,0,-1,3,2,0,3,0.666667,0
4,1,2,35,311287,388661,10505,278995,403846,403892,0.999886,0.962397,0.962288,0,5,0,1.41421,0.5,3.60555,0.75,1.41421,0.901388,0,3,1,2,3,1.08677,1
4,1,0,9,101477,121373,6234,67404,119162,120031,0.992762,1.01855,1.01118,0,1,0,0,0,0,0,0,0,1,1,0,0,1,1.08677,0
4,0,0,2,30953,35374.4,3932,27938,57347.1,33163.7,1.72922,0.616846,1.06666,0,1,0,1,0.25,1,0.25,0,0,-1,3,2,0,3,1.08677,0
4,0,0,1,27480,29690.7,3839,24665,48624.5,29690.7,1.6377,0.610612,1,0,1,0,1,0.25,1,0.25,0,0,-1,3,2,0,1,1.08677,0
4,0,0,3,28562,35194,3560,23810,52879.5,35194,1.50251,0.665552,1,0,2,-1,0,0,0,0,0,0,-1,2,0,1,1,0.538462,0
4,1,0,32,101193,171935,6693,102787,171935,309273,0.555933,1,0.555933,0,2,0,25.7099,0.25,50.448,0.559017,25.7099,0.353553,1,1,2,1,1,0.538462,0
4,0,0,1,48889,51099.7,4548,35700,81949.2,51099.7,1.60371,0.623553,1,0,1,0,1,0.25,1,0.25,0,0,-1,3,2,0,0,0.538462,0
4,1,7,13,67569,96307.8,4358,30922,164497,139056,1.18296,0.585468,0.692584,0,1,-1,0,0,0,0,0,0,-1,2,0,0,0,0.538462,0
4,0,0,2,31150,35571.4,3444,20204,82766.3,35571.4,2.32677,0.429781,1,0,1,0,26.6833,0.25,26.6833,0.25,0,0,-1,3,2,1,4,1.12265,0
4,1,6,16,176249,211620,7798,130432,267008,295591,0.903302,0.792561,0.715922,0,2,0,20.5913,0.5,20.5913,0.5,0,0,-1,3,1,0,3,1.12265,1
4,0,0,3,30160,36792,4049,25155,71480.9,36792,1.94284,0.514712,1,0,1,0,25.4951,0.75,25.4951,0.75,0,0,-1,3,2,0,0,1.12265,0
4,1,6,15,99849,133009,5787,59039,233997,217292,1.07688,0.568422,0.612122,0,5,0,25.4951,0.75,25.4951,0.75,0,0,-1,3,2,0,2,1.12265,0
4,1,6,42,284262,377110,10409,237361,398432,406487,0.980183,0.946486,0.92773,0,2,-1,0,0,0,0,0,0,-1,2,0,2,4,1.27632,0
4,0,0,2,201487,205908,7865,135005,252665,203698,1.24039,0.814947,1.01085,0,2,0,8.60233,0.25,8.60233,0.25,0,0,-1,3,2,1,2,1.27632,0
4,0,0,3,188353,194985,8355,157779,227058,192774,1.17784,0.858744,1.01147,0,3,0,8.60233,0.25,8.60233,0.25,0,0,-1,3,2,1,1,1.27632,0
4,1,0,17,93614,131196,5506,71260,131196,148527,0.883309,1,0.883309,0,2,0,9.43398,0.25,8.94427,0.5,0,0.75,1,3,2,1,1,1.27632,0
4,0,0,2,87117,91538.4,9672,209210,128505,89327.7,1.43858,0.712335,1.02475,0,2,0,8.60233,0.25,8.60233,0.25,0,0,-1,3,2,1,3,1.31818,0
4,0,0,1,48944,51154.7,4299,38373,82265.2,51154.7,1.60817,0.621826,1,0,2,0,8.60233,0.25,8.60233,0.25,0,0,-1,3,2,1,2,1.31818,0
4,0,0,4,180287,189130,8817,156569,262812,189130,1.38958,0.719639,1,0,2,0,6.40312,0.707107,6.40312,0.707107,0,0,-1,3,1,1,1,1.31818,0
4,0,0,4,29837,38679.7,3988,25634,82883.6,36469,2.27271,0.466675,1.06062,0,2,0,0,0,0,0,0,0,-1,3,0,0,0,1.31818,0
4,0,0,4,52284,61126.7,3688,26646,90668.2,61126.7,1.48328,0.67418,1,0,1,0,26.6833,0.25,26.6833,0.25,0,0,-1,3,2,1,1,0.791448,0
4,0,0,3,27512,34144,3546,21304,42371.4,34144,1.24096,0.805827,1,0,1,1,1,0.559017,1,0.559017,0,0,-1,1,2,1,1,0.791448,0
4,0,0,2,22316,26737.4,3328,20488,50418.8,26737.4,1.88571,0.530305,1,0,1,0,1,0.25,1,0.25,0,0,-1,3,2,0,0,0.791448,0
4,0,0,1,27219,29429.7,3818,24274,49345.8,29429.7,1.67674,0.596397,1,0,1,0,1,0.25,1,0.25,0,0,-1,3,2,0,0,0.791448,0
4,0,0,2,48987,53408.4,4686,38442,68845.1,53408.4,1.28903,0.775776,1,0,1,0,0,0,0,0,0,0,-1,3,0,0,0,1.30177,0
4,0,0,3,125868,132500,7348,144736,165040,132500,1.24558,0.802838,1,0,1,0,8.60233,0.25,8.60233,0.25,0,0,-1,3,2,1,1,1.30177,0
4,0,0,1,52992,55202.7,5132,47516,82917.5,55202.7,1.50206,0.665754,1,0,2,0,1,0.25,1,0.25,0,0,-1,3,2,0,0,1.30177,0
4,1,2,14,165484,196433,10053,191771,299865,289582,1.03551,0.655073,0.678334,0,1,0,0,0,0,0,0,0,-1,3,0,2,2,1.30177,0
4,0,0,1,73974,76184.7,5425,51153,115124,76184.7,1.51111,0.661764,1,0,1,0,8.60233,0.25,8.60233,0.25,0,0,-1,3,2,2,2,1.0803,0
4,0,0,3,164131,170763,8424,141964,206698,168552,1.22631,0.826149,1.01312,0,1,0,9.43398,0.25,9.43398,0.25,0,0,-1,3,2,1,1,1.0803,0
4,1,1,12,133930,160458,8426,128954,214090,183156,1.16889,0.749491,0.876072,0,1,0,9.43398,0.25,9.43398,0.25,0,0,-1,3,2,2,2,1.0803,0
4,0,0,2,100436,104857,6069,75141,143595,102647,1.39893,0.730228,1.02154,0,1,0,12.0416,0.559017,12.0416,0.559017,0,0,-1,3,2,1,1,1.0803,0
4,0,0,2,212891,217312,7882,131818,258430,217312,1.18921,0.840896,1,0,1,0,6.40312,0.707107,6.40312,0.707107,0,0,-1,3,1,2,2,1.14583,1
4,0,0,2,28157,32578.4,3706,26390,54107.1,30367.7,1.78173,0.602108,1.0728,0,1,0,0,0,0,0,0,0,-1,3,0,0,1,1.14583,0
4,0,0,4,47999,56841.7,3461,28039,68321.1,56841.7,1.20195,0.831978,1,0,1,0,2.23607,0.901388,2.23607,0.901388,0,0,-1,3,2,1,3,1.14583,0
4,0,0,2,42790,47211.4,4455,32523,61768.8,47211.4,1.30835,0.764324,1,0,1,0,2.23607,0.901388,2.23607,0.901388,0,0,-1,3,2,0,1,1.14583,0
4,0,0,4,56802,65644.7,5160,43788,98426.9,65644.7,1.49939,0.666939,1,0,1,0,3.60555,0.353553,3.60555,0.353553,0,0,-1,3,2,0,0,1.06593,0
4,0,0,1,241194,243405,10085,172131,269184,243405,1.10591,0.904232,1,0,1,0,3.60555,0.353553,3.60555,0.353553,0,0,-1,3,2,1,1,1.06593,0
4,0,0,5,94178,105231,6158,103104,152211,105231,1.44644,0.691354,1,0,2,0,1,0.25,1,0.25,0,0,-1,3,2,0,0,1.06593,1
4,0,0,4,87630,96472.7,5584,56914,140174,94262,1.48706,0.688237,1.02345,0,1,0,3.16228,0.75,3.16228,0.75,0,0,-1,3,2,2,3,1.06593,0
4,1,1,13,130399,159138,8024,97004,200063,160650,1.24533,0.795439,0.990587,0,1,0,17.0294,0.5,17.0294,0.5,0,0,-1,3,1,1,1,1.32481,1
4,0,0,4,46494,55336.7,5501,46897,109482,55336.7,1.97847,0.505441,1,0,1,0,0,0,0,0,0,0,-1,3,0,0,1,1.32481,0
4,0,0,2,60543,64964.4,5462,46810,88202.8,62753.7,1.40554,0.736534,1.03523,0,1,0,3.16228,0.75,3.16228,0.75,0,0,-1,3,2,1,3,1.32481,0
4,0,0,1,34174,36384.7,3855,29213,63515.5,36384.7,1.74567,0.572847,1,0,1,0,3.16228,0.75,3.16228,0.75,0,0,-1,3,2,0,1,1.32481,0
4,0,0,1,39661,41871.7,4079,32657,78440.9,41871.7,1.87336,0.533799,1,0,1,0,3.16228,0.75,3.16228,0.75,0,0,-1,3,2,0,0,0.834135,0
4,0,0,2,36212,40633.4,3919,33871,92999.3,40633.4,2.28874,0.436921,1,0,1,0,2.23607,0.901388,2.23607,0.901388,0,0,-1,3,2,1,1,0.834135,0
4,0,0,1,89458,91668.7,5141,48331,228513,91668.7,2.49281,0.401154,1,0,2,0,3.16228,0.75,3.16228,0.75,0,0,-1,3,2,2,2,0.834135,0
4,0,0,4,209722,218565,9100,148356,235318,218565,1.07665,0.928806,1,0,1,0,4.12311,0.790569,4.12311,0.790569,0,0,-1,3,2,1,1,0.834135,0
4,0,0,4,140783,149626,7345,90617,171722,147415,1.16489,0.871326,1.015,0,3,0,4.12311,0.790569,4.12311,0.790569,0,0,-1,3,2,0,0,0.705128,0
4,0,0,0,43219,43219,3729,29089,122338,43219,2.83066,0.353274,1,0,1,0,4.12311,0.790569,4.12311,0.790569,0,0,-1,3,2,1,1,0.705128,0
4,0,0,5,110088,121141,5307,46831,163846,121141,1.35252,0.73936,1,0,1,0,8.24621,0.25,8.24621,0.25,0,0,-1,3,2,1,1,0.705128,1
4,1,7,17,131891,169473,5415,68453,390659,233177,1.67538,0.433812,0.726798,0,1,0,5,1.06066,5,1.06066,0,0,-1,3,2,2,3,0.705128,1
4,1,0,15,141171,174331,6259,80683,174331,177469,0.982321,1,0.982321,0,1,-1,0,0,0,0,0,0,-1,2,0,0,0,0.423077,0
4,1,2,18,220728,260520,8593,149981,308147,275325,1.11921,0.84544,0.946228,0,1,-1,0,0,0,0,0,0,-1,2,0,0,0,0.423077,0
4,0,0,7,184869,200344,7950,106056,228763,198133,1.15459,0.87577,1.01116,0,1,1,1,0.25,1,0.25,0,0,-1,3,2,0,0,0.423077,0
4,0,0,0,187178,187178,7699,99161,238876,187178,1.2762,0.783577,1,0,1,1,1,0.25,1,0.25,0,0,-1,3,2,1,1,0.423077,0
4,0,0,0,17448,17448,3018,15084,46001.8,17448,2.63651,0.379289,1,0,1,1,1,0.25,1,0.25,0,0,-1,3,2,0,0,0.435897,0
4,0,0,1,37036,39246.7,4054,27038,59623.8,39246.7,1.51921,0.658239,1,0,1,1,1,0.25,1,0.25,0,0,-1,3,2,0,0,0.435897,0
4,1,1,32,36156,106898,5064,61952,116546,208081,0.560098,0.917215,0.51373,0,1,1,1,0.25,1,0.25,0,0,-1,3,2,1,1,0.435897,0
4,1,1,30,49725,116045,5953,107871,154683,184659,0.837665,0.750216,0.628429,0,5,1,1,0.25,1,0.25,0,0,-1,3,2,1,1,0.435897,1
4,0,0,5,68926,79979.4,4578,37826,97527.2,79979.4,1.2194,0.820073,1,0,1,0,9.05539,0.790569,9.05539,0.790569,0,0,-1,3,2,0,0,0.602564,0
4,0,0,1,103190,105401,6494,70038,134832,103190,1.30664,0.781717,1.02142,0,1,0,9.05539,0.790569,9.05539,0.790569,0,0,-1,3,2,1,1,0.602564,0
4,1,1,58,286874,415093,12155,272643,416077,624903,0.665827,0.997635,0.664252,0,1,0,7.28011,0.559017,5.38516,1.06066,1,0.901388,1,3,2,2,2,0.602564,0
4,2,2,38,187979,271985,11674,222196,320752,307555,1.04291,0.847959,0.884345,0,3,-1,0,0,0,0,0,0,-1,2,0,2,2,0.602564,0
4,0,0,5,136165,147218,7431,91587,161049,147218,1.09394,0.914124,1,0,3,0,9.05539,0.790569,9.05539,0.790569,0,0,-1,3,2,1,1,0.64,0
4,0,0,4,39546,48388.7,3873,23827,65710.5,48388.7,1.35797,0.736392,1,0,3,0,0,0,0,0,0,0,-1,3,0,0,0,0.64,0
4,0,0,6,112902,126166,5798,62582,264163,123955,2.13111,0.477608,1.01783,0,1,0,16.0312,0,16.0312,0,0,0,-1,3,0,1,1,0.64,1
4,0,0,4,38175,47017.7,4435,32589,65587.1,44807,1.46377,0.716874,1.04934,0,1,0,0,0,0,0,0,0,-1,3,0,0,1,0.64,0
4,1,2,19,210615,252618,8904,136686,258097,274110,0.941584,0.97877,0.921594,0,1,0,1.41421,0.353553,1.41421,0.559017,1,0.25,1,1,2,1,1,0.769231,0
4,0,0,0,281825,281825,10156,180360,314002,281825,1.11417,0.897526,1,0,1,0,1,0.25,1,0.25,0,0,-1,1,2,1,1,0.769231,0
4,1,0,15,80492,113652,5345,52757,111441,140395,0.793773,1.01984,0.809519,0,1,-1,0,0,0,0,0,0,-1,2,0,2,2,0.769231,0
4,2,1,65,385386,529080,19868,607504,646653,677417,0.954586,0.818182,0.781025,0,1,-1,0,0,0,0,0,0,-1,2,0,2,2,0.769231,1
4,0,0,1,269213,271424,9745,161157,288892,271424,1.06436,0.939532,1,0,1,0,1,0.25,1,0.25,0,0,-1,1,2,1,1,1.16829,0
4,0,0,1,26808,29018.7,3813,23635,56997.5,29018.7,1.96417,0.509122,1,0,1,0,1,0.25,1,0.25,0,0,-1,1,2,0,0,1.16829,0
4,2,4,76,274672,442684,14277,388347,605182,583713,1.03678,0.731489,0.758392,1,4,0,1,0.25,1,0.25,0,0,-1,1,2,1,2,1.16829,1
4,1,4,19,74419,116422,7605,116797,170624,210058,0.812275,0.682328,0.554238,0,3,-1,0,0,0,0,0,0,-1,2,0,2,3,1.16829,0
4,0,0,1,22118,24328.7,3466,19258,41962.1,24328.7,1.7248,0.579777,1,0,6,0,1,0.25,1,0.25,0,0,-1,1,2,0,0,0.665818,0
4,0,0,1,21570,23780.7,3328,18086,44727.5,21570,2.0736,0.53168,1.10249,0,6,0,1,0.25,1,0.25,0,0,-1,1,2,0,0,0.665818,0
4,1,1,36,78715,158299,8323,176193,165588,295719,0.559952,0.955982,0.535303,0,1,0,1,0.25,1,0.25,0,0,-1,1,2,1,1,0.665818,1
4,0,0,1,48044,50254.7,3822,24926,67339.8,48044,1.40163,0.746285,1.04601,0,3,0,1,0.25,1,0.25,0,0,-1,1,2,1,2,0.665818,0
4,0,0,1,41029,43239.7,3232,17746,65515.5,41029,1.59681,0.659992,1.05388,0,1,0,1,0.25,1,0.25,0,0,-1,1,2,1,1,1.27961,0
4,1,2,17,215637,253219,8944,153792,350488,286636,1.22276,0.722475,0.883414,0,1,0,1,0.25,1,0.25,0,0,-1,3,2,2,2,1.27961,1
4,1,2,17,163532,201114,8471,164411,249329,259282,0.961613,0.806619,0.775655,0,1,-1,0,0,0,0,0,0,-1,2,0,2,2,1.27961,1
4,0,0,2,143123,147544,6388,78686,154495,145334,1.06304,0.955009,1.01521,0,1,0,9.89949,0.5,9.89949,0.5,0,0,-1,3,1,1,4,1.27961,0
4,0,0,2,36019,40440.4,3768,27540,62398.5,38229.7,1.6322,0.648098,1.05783,0,6,0,10,0.5,10,0.5,0,0,-1,3,1,1,2,1.27332,0
4,1,2,10,60167,82273.8,5615,52895,154237,124206,1.24179,0.533423,0.6624,0,1,0,10,0.5,10,0.5,0,0,-1,3,1,2,4,1.27332,0
4,0,0,3,102033,108665,5730,65836,133299,106454,1.25217,0.8152,1.02077,0,1,0,10,0.5,10,0.5,0,0,-1,3,1,2,3,1.27332,0
4,1,5,12,72231,98759.1,5848,52112,169587,156323,1.08485,0.582351,0.631763,0,3,0,0,0,0,0,0,0,-1,1,0,1,1,1.27332,1
4,0,0,3,160723,167355,7567,107121,286830,165144,1.73685,0.583464,1.01339,0,6,0,0,0,0,0,0,0,-1,3,0,1,1,0.65625,1
4,1,1,13,91199,119938,11594,278096,136887,119722,1.14338,0.87618,1.0018,0,10,0,6.32456,1.06066,6.32456,1.06066,0,0,-1,3,2,1,2,0.65625,1
4,0,0,1,46335,48545.7,4277,29813,74413.5,48545.7,1.53286,0.652377,1,0,1,0,0,0,0,0,0,0,-1,1,0,0,2,0.65625,0
4,0,0,2,37450,41871.4,3823,25569,61767.5,39660.7,1.5574,0.677887,1.05574,0,1,0,0,0,0,0,0,0,-1,1,0,0,3,0.65625,0
4,0,0,1,59329,61539.7,5485,55261,99610,61539.7,1.61863,0.617807,1,0,2,0,6.32456,1.06066,6.32456,1.06066,0,0,-1,3,2,2,3,1.25765,0
4,1,4,18,103421,143213,9133,186269,272147,212143,1.28285,0.526235,0.67508,0,2,0,16.0312,0,16.0312,0,0,0,-1,3,0,1,1,1.25765,0
4,0,0,1,28753,30963.7,3893,25643,54994.1,28753,1.91264,0.563036,1.07689,0,3,0,0,0,0,0,0,0,-1,1,0,0,1,1.25765,0
4,0,0,1,25574,27784.7,3465,21489,44992.8,27784.7,1.61934,0.617536,1,0,3,0,0,0,0,0,0,0,-1,1,0,0,0,1.25765,0
4,0,0,1,72812,75022.7,3909,28763,82523.8,75022.7,1.09998,0.909103,1,0,3,0,0,0,0,0,0,0,-1,3,0,1,3,0.885417,0
4,0,0,2,21280,25701.4,3347,18389,47895.1,23490.7,2.0389,0.536617,1.09411,0,3,0,0,0,0,0,0,0,-1,3,0,0,1,0.885417,0
4,0,0,1,57288,59498.7,4831,39123,81605.5,57288,1.42448,0.729102,1.03859,0,3,0,0,0,0,0,0,0,-1,1,0,0,0,0.885417,0
4,0,0,1,38758,40968.7,3669,23139,63075.5,38758,1.62742,0.649518,1.05704,0,3,0,0,0,0,0,0,0,-1,1,0,0,0,0.885417,0
4,0,0,1,42561,44771.7,3882,30320,66878.5,44771.7,1.49377,0.669448,1,0,1,-1,0,0,0,0,0,0,-1,2,0,1,1,1.16064,0
4,0,0,3,160198,166830,6919,125503,252804,166830,1.51534,0.659917,1,0,1,0,26.0192,0.790569,26.0192,0.790569,0,0,-1,3,2,1,3,1.16064,1
4,0,0,1,25476,27686.7,3672,22566,54214.8,25476,2.12807,0.510685,1.08677,0,1,-1,0,0,0,0,0,0,-1,2,0,0,0,1.16064,0
4,0,0,3,55536,62168,5290,40690,251250,59957.4,4.19047,0.247435,1.03687,0,1,0,26.0192,0.790569,26.0192,0.790569,0,0,-1,3,2,0,2,1.16064,0
4,0,0,4,23765,32607.7,2236,9484,73097,30397,2.40474,0.446089,1.07273,0,1,0,26.0192,0.790569,26.0192,0.790569,0,0,-1,3,2,1,5,1.63891,0
4,0,0,2,23548,27969.4,2781,19009,76032.6,25758.7,2.95173,0.36786,1.08582,0,1,0,26.0192,0.790569,26.0192,0.790569,0,0,-1,3,2,1,2,1.63891,0
4,0,0,1,63223,65433.7,5560,44022,92521.5,63223,1.46342,0.707227,1.03497,0,1,0,26.0192,0.790569,26.0192,0.790569,0,0,-1,3,2,1,2,1.63891,0
4,0,0,3,55166,61798,3859,40029,103810,61798,1.67982,0.595302,1,0,1,0,23.0868,0.5,23.0868,0.5,0,0,-1,3,1,0,0,1.63891,0
4,1,7,13,62282,91020.8,5451,69689,136150,133880,1.01696,0.668535,0.67987,0,3,0,26.0192,0.790569,26.0192,0.790569,0,0,-1,3,2,1,3,1.55463,0
4,0,0,1,63902,66112.7,4033,27517,86008.8,66112.7,1.30094,0.768674,1,0,2,0,1,0.25,1,0.25,0,0,-1,1,2,0,1,1.55463,0
4,1,2,9,93603,113499,5286,67212,191561,149636,1.28018,0.592495,0.758503,0,1,0,23.0868,0.5,23.0868,0.5,0,0,-1,3,1,1,1,1.55463,0
4,0,0,1,29780,31990.7,3298,18320,51537.8,31990.7,1.61102,0.620723,1,0,1,0,1,0.25,1,0.25,0,0,-1,1,2,0,0,1.55463,0
4,1,2,22,299952,348587,12975,290273,497633,500621,0.994031,0.70049,0.696309,0,1,-1,0,0,0,0,0,0,-1,2,0,2,4,1.76874,1
4,0,0,2,177713,182134,7800,100252,210688,179924,1.17098,0.864476,1.01229,0,5,0,10.6301,0.790569,10.6301,0.790569,0,0,-1,3,2,1,3,1.76874,0
4,0,0,4,127352,136195,6252,91004,156800,133984,1.17029,0.86859,1.0165,0,5,0,10,0.901388,10,0.901388,0,0,-1,3,2,1,3,1.76874,0
4,0,0,3,59796,66428,4685,33851,83170.2,66428,1.25203,0.7987,1,0,1,0,9.43398,0,9.43398,0,0,0,-1,3,0,1,2,1.76874,0
4,1,5,15,76993,110153,5115,60863,134700,144284,0.93358,0.817764,0.763448,0,3,0,7.81025,0.790569,7.81025,0.790569,0,0,-1,3,2,1,1,1.59056,1
4,0,0,3,64412,71044,5379,56949,119117,66622.7,1.78793,0.596424,1.06636,0,3,0,7.81025,0.790569,7.81025,0.790569,0,0,-1,3,2,2,5,1.59056,1
4,0,0,4,124675,133518,7441,120785,191588,133518,1.43493,0.6969,1,0,3,0,6.40312,0.75,6.40312,0.75,0,0,-1,3,2,1,3,1.59056,0
4,0,0,2,66640,71061.4,4798,36290,98595.9,68850.7,1.43202,0.720734,1.03211,0,1,0,6.40312,0.75,6.40312,0.75,0,0,-1,3,2,1,4,1.59056,1
4,0,0,3,40078,46710,4013,27905,79234.5,46710,1.69631,0.589516,1,0,1,0,23.0868,0.5,23.0868,0.5,0,0,-1,3,1,0,0,1.10197,0
4,1,4,18,50151,89943.2,5159,47465,109301,138434,0.789555,0.822893,0.649719,0,1,0,23.0868,0.5,23.0868,0.5,0,0,-1,3,1,2,2,1.10197,0
4,0,0,1,20301,22511.7,3136,18330,46829.1,22511.7,2.08022,0.480719,1,0,1,-1,0,0,0,0,0,0,-1,2,0,0,0,1.10197,0
4,0,0,1,26445,28655.7,3776,23902,48466.8,28655.7,1.69135,0.591244,1,0,1,-1,0,0,0,0,0,0,-1,2,0,0,0,1.10197,0
4,0,0,3,51388,58020,4550,36598,73877.1,58020,1.2733,0.785358,1,0,1,0,1,0.25,1,0.25,0,0,-1,1,2,1,1,1.53544,0
4,1,0,34,183016,258179,7103,173711,258179,388975,0.663742,1,0.663742,0,10,0,1.41421,0.75,2.82843,0.901388,1.41421,1.06066,0,3,2,1,1,1.53544,0
4,0,0,1,47907,50117.7,4604,36938,74435.1,50117.7,1.48521,0.673307,1,0,3,-1,0,0,0,0,0,0,-1,2,0,0,0,1.53544,0
4,0,0,4,147710,156553,6893,75025,212864,156553,1.3597,0.735459,1,0,1,0,2.23607,0.25,2.23607,0.25,0,0,-1,3,2,2,2,1.53544,0
4,0,0,4,80071,88913.7,4629,50999,108552,88913.7,1.22087,0.819087,1,0,6,0,12.0416,0.559017,12.0416,0.559017,0,0,-1,3,2,2,2,1.64267,0
4,0,0,3,94374,101006,6064,74068,138565,101006,1.37185,0.728943,1,0,1,0,9.43398,0,9.43398,0,0,0,-1,3,0,1,1,1.64267,0
4,1,6,10,104360,126467,8589,119187,224738,144486,1.55543,0.562729,0.875287,0,1,0,2.23607,0.25,2.23607,0.25,0,0,-1,3,2,2,2,1.64267,0
4,0,0,1,112122,114333,6412,76654,153581,114333,1.34328,0.744446,1,0,1,0,12.0416,0.559017,12.0416,0.559017,0,0,-1,3,2,2,2,1.64267,0
4,1,1,38,201120,285126,14154,322700,480415,462215,1.03937,0.593499,0.616868,0,4,0,9.43398,0,9.43398,0,0,0,-1,3,0,2,2,1.43411,1
4,0,0,3,40068,46700,3956,35830,61439.1,42278.7,1.45319,0.760102,1.10458,0,1,0,2.23607,0.901388,2.23607,0.901388,0,0,-1,3,2,0,3,1.43411,1
4,0,0,3,63494,70126,4936,48424,73506.5,70126,1.04821,0.954011,1,0,1,0,2.23607,0.901388,2.23607,0.901388,0,0,-1,3,2,0,2,1.43411,0
4,0,0,2,46652,51073.4,4474,31852,70448.5,48862.7,1.44176,0.724975,1.04524,0,1,0,2.23607,0.901388,2.23607,0.901388,0,0,-1,3,2,1,4,1.43411,0
4,0,0,3,68405,75037,5798,73694,102828,72826.4,1.41195,0.729737,1.03036,0,1,0,2.23607,0.25,2.23607,0.25,0,0,-1,3,2,1,1,1.12483,0
4,1,2,27,223427,283115,9255,165259,343659,321559,1.06873,0.823827,0.880446,0,1,0,5.83095,0.353553,9.43398,0.559017,3.60555,0.25,0,1,2,1,1,1.12483,1
4,0,0,5,51806,62859.4,5093,61179,96792.8,62859.4,1.53983,0.649422,1,0,1,0,2.23607,0.25,2.23607,0.25,0,0,-1,3,2,1,1,1.12483,0
4,0,0,1,63452,65662.7,4769,40217,114915,65662.7,1.75007,0.571404,1,0,1,0,2.23607,0.25,2.23607,0.25,0,0,-1,3,2,2,4,1.12483,0
4,0,0,1,44317,46527.7,4280,33236,70519.1,46527.7,1.51564,0.659788,1,0,1,0,2.82843,0.75,2.82843,0.75,0,0,-1,1,2,0,0,0.895719,0
4,0,0,5,52228,63281.4,4436,41690,102578,63281.4,1.62098,0.616912,1,0,1,0,2.82843,0.75,2.82843,0.75,0,0,-1,3,2,0,0,0.895719,0
4,0,0,4,158780,167623,8293,120553,225095,167623,1.34287,0.744674,1,0,2,0,5.83095,0.790569,5.83095,0.790569,0,0,-1,3,2,2,2,0.895719,0
4,1,0,18,188163,227955,8211,134053,227955,254222,0.896676,1,0.896676,0,1,-1,0,0,0,0,0,0,-1,2,0,1,1,0.895719,0
4,0,0,1,54156,56366.7,4605,43065,86691.5,56366.7,1.53799,0.650198,1,0,1,0,2.82843,0.75,2.82843,0.75,0,0,-1,3,2,1,1,0.439394,0
4,0,0,2,35013,39434.4,4184,30874,61564.1,37223.7,1.6539,0.640541,1.05939,0,1,0,2.82843,0.75,2.82843,0.75,0,0,-1,3,2,0,0,0.439394,0
4,0,0,3,84037,90669,5398,68250,102569,90669,1.13125,0.883979,1,0,1,0,4.24264,0.901388,4.24264,0.901388,0,0,-1,3,2,1,1,0.439394,0
4,0,0,2,40217,44638.4,4580,33860,70022.8,42427.7,1.6504,0.637483,1.0521,0,1,0,4.24264,0.901388,4.24264,0.901388,0,0,-1,3,2,0,0,0.439394,0
4,0,0,5,33789,44842.4,3574,21500,131266,44842.4,2.92728,0.341614,1,0,1,0,1,0.25,1,0.25,0,0,-1,3,2,0,0,0.666667,0
4,0,0,3,105321,111953,6150,59586,115896,111953,1.03522,0.965976,1,0,5,0,5.83095,0.790569,5.83095,0.790569,0,0,-1,3,2,1,1,0.666667,0
4,0,0,1,23788,25998.7,3207,21423,52180.8,25998.7,2.00706,0.498242,1,0,1,0,1,0.25,1,0.25,0,0,-1,3,2,0,0,0.666667,0
4,0,0,3,72496,79128,5164,59174,116826,79128,1.47642,0.677314,1,0,2,0,1,0.25,1,0.25,0,0,-1,3,2,1,1,0.666667,0
4,1,4,29,382600,446710,11492,262764,453755,546310,0.830581,0.984474,0.817685,0,1,0,5.83095,0.790569,5.83095,0.790569,0,0,-1,3,2,2,2,1.22059,0
4,0,0,4,126044,134887,7965,100239,175059,134887,1.29782,0.770522,1,0,1,0,4.24264,0.901388,4.24264,0.901388,0,0,-1,3,2,1,1,1.22059,0
4,1,1,40,215659,304086,11902,224616,365474,359282,1.01724,0.832031,0.846373,0,5,0,7.61577,0.707107,11.4018,0.559017,3,0.75,1,1,1,2,2,1.22059,0
4,1,1,24,234103,287159,8668,126584,289861,301771,0.960534,0.990679,0.951581,0,2,0,5.38516,0.707107,7.07107,0.559017,1.41421,0.75,1,1,1,0,0,1.22059,0
4,0,0,1,105288,107499,4898,50222,136685,107499,1.27151,0.786469,1,0,6,0,4.24264,0.901388,4.24264,0.901388,0,0,-1,3,2,1,1,1.06974,0
4,0,0,2,30517,34938.4,3535,28289,60402.8,34938.4,1.72884,0.578423,1,0,1,0,4.24264,0.901388,4.24264,0.901388,0,0,-1,3,2,0,0,1.06974,0
4,1,1,25,104683,159950,5338,56716,180195,227562,0.791853,0.887648,0.702886,0,2,-1,0,0,0,0,0,0,-1,2,0,1,1,1.06974,0
4,1,6,12,50700,77228.1,3821,29605,96611.3,79115,1.22115,0.79937,0.97615,0,1,0,4.24264,0.901388,4.24264,0.901388,0,0,-1,3,2,1,1,1.06974,0
1,0,0,2,130628,130987,7446,92100,132922,130987,1.01477,0.985441,1,0,1,0,1,0.25,1,0.25,0,0,-1,3,2,0,0,0.807692,0
1,2,0,8,117999,119436,9297,157703,120266,119436,1.00695,0.993101,1,0,1,0,1,0.25,1,0.25,0,0,-1,3,2,0,0,0.807692,0
1,1,0,15,83215,85909.3,5640,60846,85909.3,86746.6,0.990347,1,0.990347,0,1,0,1,0.5,1,0.75,1,0.25,0,3,1,1,1,0.807692,0
1,2,6,23,125603,129734,9534,147302,129830,132373,0.980793,0.999261,0.980069,0,36,1,1,0.25,1,0.5,1,0.25,0,3,2,1,1,0.807692,0
1,1,1,11,147885,149861,7931,104907,152211,150595,1.01073,0.984558,0.995127,0,1,0,1,0.25,1,0.25,0,0,0,1,2,0,0,1.21875,0
1,2,0,6,100460,101538,8255,118899,103154,101538,1.01592,0.984329,1,0,2,0,1,0.25,1,0.25,0,0,-1,3,2,0,0,1.21875,0
1,2,1,23,126792,130923,8466,133392,132125,132441,0.997612,0.990905,0.988539,0,20,1,0,0.353553,0,0.707107,0,0.353553,0,3,2,1,1,1.21875,0
1,2,4,16,90814,93687.9,7752,109922,93797.4,100950,0.92915,0.998832,0.928065,0,1,1,0,0.353553,0,0.353553,0,0,-1,3,2,0,0,1.21875,0
1,2,5,19,86085,89497.7,6155,75621,90645.4,90850.6,0.997741,0.987339,0.985108,0,1,0,1,0.25,1,0.25,0,0,-1,1,2,0,0,0.75,0
1,2,6,40,78142,85326.7,7423,110219,93803.7,112708,0.832272,0.90963,0.75706,0,2,0,1,0.25,0,0.25,0,0.5,0,1,2,1,1,0.75,0
1,0,0,2,51883,52242.2,4475,36391,53567.4,52242.2,1.02537,0.975262,1,0,1,0,1,0.25,1,0.25,0,0,-1,1,2,1,1,0.75,0
1,2,0,11,47353,49328.8,5227,45943,50515.8,49149.2,1.02781,0.976502,1.00365,0,2,0,1,0.25,1,0.25,0,0,-1,1,2,0,0,0.75,0
1,1,4,16,52972,55845.9,4289,37811,62661.7,78949,0.793699,0.891228,0.707367,0,1,1,1,0.25,1,0.5,1,0.25,1,1,2,1,1,1.26923,0
1,0,0,2,36590,36949.2,3674,24544,39190.5,36949.2,1.06066,0.942811,1,0,1,1,3.16228,0.25,3.16228,0.25,0,0,-1,3,2,0,0,1.26923,0
1,2,0,5,40204,41102.1,4926,41618,41792.4,41102.1,1.0168,0.983482,1,0,1,0,1,0.25,1,0.25,0,0,-1,1,2,0,0,1.26923,0
1,2,0,7,33353,34610.3,4830,45928,35508.4,34430.7,1.0313,0.974708,1.00522,0,6,0,1,0.25,1,0.25,0,0,-1,1,2,0,0,1.26923,0
1,2,0,37,26801,33446.9,4835,36327,35857.7,33446.9,1.07208,0.932766,1,0,5,0,1,0.25,1,0.25,0,0,-1,3,2,0,0,0.96,0
1,2,0,21,21508,25280,3422,19044,26537.3,25280,1.04974,0.952621,1,0,6,0,67.4166,0.559017,67.4166,0.559017,0,0,-1,3,2,1,1,0.96,0
1,2,0,5,37272,38170.1,4411,30965,39247.8,38170.1,1.02823,0.972541,1,0,5,0,1,0.25,1,0.25,0,0,-1,1,2,0,0,0.96,0
1,2,6,27,36151,41000.7,5000,43874,48220.8,66783.2,0.722049,0.85027,0.613937,0,16,0,1,0.25,1,0.25,0,0,-1,3,2,1,1,0.96,0
1,1,0,15,21587,24281.3,3414,18822,24281.3,28506.5,0.851781,1,0.851781,0,1,1,0,0.790569,1,0.707107,0,0.790569,1,1,2,1,1,1.69355,0
1,2,7,150,41488,68430.6,4572,35086,70626.6,74777.3,0.944492,0.968908,0.915126,1,3,1,0,0,0,0,0,0,1,1,0,1,1,1.69355,1
1,2,2,26,27346,32016.1,4381,30247,32880.4,33014.1,0.995951,0.973712,0.96977,0,11,1,1,0.25,1,0.25,0,0,0,1,2,1,1,1.69355,0
1,3,0,333,87148,146961,19966,646542,154083,153671,1.00268,0.953776,0.956334,2,1,-1,0,0,0,0,0,0,-1,0,0,1,3,1.69355,1
1,3,0,274,60665,109880,29055,1387893,127378,126723,1.00517,0.862633,0.867088,0,5,-1,0,0,0,0,0,0,-1,0,0,0,1,0.928571,0
1,2,0,146,39774,65998.2,4905,39877,66710.1,65998.2,1.01079,0.989328,1,1,1,1,0,0,0,0,0,0,-1,3,0,0,0,0.928571,1
1,3,0,403,107750,180136,19893,660081,186028,190363,0.977228,0.968327,0.946276,0,9,-1,0,0,0,0,0,0,-1,0,0,0,2,0.928571,1
1,2,1,95,39769,56832.7,4874,41704,58382.3,56548.3,1.03243,0.973457,1.00503,2,1,0,1,0.559017,1,0.559017,0,0,-1,3,2,0,3,0.928571,1
1,1,1,21,98787,102559,5892,64330,102729,102682,1.00046,0.998341,0.998805,0,1,0,1,0.5,1,0.5,0,0,-1,3,1,0,0,0.707692,1
1,1,6,23,142340,146471,7385,94309,152344,149954,1.01593,0.961452,0.976771,0,1,1,0,0,0,0,0,0,1,1,0,0,1,0.707692,0
1,1,6,10,146991,148787,7591,94161,152353,150232,1.01412,0.976597,0.990385,0,1,1,1,0.25,1,0.25,0,0,-1,3,2,0,2,0.707692,0
1,0,0,8,150921,152358,7797,98343,153615,152358,1.00825,0.991815,1,0,1,0,1,0.25,1,0.25,0,0,-1,3,2,1,2,0.707692,1
1,2,0,10,119738,121534,8713,123683,122432,121355,1.00888,0.992665,1.00148,0,2,0,1,0.25,1,0.25,0,0,-1,1,2,1,1,1.1188,0
1,1,2,13,98879,101214,6201,68949,101812,101273,1.00532,0.994127,0.999417,0,1,1,0,0,0,0,0,0,-1,1,0,0,0,1.1188,0
1,1,7,12,183900,186055,8712,124494,191550,188663,1.0153,0.971314,0.986176,0,1,0,1,0.25,1,0.25,0,0,-1,3,2,1,2,1.1188,1
1,0,0,6,64194,65271.7,5233,47887,66411.8,65092.1,1.02027,0.982833,1.00276,0,1,0,1,0.25,1,0.25,0,0,-1,3,2,0,1,1.1188,0
1,0,0,2,16907,17266.2,3012,14896,18893.4,17086.6,1.10574,0.913876,1.01051,0,2,0,1,0.25,1,0.25,0,0,-1,3,2,0,0,0.723077,0
1,0,0,1,36902,37081.6,4337,31057,38867.6,36902,1.05327,0.954048,1.00487,0,1,0,1,0.25,1,0.25,0,0,-1,3,2,0,0,0.723077,0
1,2,1,102,30851,49172,4201,29815,53874.5,93111.4,0.578602,0.912714,0.528098,1,3,0,1,0.25,1,0.25,0,0,-1,3,2,1,1,0.723077,1
1,3,0,212,75295,113374,9309,165487,136117,132891,1.02427,0.832916,0.853133,1,2,-1,0,0,0,0,0,0,-1,0,0,1,2,0.723077,1
1,2,5,84,52092,67179.9,4418,37620,100444,99061.3,1.01395,0.668831,0.678165,1,1,0,1,0.25,1,0.25,0,0,-1,3,2,0,0,0.523077,1
1,2,6,67,32872,44906.4,3898,28428,48380,47770,1.01277,0.928201,0.940053,2,4,0,59.5063,0.901388,59.5063,0.901388,0,0,-1,3,2,0,1,0.523077,1
1,2,1,67,36129,48163.4,4136,29364,50523.9,54092.1,0.934036,0.953278,0.890397,1,2,0,60.0083,0.559017,60.0083,0.559017,0,0,-1,1,2,0,3,0.523077,1
1,2,6,104,57762,76442.2,5360,49478,115170,114311,1.00752,0.663731,0.668721,1,1,0,59.9333,0.901388,59.9333,0.75,1,0.5,0,1,2,0,4,0.523077,1
1,2,0,30,33345,38733.5,4110,30630,45134.8,38733.5,1.16526,0.858174,1,0,3,0,1,0.25,1,0.25,0,0,-1,3,2,0,0,0.971429,0
1,2,0,64,50165,61660.5,5465,46551,61480.9,91858,0.669304,1.00292,0.671259,0,14,0,79.1202,0.707107,79.8499,0.707107,2,0,1,1,1,1,1,0.971429,1
1,2,5,92,41845,58369.8,4900,40460,58956.1,113509,0.519397,0.990056,0.514233,0,1,1,66.8506,0.901388,134.261,0.5,66.8506,0.901388,1,1,2,1,1,0.971429,0
1,3,0,29,28851,34059.9,4077,27557,38872.2,52854.8,0.735452,0.876203,0.644405,0,1,-1,0,0,0,0,0,0,-1,0,0,1,3,0.971429,0
1,2,0,35,36165,42451.6,4797,40223,42272,44829.7,0.942946,1.00425,0.946952,0,1,1,1,0.353553,1.41421,0.901388,1.41421,0.559017,1,3,2,1,2,1.69693,0
1,3,0,313,87990,144210,26589,1024417,173688,151959,1.14299,0.830286,0.949011,1,1,-1,0,0,0,0,0,0,-1,0,0,0,2,1.69693,1
1,2,0,202,67249,103532,5670,60034,118845,103532,1.14791,0.871149,1,1,4,1,1,0.353553,1,0.353553,0,0,-1,3,2,1,2,1.69693,1
1,3,0,179,66878,99029.6,21967,756587,116084,109211,1.06294,0.853083,0.906775,0,1,-1,0,0,0,0,0,0,-1,0,0,0,3,1.69693,0
1,3,0,307,94681,149824,16985,579911,160177,153736,1.0419,0.935361,0.974551,1,1,-1,0,0,0,0,0,0,-1,0,0,0,4,1.20506,1
1,2,0,12,30458,32613.4,4540,34192,33511.5,32254.2,1.03898,0.973201,1.01114,0,9,0,0,0,0,0,0,0,-1,3,0,0,4,1.20506,0
1,3,0,131,46749,70278.9,23991,945167,86775.4,77065.3,1.126,0.809894,0.911939,0,3,-1,0,0,0,0,0,0,-1,0,0,0,3,1.20506,1
1,2,0,13,24835,27170,3877,26099,28192.7,26990.4,1.04455,0.963724,1.00665,0,3,0,0,0,0,0,0,0,-1,3,0,0,2,1.20506,0
1,0,0,5,160119,161017,8193,110299,162454,160837,1.01005,0.991155,1.00112,0,2,1,1,0.25,1,0.25,0,0,-1,3,2,1,1,1.03487,0
1,2,2,27,191123,195973,11045,195447,196366,201073,0.97659,0.997997,0.974634,0,7,1,1,0.25,1,0.25,0,0,-1,3,2,1,3,1.03487,1
1,1,1,27,71082,75931.7,5444,53976,77594.2,92491.2,0.838936,0.978574,0.820961,0,2,1,1,0.25,1,0.25,0,0,-1,3,2,1,1,1.03487,1
1,1,1,37,153001,159647,7905,101497,163901,173862,0.942706,0.974043,0.918236,0,1,0,1,0.5,1.41421,0.790569,1.41421,0.353553,0,3,1,1,4,1.03487,0
1,2,4,32,183833,189581,10698,180976,189521,225682,0.839769,1.00031,0.840033,0,3,0,1,0.559017,1,0.559017,0,0,0,3,2,1,5,1.38287,1
1,2,0,8,25090,26526.9,4532,32012,28696.6,26347.3,1.08917,0.924392,1.00682,0,6,1,0,0.901388,0,0.901388,0,0,-1,1,2,0,2,1.38287,0
1,2,0,15,166690,169384,10437,169923,169205,219154,0.772081,1.00106,0.772901,0,5,1,0,0,0,0.25,0,0.25,0,1,0,1,4,1.38287,1
1,2,0,7,27145,28402.3,3711,26465,28632.6,28222.7,1.01453,0.991956,1.00636,0,2,1,0,0,0,0,0,0,-1,1,0,1,3,1.38287,0
1,2,0,19,24272,27684.7,3654,27116,27684.7,28038.6,0.987381,1,0.987381,0,6,1,3,1.06066,3.16228,0,1,0.353553,1,3,2,1,1,0.820374,0
1,1,2,64,40195,51690.5,4502,36392,52280.7,70049.2,0.746343,0.988711,0.737917,0,3,1,13.9284,0.5,31.0161,1.06066,17.088,0.790569,0,3,1,1,1,0.820374,1
1,2,2,94,42571,59455.1,5406,51960,80263.8,82980.6,0.96726,0.740745,0.716493,1,15,0,0,0,0,0,0,0,0,1,0,1,1,0.820374,1
1,2,0,73,40195,53307.1,4976,45930,53127.5,80803,0.657494,1.00338,0.659716,0,14,1,41.4367,1.06066,84.2021,0.25,52.4786,0.559017,1,1,2,1,4,0.820374,0
1,3,0,300,76023,129908,38348,2160140,147056,139657,1.05298,0.883392,0.930193,0,8,-1,0,0,0,0,0,0,-1,0,0,1,4,1.59517,1
1,2,1,597,152321,259553,7750,108618,301473,287055,1.05023,0.860947,0.904192,2,12,0,61.4003,0.790569,62.8013,0.5,6.7082,0.790569,0,1,2,1,5,1.59517,1
1,3,0,342,87406,148835,15422,441772,208977,174141,1.20004,0.712209,0.854682,2,1,-1,0,0,0,0,0,0,-1,0,0,1,4,1.59517,1
1,2,1,541,146001,243174,8132,107772,271012,259658,1.04373,0.897281,0.936516,1,1,0,60.7454,0.790569,61.6117,1.06066,3,0.5,1,1,2,1,5,1.59517,1
1,2,7,274,74399,123614,5451,52093,131041,142776,0.917814,0.943322,0.865794,2,11,0,60.3738,0.707107,60.8276,0.25,0,0.559017,1,1,1,0,4,1.32033,1
1,2,0,16,65334,68207.9,5941,61975,67879.7,67848.6,1.00046,1.00483,1.00529,0,2,0,1,0.25,1,0.25,0,0,-1,3,2,0,4,1.32033,0
1,2,2,312,77156,133197,6022,63726,144892,146410,0.989632,0.919285,0.909754,1,6,0,48.3011,0.559017,39.8121,0.5,9.21954,0.25,0,3,2,0,4,1.32033,1
1,2,0,62,28420,39556.3,3850,24908,39376.7,44915.1,0.87669,1.00456,0.880689,0,2,0,53.7122,0.707107,58.3095,0.25,5,0.901388,0,3,1,0,2,1.32033,1
1,2,7,33,53666,59593.4,5395,56245,67348.1,61769.2,1.09032,0.884856,0.964775,0,4,0,1,0.25,1,0.25,0,0,0,1,2,1,2,1.63978,0
1,3,0,30,21032,26420.5,3728,23564,30972.9,34963.8,0.885856,0.853021,0.755654,0,5,-1,0,0,0,0,0,0,-1,0,0,1,1,1.63978,0
1,2,6,47,36708,45150,5212,46956,46460.3,46368.8,1.00197,0.971799,0.973716,0,12,0,1,0.25,1,0.25,0,0,-1,1,2,0,1,1.63978,0
1,2,0,20,27739,31331.4,3836,25804,32588.7,31151.7,1.04613,0.961418,1.00577,0,1,0,1,0.25,1,0.25,0,0,-1,3,2,0,0,1.63978,0
1,3,0,16,26304,29177.9,6261,53531,36185,33970.2,1.0652,0.806352,0.858926,0,1,-1,0,0,0,0,0,0,-1,0,0,1,1,1.17421,0
1,2,1,91,56318,72663.2,6300,71706,117127,72866,1.60743,0.62038,0.997217,0,2,1,0,0,0,0,0,0,-1,3,0,1,1,1.17421,0
1,1,7,10,26853,28649.2,3940,26246,30692.8,29311.9,1.04711,0.933416,0.977391,0,2,0,1,0.25,1,0.25,0,0,-1,3,2,0,0,1.17421,0
1,3,0,23,21973,26104.2,5366,40776,31358.8,26207.1,1.19658,0.832437,0.996073,0,2,-1,0,0,0,0,0,0,-1,0,0,0,0,1.17421,0
1,2,2,178,66838,98809.9,5601,64297,99970.9,100481,0.994921,0.988387,0.983367,2,2,0,58.7963,0.707107,58.7963,0.707107,0,0,-1,3,1,1,3,1.6713,1
1,2,4,172,58961,89855.2,4954,51764,99337.9,97156.6,1.02245,0.904541,0.92485,2,1,0,30.8058,0.559017,43.9318,0.559017,13.1529,0,0,1,2,0,2,1.6713,1
1,2,0,35,73157,79443.6,6955,84577,79264,80007.5,0.990707,1.00227,0.992952,0,3,0,1,0.25,1,0.790569,1,0.559017,1,1,2,0,2,1.6713,0
1,2,0,23,40913,45044.2,5173,71319,46326.1,44864.6,1.03258,0.972329,1.004,0,1,0,1,0.25,1,0.25,0,0,-1,1,2,0,3,1.6713,0
1,2,0,19,19996,23408.7,3808,23216,23947.6,23049.5,1.03896,0.977499,1.01559,0,5,0,0,0,0,0,0,0,-1,3,0,0,3,1.2088,0
1,3,0,13,20711,23046,3503,20401,24718.3,23461,1.05359,0.932347,0.982314,0,1,-1,0,0,0,0,0,0,-1,0,0,0,1,1.2088,0
1,2,0,20,17884,21476.4,3203,16855,27070.1,21296.7,1.27109,0.793362,1.00843,0,1,0,1,0.25,1,0.25,0,0,-1,1,2,0,1,1.2088,0
1,2,0,14,18632,21146.6,3825,22759,29475.3,21146.6,1.39385,0.717437,1,0,4,0,1,0.25,1,0.25,0,0,-1,1,2,0,0,1.2088,0
1,1,0,13,6282,8617.03,1345,3435,8437.41,17652.8,0.477965,1.02129,0.488141,0,6,0,1,0.559017,1,0.790569,1,0.25,0,1,2,0,0,0.333333,0
1,2,2,79,53786,67975.8,5833,66087,69133.3,76037.9,0.909195,0.983257,0.893972,0,1,0,2.23607,0.5,4.47214,0.790569,2.23607,1.06066,1,3,1,0,0,0.333333,1
1,1,0,23,16187,20318.2,1855,9203,20318.2,27205.7,0.746836,1,0.746836,0,1,0,4.12311,0.353553,8.24621,0.707107,4.12311,0.353553,1,3,2,0,0,0.333333,0
1,2,0,60,28489,39266.1,4311,34859,39086.4,41692.6,0.93749,1.0046,0.941798,0,2,0,3,0.901388,3.16228,0.353553,1.41421,0.901388,0,3,2,0,2,0.333333,0
1,0,0,5,28924,29822.1,3579,22715,30920.6,29642.5,1.04312,0.964472,1.00606,0,1,0,1.41421,0.901388,1.41421,0.901388,0,0,-1,1,2,0,2,0.914773,0
1,1,2,31,82877,88445.1,5518,59606,102833,105389,0.975748,0.860083,0.839224,0,2,0,1,0.707107,1,0.707107,0,0,1,1,1,1,2,0.914773,0
1,0,0,2,23629,23988.2,3685,22035,26595.5,23988.2,1.10869,0.901966,1,0,1,0,4.12311,0.5,4.12311,0.5,0,0,-1,3,1,0,0,0.914773,0
1,1,7,10,19711,21507.2,3039,17009,33157,34824.9,0.952105,0.648647,0.61758,0,1,0,4.12311,0.5,4.12311,0.5,0,0,-1,3,1,0,0,0.914773,0
1,3,0,19,18722,22134.7,4079,26805,27284.6,23734.8,1.14956,0.811255,0.932586,0,2,-1,0,0,0,0,0,0,-1,0,0,1,1,1.02727,0
1,2,2,84,45043,60130.9,4630,37698,61677.5,60779.4,1.01478,0.974925,0.98933,0,2,0,1,0.25,1,0.5,1,0.25,0,1,2,0,0,1.02727,1
1,2,0,51,35905,45065.5,4893,38975,47360.9,44885.9,1.05514,0.951534,1.004,1,10,1,0,0.353553,0,0.353553,0,0,-1,3,2,1,1,1.02727,1
1,3,0,42,20656,28199.9,3588,20668,33513.7,42691.7,0.785017,0.841446,0.660549,0,6,-1,0,0,0,0,0,0,-1,0,0,0,3,1.02727,0
1,2,6,166,66433,96249.5,5106,46058,133348,130488,1.02191,0.721794,0.737612,1,2,0,0,0,0,0,0,0,-1,3,0,1,4,1.62532,1
1,2,0,339,75281,136171,6332,64916,135992,143758,0.945975,1.00132,0.947225,0,15,1,84.386,0.5,145.602,0.790569,65.5515,0.353553,1,1,1,1,3,1.62532,1
1,3,0,91,26218,42563.2,5519,86997,52990.5,82049.4,0.645836,0.803224,0.518751,0,1,-1,0,0,0,0,0,0,-1,0,0,1,4,1.62532,0
1,3,0,204,57875,94517,81279,8232935,171449,122278,1.40212,0.551282,0.772965,0,8,-1,0,0,0,0,0,0,-1,0,0,1,4,1.62532,1
1,3,0,540,125606,222600,66395,8597031,235085,228538,1.02865,0.946888,0.974015,0,11,-1,0,0,0,0,0,0,-1,0,0,1,4,2.23355,1
1,3,0,447,97150,177439,17114,524312,207699,200775,1.03448,0.85431,0.883769,2,3,-1,0,0,0,0,0,0,-1,0,0,1,5,2.23355,1
1,3,0,182,60361,93051.4,60991,5331775,119901,160697,0.746128,0.776071,0.579048,0,9,-1,0,0,0,0,0,0,-1,0,0,1,5,2.23355,1
1,3,0,389,103665,173536,48928,3838538,211754,193665,1.0934,0.819517,0.896062,1,1,-1,0,0,0,0,0,0,-1,0,0,1,5,2.23355,1
1,3,0,189,43183,77130.7,25765,936339,83765.3,80885.6,1.0356,0.920795,0.953578,0,2,-1,0,0,0,0,0,0,-1,0,0,0,4,1.7319,1
1,3,0,32,23263,29010.8,19445,391755,40724.6,29372.4,1.38649,0.712365,0.987689,0,1,-1,0,0,0,0,0,0,-1,0,0,0,4,1.7319,0
1,2,0,35,28141,34427.6,4073,27465,42801.6,34068.4,1.25634,0.804354,1.01054,0,5,0,0,0,0,0,0,0,-1,3,0,0,4,1.7319,0
1,2,0,35,24193,30479.6,4829,34945,41740.1,30300,1.37756,0.730225,1.00593,0,11,0,1.41421,1.06066,1.41421,1.06066,0,0,-1,3,2,0,1,1.7319,0
1,0,0,7,26127,27384.3,2044,7682,29548.2,27204.7,1.08614,0.926768,1.0066,0,9,0,4.12311,0.353553,4.12311,0.353553,0,0,-1,3,2,0,0,0.958333,0
1,2,0,33,22488,28415.4,3667,25921,29711.8,28235.8,1.05228,0.956366,1.00636,0,1,0,3,0.901388,3,0.901388,0,0,-1,3,2,1,1,0.958333,1
1,1,2,22,23198,27149.6,2317,12235,30604.4,28367.4,1.07886,0.887113,0.95707,0,1,0,3.16228,0.707107,2.23607,1.06066,1,0.790569,0,3,1,0,0,0.958333,0
1,0,0,2,20597,20956.2,1744,5200,21316.5,20956.2,1.01719,0.983099,1,0,1,0,4.12311,0.353553,4.12311,0.353553,0,0,-1,3,2,0,2,0.958333,0
1,0,0,7,57719,58976.3,5248,46686,60401.1,58976.3,1.02416,0.976411,1,0,2,0,4.12311,0.353553,4.12311,0.353553,0,0,-1,3,2,1,2,1.15395,0
1,0,0,5,22657,23555.1,3529,20441,26130.5,23555.1,1.10934,0.90144,1,0,1,0,1.41421,0.75,1.41421,0.75,0,0,-1,3,2,0,0,1.15395,0
1,2,7,33,42626,48553.4,5577,67981,56970.8,55195.4,1.03217,0.85225,0.879663,0,29,0,7.07107,0.790569,10.198,0.353553,3,0.5,0,3,2,0,1,1.15395,0
1,2,0,11,29093,31068.8,4135,29509,33482.1,30889.2,1.08394,0.927922,1.00581,0,4,0,4.12311,0.353553,4.12311,0.353553,0,0,-1,3,2,0,0,1.15395,0
1,0,0,3,18979,19517.9,3014,16774,21834.7,19517.9,1.11871,0.89389,1,0,1,0,4.12311,0.5,4.12311,0.5,0,0,-1,3,1,0,0,0.6875,0
1,0,0,6,25691,26768.7,3718,22206,28140.2,26768.7,1.05124,0.951262,1,0,2,0,0,0,0,0,0,0,-1,3,0,1,1,0.6875,0
1,0,0,4,22702,23420.5,3514,21526,24732.3,23420.5,1.05601,0.94696,1,0,1,0,0,0,0,0,0,0,-1,3,0,0,0,0.6875,0
1,2,0,9,22300,23916.6,3871,23675,25352.1,23736.9,1.06804,0.943375,1.00757,0,9,0,0,0,0,0,0,0,-1,3,0,0,0,0.6875,0
1,2,0,8,40871,42307.9,5182,46202,44196.5,42128.3,1.04909,0.957269,1.00426,0,5,1,0,0.353553,0,0.353553,0,0,-1,3,2,1,3,1.15781,0
1,1,2,39,25277,32282.1,3909,23925,32291.6,51782.1,0.623606,0.999704,0.623421,0,1,0,0,0,0,0,0,0,0,1,0,1,2,1.15781,1
1,2,0,15,43671,46365.3,5113,46537,46365.3,46781.8,0.991096,1,0.991096,0,3,0,0,0.5,1,0,0,0.5,0,1,1,0,0,1.15781,0
1,1,7,37,40989,47634.9,4303,35125,51084.3,80536.1,0.634304,0.932475,0.591472,0,1,0,20.5913,0.5,19.7231,0.790569,1,0.353553,1,1,1,1,3,1.15781,0
1,3,0,302,56753,110998,10671,218669,135958,178983,0.759615,0.816411,0.620158,0,9,-1,0,0,0,0,0,0,-1,0,0,1,2,2.01778,1
1,3,0,215,63878,102496,24356,945344,108254,117499,0.921324,0.946804,0.872314,0,8,-1,0,0,0,0,0,0,-1,0,0,1,4,2.01778,1
1,3,0,78,36115,50125.2,6280,67510,62239,70481.8,0.883051,0.805366,0.711179,2,1,-1,0,0,0,0,0,0,-1,0,0,1,4,2.01778,0
1,2,0,100,32821,50782.8,4173,29047,50782.8,67890.8,0.748006,1,0.748006,0,1,0,81.0247,0.790569,162.459,0.707107,81.0247,0.790569,1,1,2,1,4,2.01778,1
1,3,0,368,119734,185833,18250,474910,190312,216839,0.877663,0.976467,0.857009,0,16,-1,0,0,0,0,0,0,-1,0,0,1,5,2.2013,1
1,3,0,153,41662,69143.5,23843,825677,84286.1,75282.7,1.1196,0.820342,0.918451,1,1,-1,0,0,0,0,0,0,-1,0,0,0,4,2.2013,0
1,3,0,120,51506,73060.1,18993,491251,106824,82545.1,1.29412,0.683932,0.885093,1,1,-1,0,0,0,0,0,0,-1,0,0,0,4,2.2013,1
1,3,0,176,41893,73505.7,18229,544975,87108,94242.1,0.9243,0.843846,0.779966,2,1,-1,0,0,0,0,0,0,-1,0,0,1,3,2.2013,1
1,3,0,138,45630,70417.2,16856,852162,76793.5,74345.2,1.03293,0.916968,0.947166,2,2,-1,0,0,0,0,0,0,-1,0,0,0,1,1.36295,1
1,2,2,39,40067,47072.1,5157,42261,58997.2,57779.1,1.02108,0.797869,0.81469,0,2,0,65.4599,0.559017,65.4599,0,1.41421,0.559017,0,1,2,0,1,1.36295,1
1,2,4,187,56602,90190.5,4656,39494,100061,106658,0.938149,0.901356,0.845607,2,4,1,98.4937,0.353553,76.922,0.5,44.0114,0.790569,0,1,2,0,3,1.36295,1
1,2,7,117,43710,64725.3,5096,42604,66985.2,92126.1,0.727103,0.966262,0.702572,0,5,0,59.6825,0.353553,53.2353,0.5,8.06226,0.790569,0,1,2,0,4,1.36295,1
1,2,0,9,53021,54637.6,6135,71675,57854.5,54457.9,1.06237,0.944396,1.0033,0,1,0,1,0.25,1,0.25,0,0,-1,1,2,0,0,0.25,0
1,3,0,64,36065,47560.5,4217,27913,48956.8,47519.8,1.03024,0.97148,1.00086,0,1,-1,0,0,0,0,0,0,-1,0,0,0,0,0.25,1
1,2,0,74,46879,60170.7,5155,50561,60386.6,59991.1,1.00659,0.996425,1.00299,1,5,0,1,0.25,1,0.25,0,0,-1,1,2,0,0,0.25,1
1,2,0,466,137187,220889,7390,105046,220530,238667,0.924005,1.00163,0.92551,0,27,1,26.0768,0.901388,52.6972,0.5,26.0768,0.901388,0,3,2,0,3,0.25,1
1,1,6,22,24188,28139.6,3417,19747,28956,32825.6,0.882117,0.971806,0.857246,0,1,0,1,0,3,0.75,2,0.75,1,1,0,1,1,1.35096,0
1,1,0,19,20238,23650.7,2044,8734,23650.7,25569.2,0.924968,1,0.924968,0,1,0,5.38516,0.901388,5,0.353553,2,0.901388,1,3,2,1,1,1.35096,0
1,2,0,8,13014,14450.9,2906,13538,17984.4,14450.9,1.24451,0.803529,1,0,3,0,4.12311,0.353553,4.12311,0.353553,0,0,-1,3,2,0,0,1.35096,0
1,0,0,7,22788,24045.3,2570,12634,24288.7,24045.3,1.01012,0.989978,1,0,1,0,5.38516,0.901388,5.38516,0.901388,0,0,-1,3,2,0,0,1.35096,0
1,1,2,12,35143,37298.4,4711,33755,45953.4,53073.9,0.865838,0.811658,0.702764,0,1,0,0,0.5,0,0.5,0,0,-1,1,1,1,1,1.18906,0
1,2,0,77,42245,56075.6,5219,46023,55895.9,91954.6,0.607864,1.00321,0.609818,0,1,0,58.6686,0.901388,96.2549,0,38.9487,0.559017,0,1,2,1,1,1.18906,0
1,2,0,23,34613,38744.2,5333,43999,38564.6,60545.1,0.636957,1.00466,0.639923,0,3,0,1.41421,0.707107,1.41421,0,1.41421,0.707107,0,1,1,1,1,1.18906,0
1,2,4,71,35084,47836.8,4389,32669,70195.3,49597.6,1.4153,0.681482,0.9645,2,1,0,58.6686,0.901388,58.6686,0.901388,0,0,-1,1,2,1,1,1.18906,1
1,2,1,44,35927,43830.2,4566,34226,48208.7,44899.2,1.07371,0.909176,0.97619,0,3,0,25.807,0.707107,25.807,0.707107,0,0,-1,3,1,0,0,1.79815,0
1,2,0,30,37476,42864.5,4663,36681,48751.1,42684.9,1.14212,0.879252,1.00421,0,1,0,0,0,0,0,0,0,-1,3,0,0,2,1.79815,0
1,2,0,21,40777,44549,5627,50291,44369.4,49246,0.900973,1.00405,0.904621,0,9,0,1,0.5,1,0,1,0.5,0,1,1,1,2,1.79815,0
1,2,0,21,26361,30133,4009,28157,38446.7,29953.4,1.28355,0.78376,1.006,0,6,0,0,0,0,0,0,0,-1,3,0,0,0,1.79815,0
1,2,0,165,36444,66080.9,4162,27654,76250,65901.3,1.15703,0.866635,1.00273,1,8,0,0,0,0,0,0,0,-1,3,0,0,3,1.87,1
1,3,0,330,91750,151024,16732,417598,171353,184993,0.926267,0.881361,0.816376,1,1,-1,0,0,0,0,0,0,-1,0,0,1,5,1.87,1
1,3,0,175,63022,94455.1,18209,609041,98703.9,100071,0.986335,0.956954,0.943877,0,11,-1,0,0,0,0,0,0,-1,0,0,0,2,1.87,1
1,3,0,336,102348,162700,44070,2317568,180236,166092,1.08516,0.9027,0.979572,0,23,-1,0,0,0,0,0,0,-1,0,0,0,4,1.87,1
1,3,0,238,58600,101349,20131,741493,139165,141861,0.980996,0.728263,0.714423,1,2,-1,0,0,0,0,0,0,-1,0,0,0,4,1.79771,1
1,3,0,144,53156,79020.9,44449,3389447,107349,90426.1,1.18715,0.73611,0.873873,0,29,-1,0,0,0,0,0,0,-1,0,0,0,4,1.79771,1
1,3,0,187,45009,78597.5,17075,506283,83645.7,129985,0.643503,0.939648,0.604667,0,11,-1,0,0,0,0,0,0,-1,0,0,1,5,1.79771,1
1,3,0,319,72576,129874,21444,829360,137950,152268,0.905971,0.941454,0.85293,1,3,-1,0,0,0,0,0,0,-1,0,0,1,5,1.79771,1
1,3,0,15,31535,34229.3,4093,33313,41823.3,61705.5,0.67779,0.818425,0.55472,0,1,-1,0,0,0,0,0,0,-1,0,0,1,3,1.19927,0
1,2,0,17,38244,41297.5,5374,47886,47571.7,41297.5,1.15193,0.868111,1,0,17,0,1,0.25,1,0.25,0,0,-1,1,2,0,0,1.19927,0
1,3,0,30,33686,39074.5,4517,34565,43893.8,91179.8,0.481399,0.890206,0.428544,1,1,-1,0,0,0,0,0,0,-1,0,0,1,3,1.19927,0
1,2,0,17,44907,47960.5,5492,50190,49371.6,47960.5,1.02942,0.97142,1,0,3,0,1,0.25,1,0.25,0,0,-1,1,2,0,0,1.19927,0
1,2,0,15,33451,36145.3,4836,41402,37416.6,35965.6,1.04034,0.966022,1.00499,0,1,0,1,0.25,1,0.25,0,0,-1,1,2,0,0,0.2,0
1,2,0,32,48977,54724.8,4928,46492,58579.8,54724.8,1.07044,0.934192,1,0,3,0,1,0.25,1,0.25,0,0,-1,1,2,0,0,0.2,0
1,2,1,25,26874,31364.4,4446,31368,32866.2,31608.9,1.03978,0.954307,0.992267,0,7,0,1,0.25,1,0.25,0,0,-1,3,2,0,0,0.2,0
1,2,0,17,37634,40687.5,5047,52461,41944.8,40687.5,1.0309,0.970024,1,0,17,0,1,0.25,1,0.25,0,0,-1,1,2,0,0,0.2,0
1,2,0,288,101496,153226,7371,92923,155381,153226,1.01407,0.986128,1,1,20,0,1,0.25,1,0.25,0,0,-1,3,2,0,2,0.539474,1
1,3,0,530,128530,223727,62231,4381923,285498,266615,1.07083,0.783638,0.839139,2,1,-1,0,0,0,0,0,0,-1,0,0,0,4,0.539474,1
1,3,0,245,70850,114856,34000,2048600,126657,115390,1.09764,0.906827,0.995373,0,11,-1,0,0,0,0,0,0,-1,0,0,0,2,0.539474,1
1,3,0,144,36219,62083.9,62682,4077410,100717,76048,1.32439,0.616419,0.816379,1,3,-1,0,0,0,0,0,0,-1,0,0,0,4,0.539474,1
1,0,0,6,35250,36327.7,3319,17881,36715.3,36148.1,1.01569,0.989444,1.00497,0,1,1,0,0.353553,0,0.353553,0,0,-1,3,2,0,0,0.4,0
1,2,2,29,47934,53142.9,6268,70300,59152.1,55716.6,1.06166,0.898412,0.953808,0,2,0,2,0,3,0,1,0,1,3,0,0,0,0.4,0
1,2,0,12,23943,26098.4,5289,45117,27964,26098.4,1.07148,0.933287,1,0,7,1,0,0.353553,0,0.353553,0,0,-1,3,2,0,0,0.4,0
1,2,0,172,58565,89459.2,6069,61535,93729.3,89459.2,1.04773,0.954442,1,1,5,1,0,0.353553,0,0.353553,0,0,-1,3,2,0,0,0.4,1
1,2,0,135,34218,58466.4,4680,42872,60258.7,58466.4,1.03066,0.970256,1,0,2,0,1,0,1,0,0,0,-1,1,0,0,0,0.375,1
1,3,0,65,25692,37367.1,77730,6116040,69835,56301.2,1.24038,0.535078,0.663701,0,1,-1,0,0,0,0,0,0,-1,0,0,0,1,0.375,1
1,2,5,201,59699,95802.1,6359,75041,95774.4,96060.9,0.997018,1.00029,0.997307,1,1,0,0,0.5,0,0,1,0.5,1,3,1,0,3,0.375,1
1,3,0,107,34601,53820.1,67868,5257338,71190.9,65286.3,1.09044,0.755996,0.824371,1,1,-1,0,0,0,0,0,0,-1,0,0,0,4,0.375,1
1,3,0,183,44085,76955,46257,3141879,92684.8,84411.3,1.09801,0.830287,0.911668,0,12,-1,0,0,0,0,0,0,-1,0,0,0,1,0.784163,1
1,3,0,208,59830,97190.5,11885,321385,103365,100404,1.0295,0.940262,0.967998,0,1,-1,0,0,0,0,0,0,-1,0,0,0,1,0.784163,1
1,3,0,135,37213,61461.4,52150,3303092,76850.1,68535.2,1.12132,0.799757,0.896785,0,10,-1,0,0,0,0,0,0,-1,0,0,0,4,0.784163,1
1,2,0,331,86385,145838,6801,76313,153691,145479,1.05645,0.948906,1.00247,0,20,1,0,0,0,0,0,0,-1,3,0,0,4,0.784163,1
1,2,0,75,38362,51833.3,5003,39489,58489.7,51653.7,1.13234,0.886195,1.00348,1,1,0,1.41421,0.707107,1.41421,0.707107,0,0,-1,1,1,1,2,1.33038,1
1,2,0,17,37788,40841.5,4724,41376,42251,40482.3,1.04369,0.966641,1.00887,0,10,0,1,0.5,1,0.5,0,0,-1,1,1,0,3,1.33038,0
1,3,0,81,33016,47565,6969,146787,55827.5,48711.8,1.14608,0.852,0.976457,0,12,-1,0,0,0,0,0,0,-1,0,0,0,4,1.33038,1
1,0,0,9,35096,36712.6,4574,32852,37071.8,36532.9,1.01475,0.99031,1.00492,0,10,0,1,0.5,1,0.5,0,0,-1,1,1,0,2,1.33038,0
1,2,0,36,40024,46490.2,5711,58885,46310.6,46690.3,0.991869,1.00388,0.995716,0,5,0,5.83095,0.75,12.53,0.5,5.83095,0.75,1,3,2,0,1,1.64404,0
1,2,0,14,20679,23193.6,3523,23705,27513.4,23193.6,1.18625,0.842995,1,0,1,0,0,0,0,0,0,0,-1,3,0,0,0,1.64404,0
1,2,0,19,26939,30351.7,3979,25723,30231.8,30172.1,1.00198,1.00397,1.00595,0,1,0,1,0.5,1,0.5,0,0,-1,1,1,1,1,1.64404,0
1,2,1,25,35492,39982.4,4654,43682,41067.7,39884.6,1.02966,0.973574,1.00245,0,2,0,5.83095,0.75,5.83095,0.75,0,0,-1,3,2,0,0,1.64404,0
1,3,0,356,95939,159883,28795,1461791,168687,164113,1.02788,0.947806,0.974226,1,6,-1,0,0,0,0,0,0,-1,0,0,0,2,1.74942,1
1,3,0,477,117489,203167,30266,1167166,211989,206934,1.02443,0.958383,0.981794,1,1,-1,0,0,0,0,0,0,-1,0,0,1,5,1.74942,1
1,3,0,140,57585,82731.5,20829,711437,109892,88741.6,1.23833,0.752846,0.932273,0,11,-1,0,0,0,0,0,0,-1,0,0,0,2,1.74942,1
1,3,0,120,32001,53555.1,37186,1462990,68124,61156.5,1.11393,0.786141,0.875706,0,8,-1,0,0,0,0,0,0,-1,0,0,1,5,1.74942,0
1,3,0,348,85028,147535,27051,1087009,180750,184274,0.980873,0.81624,0.800627,2,3,-1,0,0,0,0,0,0,-1,0,0,1,5,2.08685,1
1,3,0,249,94915,139640,12054,348594,161360,168998,0.954805,0.865394,0.826282,0,9,-1,0,0,0,0,0,0,-1,0,0,1,5,2.08685,1
1,3,0,736,144182,276381,56547,4069187,293908,293776,1.00045,0.940365,0.940787,1,3,-1,0,0,0,0,0,0,-1,0,0,1,4,2.08685,1
1,3,0,180,93537,125868,12622,386452,146364,147675,0.99112,0.859968,0.852331,2,1,-1,0,0,0,0,0,0,-1,0,0,0,4,2.08685,1
1,3,0,34,27676,33783,5398,56976,41837.1,57557.8,0.726871,0.807488,0.58694,0,7,-1,0,0,0,0,0,0,-1,0,0,1,3,1.576,0
1,3,0,23,28901,33032.2,4304,37398,37241.5,35201.4,1.05795,0.886974,0.938377,0,1,-1,0,0,0,0,0,0,-1,0,0,0,0,1.576,0
1,3,0,159,59254,87813.2,9157,160065,105835,133156,0.794822,0.829717,0.659477,2,1,-1,0,0,0,0,0,0,-1,0,0,1,3,1.576,1
1,2,0,14,36776,39290.6,4171,34603,39564.4,39111,1.01159,0.993082,1.00459,0,2,0,0,0,0,0,0,0,-1,3,0,0,1,1.576,0
1,2,0,87,42539,58165.7,5358,50964,63432.5,57986.1,1.09393,0.916971,1.0031,0,1,0,0,0,0,0,0,0,-1,3,0,0,2,0.612903,0
1,3,0,184,48641,81690.6,15474,460736,91304.1,89029.8,1.02554,0.89471,0.917565,0,9,-1,0,0,0,0,0,0,-1,0,0,0,3,0.612903,1
1,3,0,412,116963,190965,37956,2827658,211409,205800,1.02726,0.903298,0.927919,2,5,-1,0,0,0,0,0,0,-1,0,0,0,0,0.612903,1
1,3,0,555,161389,261077,53411,4879947,268282,260979,1.02798,0.973142,1.00037,0,4,-1,0,0,0,0,0,0,-1,0,0,0,3,0.612903,1
