4,0,0,1,16189,16885.3,1152,12274,27863.9,16885.3,1.65018,0.605993,1,0,2,0,0,0,0,0,0,0,-1,3,0,1,1,1.21,0
4,0,0,3,15715,17804,1029,8415,27813.4,17804,1.5622,0.640122,1,0,4,0,2,0.5,2,0.5,0,0,-1,3,1,1,1,1.21,0
4,1,2,12,16216,24571.8,1587,16521,47585.2,29201,1.62958,0.516375,0.841474,0,1,0,0,0,0,0,0,0,-1,3,0,0,0,1.21,1
4,0,0,1,10473,11169.3,796,4594,21342.5,11169.3,1.91081,0.523337,1,0,1,0,2,0.5,2,0.5,0,0,-1,3,1,1,2,1.21,0
4,1,2,8,35573,41143.6,2404,39046,68677.2,77765.3,0.883134,0.599086,0.529073,0,2,0,1.41421,0.901388,1.41421,0.901388,0,0,-1,3,2,2,2,0.903101,0
4,1,1,35,27403,51774.2,2980,63358,56936.4,61445,0.926624,0.909335,0.842611,0,1,0,0,0.5,0,0.5,0,0,-1,3,1,2,2,0.903101,1
4,0,0,4,13753,16538.3,1109,10663,24547.1,16538.3,1.48426,0.673736,1,0,2,0,1,0.790569,1,0.790569,0,0,-1,3,2,0,0,0.903101,0
4,1,4,13,31885,40937.2,2516,48472,50820.3,44964,1.13025,0.805527,0.910444,0,2,0,1,0.75,1,0.75,0,0,-1,3,2,0,2,0.903101,0
4,0,0,3,20161,22250,1717,18497,34206,21553.6,1.58702,0.65047,1.03231,0,3,0,2,0.5,2,0.5,0,0,-1,3,1,2,2,1.72259,0
4,0,0,1,4789,5485.32,637,3265,17024.4,5485.32,3.10364,0.322203,1,0,3,0,2,0.5,2,0.5,0,0,-1,3,1,0,0,1.72259,0
4,1,7,9,21623,27889.9,1602,22190,55358,47382,1.16833,0.50381,0.588618,0,3,0,0,0,0,0,0,0,-1,3,0,1,1,1.72259,0
4,0,0,1,2020,2716.32,489,1489,9521.52,2716.32,3.5053,0.285282,1,0,2,0,2,0.5,2,0.5,0,0,-1,3,1,0,0,1.72259,0
4,1,2,7,14683,19557.2,1066,8054,50156.4,31575.3,1.58847,0.389925,0.619384,0,1,0,0,0,0,0,0,0,-1,3,0,1,1,1.72259,0
4,0,0,1,3043,3739.32,664,2502,9991.52,3739.32,2.67202,0.374249,1,0,2,0,2,0.5,2,0.5,0,0,-1,3,1,0,0,1.72259,0
4,0,0,1,14285,14981.3,851,5157,45699.8,14981.3,3.05045,0.32782,1,0,2,0,0,0,0,0,0,0,-1,3,0,1,1,1.72259,0
4,0,0,1,4809,5505.32,785,3939,15909.1,5505.32,2.88977,0.346048,1,0,2,0,0,0,0,0,0,0,-1,3,0,0,0,1.72259,0
4,0,0,0,6093,6093,907,5281,17576.4,6093,2.88469,0.346657,1,0,9,0,2,0.5,2,0.5,0,0,-1,3,1,0,0,1.51073,0
4,0,0,5,10693,14174.6,1162,8900,35390.5,14174.6,2.49676,0.40052,1,0,9,0,2,0.901388,2,0.901388,0,0,-1,3,2,1,1,1.51073,0
4,0,0,1,5535,6231.32,906,4974,13244.5,6231.32,2.12548,0.470483,1,0,9,0,2,0.5,2,0.5,0,0,-1,3,1,0,0,1.51073,0
4,0,0,3,16304,18393,1291,11897,30064.4,18393,1.63456,0.611786,1,0,9,0,2,0.901388,2,0.901388,0,0,-1,3,2,2,2,1.51073,0
3,2,5,61,18577,35377.2,1959,25319,38480.6,47825.8,0.8046,0.919351,0.73971,1,5,-1,0,0,0,0,0,0,-1,2,0,2,2,1.3,1
3,0,0,7,11417,13344.9,911,6055,15249.4,13069.5,1.1668,0.875107,1.02107,0,5,0,3,0.790569,3,0.790569,0,0,-1,3,2,1,2,1.3,0
3,0,0,5,14274,15651.1,1043,9533,15978.2,15375.7,1.03919,0.979528,1.01791,0,1,0,3,0.790569,3,0.790569,0,0,-1,3,2,0,2,1.3,1
3,0,0,4,16915,18016.7,1007,6625,17952.5,17741.2,1.01191,1.00357,1.01552,0,4,0,3,0.790569,3,0.790569,0,0,-1,3,2,0,2,1.3,0
3,0,0,2,8480,9030.83,1179,8263,11220.6,8755.41,1.28156,0.804847,1.03146,0,2,0,0,0,0,0,0,0,-1,3,0,0,0,1.3,0
3,1,7,14,12132,15987.8,1351,14433,18555,20660.4,0.898093,0.861645,0.773837,0,2,0,0,0,0,0,0,0,-1,3,0,0,0,1.3,0
3,0,0,1,8336,8611.41,1097,7561,10803.1,8611.41,1.25451,0.797122,1,0,1,0,0,0,0,0,0,0,-1,3,0,0,0,1.3,0
3,0,0,1,10042,10317.4,1139,8033,11330.3,10317.4,1.09817,0.910603,1,0,1,0,0,0,0,0,0,0,-1,3,0,1,1,1.3,0
3,0,0,2,7987,8537.83,850,5672,10577.8,8262.41,1.28023,0.807147,1.03333,0,1,-1,0,0,0,0,0,0,-1,2,0,1,1,0.832941,0
3,2,6,74,42061,62441.6,2849,49835,75152.1,105272,0.713888,0.83087,0.593148,1,10,-1,0,0,0,0,0,0,-1,2,0,2,2,0.832941,0
3,0,0,1,6987,7262.41,770,5394,10708.4,6987,1.53261,0.678199,1.03942,0,3,-1,0,0,0,0,0,0,-1,2,0,0,0,0.832941,0
3,0,0,4,8294,9395.65,915,6995,12201.6,9120.24,1.33785,0.770038,1.0302,0,2,0,4.24264,0.353553,4.24264,0.353553,0,0,-1,3,2,1,1,0.832941,0
3,0,0,4,10245,11346.7,944,7090,13803,11346.7,1.21648,0.822041,1,0,7,0,1.41421,0.901388,1.41421,0.901388,0,0,-1,3,2,1,1,1.26735,0
3,1,1,12,19153,22458,1656,18318,24190.3,25551.1,0.946742,0.928388,0.878944,0,2,0,1.41421,0.901388,1.41421,0.901388,0,0,-1,3,2,1,1,1.26735,1
3,1,6,14,19214,23069.8,1689,43661,36171.1,32264.5,1.12108,0.637796,0.715021,0,4,0,4.24264,0.353553,4.24264,0.353553,0,0,-1,3,2,2,2,1.26735,0
3,1,7,18,21816,26773.4,1463,15049,26800.9,35890.4,0.746743,0.998975,0.745978,0,1,-1,0,0,0,0,0,0,-1,2,0,1,3,1.26735,0
3,1,4,14,16451,20306.8,1359,16133,21797.3,21545.7,1.01168,0.931621,0.942501,0,2,0,1.41421,0.901388,1.41421,0.901388,0,0,-1,3,2,1,2,1.26735,1
3,0,0,2,2356,2906.83,492,1490,4639.14,2631.41,1.76298,0.626588,1.10466,0,2,0,1.41421,0.901388,1.41421,0.901388,0,0,-1,1,2,0,1,1.26735,0
3,1,0,27,22195,29631.2,1343,17021,29355.8,61698.4,0.475794,1.00938,0.480258,0,2,0,2.23607,0.790569,2.23607,0.75,1,0.75,1,3,2,2,5,1.26735,0
3,0,0,1,4112,4387.41,747,4011,8939.1,4387.41,2.03744,0.490812,1,0,6,0,2.23607,0.790569,2.23607,0.790569,0,0,-1,3,2,0,1,1.26735,0
3,2,6,109,64678,94698.1,2605,42055,133091,127603,1.04301,0.711526,0.742132,1,3,0,4.24264,0.353553,4.24264,0.353553,0,0,-1,3,2,2,2,1.26735,1
3,1,1,24,48070,54679.9,3567,100329,79021.6,84814.6,0.931697,0.691962,0.644699,0,7,0,1.41421,0.353553,1.41421,0.353553,0,0,-1,3,2,2,3,1.26735,1
3,0,0,6,20307,21959.5,1197,17897,27709.6,21684.1,1.27788,0.792487,1.0127,0,4,0,1,0.901388,1,0.901388,0,0,-1,3,2,1,3,1.26735,0
3,1,0,21,38085,43868.7,2359,39129,43593.3,52263.6,0.834104,1.00632,0.839374,0,3,0,1.41421,0.559017,2,0.25,0,0.790569,0,3,2,1,4,1.26735,1
3,2,1,88,34156,58392.4,2124,30792,65948.2,60990.7,1.08128,0.885428,0.957398,2,1,0,1.41421,0.353553,1.41421,0.353553,0,0,-1,3,2,2,3,1.26735,0
3,1,0,15,5388,9519.2,803,4771,9519.2,11110.2,0.856796,1,0.856796,0,2,-1,0,0,0,0,0,0,-1,2,0,0,0,1.26735,0
3,2,1,53,37828,52424.9,2273,38529,52983.9,67354.2,0.786645,0.989451,0.778346,0,1,1,4.12311,0,4.47214,0.353553,1,0.353553,1,3,0,1,3,1.26735,1
3,0,0,2,2439,2989.83,556,2068,5272.72,2714.41,1.94249,0.567037,1.10146,0,4,1,4.12311,0,4.12311,0,0,0,-1,3,0,0,1,1.26735,0
3,2,6,18,27086,32043.4,1959,25711,44507.8,33560.3,1.3262,0.719952,0.954801,0,1,0,0,0,0,0,0,0,-1,3,0,1,1,1.77941,1
3,0,0,2,2064,2614.83,454,1414,4082.31,2614.83,1.56122,0.640527,1,0,3,-1,0,0,0,0,0,0,-1,2,0,0,1,1.77941,0
3,1,2,20,6716,12224.3,1052,7892,24928.7,27688,0.900343,0.49037,0.441501,0,4,1,0,0,0,0,0,0,0,1,0,2,4,1.77941,0
3,0,0,3,2298,3124.24,645,2365,4776.72,3124.24,1.52892,0.654055,1,0,1,-1,0,0,0,0,0,0,-1,2,0,0,1,1.77941,0
3,1,2,10,16322,19076.1,994,6876,26029,27555.9,0.94459,0.732879,0.692271,0,2,1,0,0,0,0,0,0,-1,1,0,1,1,1.77941,0
3,0,0,3,2223,3049.24,507,1551,4711.72,2773.83,1.69864,0.647161,1.09929,0,1,0,5.09902,0.559017,5.09902,0.559017,0,0,-1,3,2,0,0,1.77941,0
3,1,0,8,14085,16288.3,798,4424,16012.9,16443.4,0.973818,1.0172,0.990567,0,2,0,0,0,0,0,0,0,0,1,0,0,0,1.77941,0
3,0,0,3,2056,2882.24,506,1634,4184.9,2882.24,1.45196,0.688725,1,0,2,0,5.09902,0.559017,5.09902,0.559017,0,0,-1,3,2,0,0,1.77941,0
3,0,0,3,15829,16655.2,1395,13893,22043.9,16655.2,1.32354,0.75555,1,0,3,0,5,0.901388,5,0.901388,0,0,-1,3,2,0,0,1.57882,0
3,0,0,2,11921,12471.8,1142,10710,17474.4,12471.8,1.40111,0.713718,1,0,2,0,5,0.901388,5,0.901388,0,0,-1,3,2,1,1,1.57882,0
3,0,0,5,14328,15705.1,1266,12288,21796.9,15705.1,1.38789,0.720519,1,0,1,0,6.08276,0.75,6.08276,0.75,0,0,-1,3,2,1,1,1.57882,0
3,0,0,2,14327,14877.8,1216,11504,18837.3,14877.8,1.26614,0.789805,1,0,2,0,6.08276,0.75,6.08276,0.75,0,0,-1,3,2,2,2,1.57882,0
3,1,1,13,11433,15013.4,1194,12870,24347.8,16288.8,1.49475,0.616622,0.921698,0,1,0,6.08276,0.75,6.08276,0.75,0,0,-1,3,2,1,1,1.57882,1
3,0,0,4,6163,7264.65,822,5496,8362.31,6989.24,1.19645,0.868738,1.03941,0,1,0,0,0,0,0,0,0,-1,3,0,0,1,1.57882,0
3,2,0,45,20261,32654.6,1916,23820,41507.6,32379.2,1.28192,0.786714,1.00851,1,1,0,7.07107,0.790569,7.07107,0.790569,0,0,-1,3,2,1,3,1.57882,1
3,0,0,3,4102,4928.24,712,3144,6277.31,4652.83,1.34914,0.785088,1.05919,0,1,0,0,0,0,0,0,0,-1,3,0,0,2,1.57882,0
3,1,0,12,17371,20676,1402,15988,20676,21342.2,0.968781,1,0.968781,0,11,0,1,0.901388,1,0.559017,1,0.5,1,1,2,1,1,1.50766,0
3,0,0,6,15839,17491.5,1507,15081,21614.7,17216.1,1.25549,0.809241,1.016,0,2,0,1,0.5,1,0.5,0,0,-1,3,1,2,4,1.50766,0
3,0,0,3,7228,8054.24,878,5784,11001.8,8054.24,1.36596,0.732085,1,0,4,0,1,0.901388,1,0.901388,0,0,-1,1,2,1,1,1.50766,0
3,0,0,5,14984,16361.1,1452,14910,19224.9,16361.1,1.17504,0.851037,1,0,3,0,1,0.901388,1,0.901388,0,0,-1,3,2,1,1,1.50766,0
3,2,0,109,42372,72392.1,2479,38411,74385,72116.7,1.03145,0.973208,1.00382,0,2,0,1,0.5,1,0.5,0,0,-1,3,1,1,4,1.50766,1
3,0,0,2,2930,3480.83,627,2681,5117.31,3205.41,1.59646,0.680207,1.08592,0,3,0,2,0.25,2,0.25,0,0,-1,1,2,0,2,1.50766,0
3,2,1,155,46009,88698.1,2679,47979,100433,140001,0.717375,0.883154,0.633553,0,4,0,2.82843,0.5,4.47214,0.25,2,0.75,1,3,1,2,4,1.50766,0
3,0,0,2,8514,9064.83,883,6437,12247,9064.83,1.35104,0.740169,1,0,1,0,2.82843,0.559017,2.82843,0.559017,0,0,-1,3,2,1,2,1.50766,0
3,1,0,15,9498,13629.2,889,6229,13629.2,16303.8,0.835951,1,0.835951,0,1,-1,0,0,0,0,0,0,-1,2,0,1,1,1.50766,0
3,1,7,24,26634,33243.9,2251,56463,68088.1,57127,1.19187,0.488249,0.58193,0,3,-1,0,0,0,0,0,0,-1,2,0,1,1,1.50766,0
3,0,0,2,4516,5066.83,670,3844,7982.79,5066.83,1.5755,0.634719,1,0,1,0,0,0,0,0,0,0,-1,3,0,0,0,1.50766,0
3,0,0,2,13314,13864.8,1198,11306,14565.4,13864.8,1.05053,0.951903,1,0,1,0,0,0,0,0,0,0,-1,3,0,0,0,1.50766,0
3,2,1,87,48315,72276,2792,48298,83905.8,85269.6,0.984006,0.861394,0.847618,1,1,0,2.23607,0.75,2.23607,0.75,0,0,-1,3,2,2,2,1.50766,0
3,1,5,29,13464,21451,1218,34438,29750.6,27465.6,1.08319,0.721027,0.781013,0,3,0,1.41421,0.901388,1.41421,0.707107,1,0.25,0,3,2,1,1,1.50766,0
3,1,0,26,9971,17131.8,1464,18786,17131.8,20423.2,0.838836,1,0.838836,0,3,0,1,0.353553,2,0.707107,1,0.353553,0,3,2,1,1,1.50766,0
3,0,0,2,5649,6199.83,643,4557,7231.55,6199.83,1.16641,0.85733,1,0,1,0,1,0.353553,1,0.353553,0,0,-1,3,2,0,0,1.50766,0
4,0,0,3,7386,9474.96,836,6292,22013.7,9474.96,2.32336,0.430412,1,0,31,0,1.41421,0.25,1.41421,0.25,0,0,-1,3,2,1,1,0.73641,0
4,1,6,33,45009,67987.6,2630,53468,69382.3,77540.3,0.89479,0.979897,0.876803,0,31,0,1.41421,0.25,1.41421,0.25,0,0,-1,3,2,1,1,0.73641,1
4,0,0,1,6787,7483.32,751,5147,14613.5,7483.32,1.95281,0.512082,1,0,1,0,0,0,0,0,0,0,-1,3,0,0,0,0.73641,0
4,0,0,2,8192,9584.64,859,6203,16721.4,8888.32,1.88128,0.573195,1.07834,0,1,0,0,0,0,0,0,0,-1,3,0,0,2,0.73641,0
4,0,0,3,7845,9933.96,893,6187,15702.5,9933.96,1.58069,0.632635,1,0,1,0,1,0.790569,1,0.790569,0,0,-1,3,2,0,0,1.29032,0
4,0,0,1,20015,20711.3,1502,15082,32056.4,20711.3,1.54777,0.64609,1,0,1,0,1,0.790569,1,0.790569,0,0,-1,3,2,1,1,1.29032,0
4,1,2,9,20898,27164.9,1504,24816,44469,33309,1.33505,0.610872,0.815543,0,5,0,1.41421,0.25,1.41421,0.25,0,0,-1,3,2,1,1,1.29032,1
4,0,0,2,18910,20302.6,1368,12874,31443.8,19606.3,1.60376,0.645681,1.03552,0,5,0,1,0.790569,1,0.790569,0,0,-1,3,2,1,2,1.29032,0
4,1,2,11,45453,53112.5,2631,46105,95349.9,86037.3,1.10824,0.557027,0.61732,0,3,0,2.23607,0.25,2.23607,0.25,0,0,-1,3,2,2,5,1.29032,1
4,1,1,36,28581,53648.5,2825,58019,66184,68860.3,0.961133,0.810597,0.779092,0,2,0,1,0.790569,1,0.790569,0,0,-1,3,2,2,4,1.29032,1
4,0,0,2,13656,15048.6,1031,9365,26644.4,14352.3,1.85645,0.564796,1.04852,0,2,0,0,0,0,0,0,0,-1,3,0,0,3,1.29032,0
4,0,0,4,35223,38008.3,2280,40068,51553,37312,1.38167,0.737267,1.01866,0,1,0,1,0.790569,1,0.790569,0,0,-1,3,2,1,4,1.29032,0
4,0,0,3,27575,29664,1928,24628,42560,29664,1.43474,0.696992,1,0,27,0,1,0.707107,1,0.707107,0,0,-1,3,1,2,2,1.48941,0
4,0,0,1,2212,2908.32,549,1827,15636.8,2908.32,5.37656,0.185992,1,0,27,0,1,0.707107,1,0.707107,0,0,-1,3,1,0,0,1.48941,0
4,0,0,1,13830,14526.3,932,7818,25736.7,14526.3,1.77173,0.56442,1,0,27,0,0,0,0,0,0,0,-1,3,0,1,1,1.48941,0
4,0,0,1,2822,3518.32,550,2012,14306.8,3518.32,4.06636,0.24592,1,0,27,0,0,0,0,0,0,0,-1,3,0,0,0,1.48941,0
4,0,0,1,20427,21123.3,1184,13190,32990,21123.3,1.56178,0.640295,1,0,4,0,0,0,0,0,0,0,-1,3,0,2,2,1.09,0
4,0,0,3,13694,15783,959,6555,21358.5,15783,1.35326,0.738954,1,0,4,0,1.41421,0.559017,1.41421,0.559017,0,0,-1,3,2,1,1,1.09,0
4,0,0,4,7832,10617.3,898,5856,20404.5,10617.3,1.92182,0.520341,1,0,1,0,1.41421,0.559017,1.41421,0.559017,0,0,-1,3,2,1,1,1.09,0
4,0,0,1,15367,16063.3,1144,8260,27233.4,15367,1.7722,0.589839,1.04531,0,1,0,1.41421,0.559017,1.41421,0.559017,0,0,-1,3,2,0,0,1.09,0
4,0,0,3,5874,7962.96,740,3678,20022.1,7962.96,2.5144,0.397709,1,0,3,0,1.41421,0.559017,1.41421,0.559017,0,0,-1,3,2,1,1,0.818015,0
4,0,0,1,18847,19543.3,1363,15019,30173.1,19543.3,1.54391,0.647707,1,0,3,0,1.41421,0.559017,1.41421,0.559017,0,0,-1,3,2,1,1,0.818015,0
4,0,0,4,14183,16968.3,1189,10401,26223.7,16968.3,1.54546,0.647058,1,0,2,0,2,0.5,2,0.5,0,0,-1,3,1,1,1,0.818015,0
4,0,0,1,27653,28349.3,1927,22819,39190.5,28349.3,1.38241,0.723373,1,0,4,0,2,0.5,2,0.5,0,0,-1,3,1,1,1,0.818015,0
4,0,0,1,3453,4149.32,718,3070,10847.5,4149.32,2.61429,0.382513,1,0,4,0,1.41421,0.559017,1.41421,0.559017,0,0,-1,3,2,0,0,0.818015,0
4,0,0,3,4155,6243.96,743,3751,12557.8,6243.96,2.0112,0.497216,1,0,4,0,0,0,0,0,0,0,-1,3,0,0,0,0.818015,0
4,0,0,1,6815,7511.32,941,5773,16653.5,7511.32,2.21712,0.451036,1,0,4,0,2,0.5,2,0.5,0,0,-1,3,1,0,0,0.818015,0
4,0,0,3,3089,5177.96,703,2809,10719.5,5177.96,2.07022,0.48304,1,0,4,0,0,0,0,0,0,0,-1,3,0,0,0,0.818015,0
4,0,0,3,10872,12961,1082,8942,22440.4,12961,1.73139,0.577572,1,0,2,0,1.41421,0.25,1.41421,0.25,0,0,-1,3,2,1,1,1.01261,0
4,0,0,2,18442,19834.6,1455,13769,31457.4,19834.6,1.58598,0.630524,1,0,4,0,1.41421,0.5,1.41421,0.5,0,0,-1,3,1,2,2,1.01261,0
4,0,0,5,21548,25029.6,1407,17061,38111,25029.6,1.52264,0.656755,1,0,13,0,1,0.559017,1,0.559017,0,0,-1,3,2,1,1,1.01261,0
4,0,0,1,28537,29233.3,1700,23398,38472.3,29233.3,1.31604,0.759853,1,0,1,0,1,0.559017,1,0.559017,0,0,-1,3,2,0,0,1.01261,0
4,1,2,30,58022,78911.6,3582,92238,146233,155467,0.940602,0.539629,0.507576,0,3,0,2.23607,0.25,2.23607,0.25,0,0,-1,3,2,2,2,1.01261,1
4,0,0,4,36752,39537.3,2187,35097,45566.4,38841,1.17315,0.867686,1.01793,0,3,0,1.41421,0.25,1.41421,0.25,0,0,-1,3,2,2,3,1.01261,1
4,0,0,4,21139,23924.3,1300,16224,35895.1,23228,1.54534,0.666505,1.02998,0,1,0,1,0.353553,1,0.353553,0,0,-1,3,2,1,3,1.01261,0
4,0,0,3,34075,36164,2128,30936,46417.8,35467.6,1.30874,0.779097,1.01963,0,4,0,1,0.559017,1,0.559017,0,0,-1,3,2,2,5,1.01261,0
4,1,1,13,32900,41952.2,1968,28326,51416.5,42380.3,1.21322,0.815928,0.989897,0,1,0,1.41421,0.25,1.41421,0.25,0,0,-1,3,2,1,2,1.01261,1
4,0,0,3,4619,6707.96,755,4329,15440.1,6011.64,2.56837,0.43445,1.11583,0,1,0,1.41421,0.25,1.41421,0.25,0,0,-1,3,2,0,1,1.01261,0
4,1,4,36,47748,72815.5,2948,65676,73207.7,89238.3,0.820361,0.994643,0.815967,0,1,0,1,0.559017,1,0.559017,0,0,0,1,2,2,5,1.01261,0
4,0,0,1,2395,3091.32,563,2227,12670.8,3091.32,4.09883,0.243972,1,0,1,1,2.23607,0.75,2.23607,0.75,0,0,-1,3,2,0,1,1.01261,0
4,0,0,2,7879,9271.64,986,6790,17800.5,8575.32,2.07578,0.520865,1.0812,0,2,0,3,0,3,0,0,0,-1,3,0,0,0,1.40667,0
4,0,0,2,4735,6127.64,827,4281,11712.2,6127.64,1.91137,0.523184,1,0,2,0,0,0,0,0,0,0,-1,3,0,0,0,1.40667,0
4,0,0,1,6042,6738.32,957,5509,16040.8,6738.32,2.38053,0.420074,1,0,2,0,3,0,3,0,0,0,-1,3,0,0,0,1.40667,0
4,0,0,3,9562,11651,979,7185,17896.8,10954.6,1.63372,0.651007,1.06356,0,2,0,0,0,0,0,0,0,-1,3,0,1,1,1.40667,0
4,1,5,13,48343,57395.2,2659,46977,64121.2,66737.3,0.9608,0.895104,0.860016,0,4,0,1,0,1,0,0,0,-1,3,0,2,2,1.15846,0
4,0,0,2,2701,4093.64,607,2477,9719.2,4093.64,2.37422,0.421191,1,0,4,1,2.23607,0.75,2.23607,0.75,0,0,-1,3,2,0,0,1.15846,0
4,1,7,13,64371,73423.2,2654,52356,79249.3,134851,0.587682,0.926483,0.544477,0,3,0,1.41421,0.559017,1.41421,0.559017,0,0,-1,3,2,1,1,1.15846,1
4,0,0,2,4985,6377.64,724,3172,12729.5,5681.32,2.24059,0.501012,1.12256,0,2,0,1.41421,0.559017,1.41421,0.559017,0,0,-1,3,2,0,1,1.15846,0
4,0,0,2,8630,10022.6,826,5310,19535.4,10022.6,1.94913,0.513049,1,0,7,0,1,0.559017,1,0.559017,0,0,-1,3,2,1,1,1.15846,0
4,1,7,13,27529,36581.2,1765,21895,48255.7,39625.6,1.21779,0.758069,0.923169,0,2,0,1,0.559017,1,0.559017,0,0,-1,3,2,1,1,1.15846,1
4,0,0,1,4963,5659.32,692,4310,16136.1,5659.32,2.85125,0.350724,1,0,7,0,0,0,0,0,0,0,-1,3,0,0,0,1.15846,0
4,0,0,2,10191,11583.6,1067,8075,22724.1,10887.3,2.08721,0.509752,1.06396,0,7,0,0,0,0,0,0,0,-1,3,0,0,2,1.15846,0
4,0,0,4,54154,56939.3,2464,42010,62426.4,55546.6,1.12386,0.912103,1.02507,0,3,0,1.41421,0.559017,1.41421,0.559017,0,0,-1,3,2,1,4,1.15846,1
4,0,0,3,8854,10943,566,3356,20616.4,10246.6,2.01202,0.530788,1.06796,0,3,0,1.41421,0.559017,1.41421,0.559017,0,0,-1,3,2,0,2,1.15846,1
4,0,0,4,10327,13112.3,1128,7890,26515.4,12416,2.13559,0.494516,1.05608,0,3,0,0,0.901388,0,0.901388,0,0,-1,3,2,1,4,1.15846,0
4,0,0,1,4164,4860.32,527,2405,12406.8,4860.32,2.55268,0.391745,1,0,3,0,0,0.901388,0,0.901388,0,0,-1,3,2,0,3,1.15846,0
1,0,0,1,4535,4591.58,819,4319,5347.91,4535,1.17925,0.858574,1.01248,0,1,0,0,0,0,0,0,0,-1,3,0,0,0,2,0
1,0,0,1,3460,3516.58,669,3007,3914.76,3460,1.13143,0.898286,1.01635,0,1,0,0,0,0,0,0,0,-1,3,0,0,0,2,0
1,0,0,0,7013,7013,967,6723,7522.18,7013,1.07261,0.932309,1,0,1,0,0,0,0,0,0,0,-1,3,0,0,0,2,0
1,2,1,73,9274,13404,1252,10246,14428,19546.4,0.738137,0.929033,0.685754,1,3,0,0,0,0,0,0,0,-1,3,0,1,1,2,0
1,0,0,1,7499,7555.58,922,6052,8045.76,7555.58,1.06488,0.939075,1,0,3,0,0,0,0,0,0,0,-1,3,0,0,0,2,0
1,0,0,1,5876,5932.58,849,4629,6087.34,5932.58,1.02609,0.974577,1,0,3,0,0,0,0,0,0,0,-1,3,0,0,0,2,0
1,1,0,18,5667,6685.37,828,5044,6628.79,6823.88,0.971411,1.00853,0.979702,0,2,1,0,0.559017,0,0.5,1,0.25,1,3,2,0,0,2,1
1,0,0,1,5924,5980.58,900,5374,6450.76,5924,1.08892,0.927112,1.00955,0,3,0,0,0,0,0,0,0,-1,1,0,0,1,2,0
1,0,0,1,7820,7876.58,998,6474,8329.18,7820,1.06511,0.94566,1.00723,0,2,0,0,0,0,0,0,0,-1,3,0,0,0,2,0
1,2,0,126,9376,16504.6,1141,9591,16448,18942.2,0.868328,1.00344,0.871314,2,2,0,8,0.25,8,0.75,0,0.5,1,1,2,1,1,2,0
1,2,2,81,7124,11706.7,1130,8278,13512.8,16812.1,0.803753,0.866341,0.696325,1,4,0,0,0,0,0,0,0,-1,1,0,1,1,2,1
1,2,6,94,11481,16799.1,1167,10413,20986.8,29985.6,0.699894,0.800464,0.56024,2,1,0,9,0.75,9.05539,0.901388,0,1.06066,1,1,2,1,2,2,1
1,0,0,2,3314,3427.15,674,2860,3962.34,3370.58,1.17557,0.864932,1.01679,0,1,0,0,0,0,0,0,0,-1,3,0,0,0,1.98901,0
1,0,0,1,3485,3541.58,717,3311,3874.18,3485,1.11167,0.914148,1.01623,0,1,0,0,0,0,0,0,0,-1,3,0,0,0,1.98901,0
1,2,1,52,7886,10828,1122,9274,12659.2,13990.8,0.90482,0.855345,0.773933,1,2,0,0,0,0,0,0,0,-1,3,0,1,1,1.98901,1
1,1,1,30,3650,5347.28,1127,6955,6149.31,5715.01,1.07599,0.869574,0.935656,0,2,0,0,0,0,0,0,0,-1,3,0,1,2,1.98901,1
1,2,5,90,8603,13694.8,1251,10655,14362.7,14079.8,1.02009,0.953499,0.972656,1,2,0,7.07107,0.790569,7.07107,0.790569,0,0,-1,1,2,1,3,1.98901,0
1,2,5,65,9344,13021.4,1254,11294,14418.9,13189.8,1.09319,0.90308,0.987237,1,3,0,7.07107,0.790569,7.07107,0.790569,0,0,-1,1,2,1,4,1.98901,0
1,2,1,256,16505,30988.5,1412,11896,40359.7,42942.9,0.939846,0.767808,0.721621,2,1,0,8.06226,0.707107,8.06226,0.75,1,0.559017,1,1,1,1,2,1.98901,1
1,2,0,35,3842,5822.16,775,4001,5765.58,6161.86,0.93569,1.00981,0.944871,0,2,0,13,0.25,13.0384,0.75,1,0,0,1,2,1,2,1.98901,0
1,2,1,62,10551,14058.7,1219,9447,17755.7,26871.8,0.660755,0.791786,0.523177,1,3,0,0,0,0,0,0,0,-1,3,0,1,1,1.14516,1
1,2,1,33,6870,8737.01,1150,8222,10437.6,11810.2,0.883775,0.837074,0.739785,1,15,0,0,0,0,0,0,0,-1,3,0,1,2,1.14516,1
1,2,2,217,18815,31092,1762,18918,34195.1,42304.9,0.8083,0.909253,0.734949,2,1,0,8.24621,0.5,10.4403,0,1.41421,0.5,1,1,1,1,3,1.14516,1
1,2,4,279,14384,30168.7,1385,12789,32659.5,34084.9,0.958181,0.923735,0.885105,2,1,0,9.21954,0.5,9.21954,0.5,0,0,-1,1,1,0,4,1.14516,1
1,1,1,18,15609,16627.4,1649,17219,17054.4,21301.8,0.80061,0.974961,0.780563,0,3,1,0,0.790569,0,0.707107,1,0.353553,1,1,2,0,2,2.02819,0
1,2,2,109,12161,18327.8,1499,14547,19474.4,20991.2,0.927744,0.941121,0.873119,1,3,1,0,0.901388,1.41421,0.5,0,0.901388,0,3,2,1,2,2.02819,1
1,0,0,9,7147,7656.18,1098,7394,7603.34,7599.61,1.00049,1.00695,1.00744,0,1,1,0,0.707107,0,0.707107,0,0,-1,3,1,0,0,2.02819,0
1,2,2,136,10880,18574.3,1412,11864,24884.3,24542.9,1.01391,0.746427,0.756812,1,3,1,0,0.707107,0,0.707107,0,0,-1,3,1,0,2,2.02819,0
1,3,0,233,13145,26327.2,2419,52891,29661.2,29580.7,1.00272,0.887599,0.890012,2,5,-1,0,0,0,0,0,0,-1,0,0,1,4,2.02819,1
1,2,1,42,4906,7282.19,868,4714,8139.86,8952.62,0.909215,0.894634,0.813415,0,4,0,15,0.790569,15,0.75,1,0.25,1,1,2,1,5,2.02819,0
1,2,2,123,8898,15856.8,1049,6863,21971.9,22253,0.987364,0.721689,0.71257,0,6,0,12.3693,0.790569,13.6015,0.5,2,1.06066,1,1,2,0,3,2.02819,0
1,2,4,99,7070,12671,952,6116,12772.8,14962.2,0.853672,0.992029,0.846867,1,2,0,15.2971,0.25,15.8114,0.75,3,0.5,0,1,2,0,1,2.02819,0
1,0,0,2,9254,9367.15,1256,9402,9638.91,9367.15,1.02901,0.971806,1,0,1,1,0,0.707107,0,0.707107,0,0,-1,3,1,0,0,2.02819,1
1,2,2,167,11417,20865.2,1375,11733,22519,22734.4,0.990528,0.926558,0.917782,2,4,0,0,0.5,0,0.5,0,0,-1,3,1,0,1,2.02819,1
1,2,0,11,8203,8825.34,1435,13447,8992.22,8825.34,1.01891,0.981442,1,0,2,0,1,0.25,1,0.25,0,0,-1,3,2,0,2,2.02819,0
1,2,7,191,11678,22484,1305,10637,25230.2,24685.7,1.02206,0.891153,0.910813,1,1,0,0,0.5,0,0.5,0,0,-1,3,1,1,4,2.02819,1
1,2,0,30,4363,6060.28,783,3975,7029.86,6003.7,1.17092,0.862077,1.00942,0,2,0,15,0.25,15,0.25,0,0,-1,1,2,0,1,2.02819,0
1,2,1,68,6298,10145.2,779,4389,10178.2,10183,0.99953,0.996755,0.996286,1,3,0,15.0333,0,15.0333,0.75,0,0.75,0,3,0,0,0,2.02819,1
1,2,5,46,8272,10874.5,920,5718,11787.6,14845.4,0.794022,0.922538,0.732515,0,4,0,20.025,0.559017,19.9249,0.25,5.38516,0.790569,1,1,2,1,3,2.02819,0
1,2,2,202,9367,20795.4,1055,7761,21673.6,25686.7,0.843766,0.959479,0.809576,1,9,0,20.025,0.790569,19.0263,0.790569,2.23607,0.5,0,3,2,0,2,2.02819,1
1,3,0,115,5423,11929.2,2145,37369,13498.6,13436.1,1.00465,0.883739,0.887851,0,8,-1,0,0,0,0,0,0,-1,0,0,1,4,1.73518,0
1,3,0,40,4774,7037.04,1284,8928,8365.8,7324.58,1.14215,0.841168,0.960743,0,1,-1,0,0,0,0,0,0,-1,0,0,0,1,1.73518,0
1,3,0,130,6303,13657.9,1572,27798,14567.5,14556.3,1.00077,0.937557,0.938281,0,9,-1,0,0,0,0,0,0,-1,0,0,1,1,1.73518,1
1,3,0,25,5075,6489.4,1566,13190,8012.83,6579.1,1.21792,0.809876,0.986367,0,1,-1,0,0,0,0,0,0,-1,0,0,1,2,1.73518,0
1,2,2,187,13524,24103.7,1080,8610,24745.7,25430,0.973092,0.974057,0.947847,1,2,0,14.0357,0.25,13.0384,0.5,3.16228,0.559017,1,3,2,1,4,1.73518,1
1,2,0,28,4521,6105.13,925,5585,8039.26,6105.13,1.3168,0.759415,1,0,2,0,24.0832,0.75,24.0832,0.75,0,0,-1,3,2,1,3,1.73518,0
1,3,0,250,16021,30165,3562,79284,32422.6,33908.7,0.956174,0.93037,0.889595,0,4,-1,0,0,0,0,0,0,-1,0,0,1,5,1.73518,1
1,2,0,61,5450,8901.14,1029,6583,10158.7,8901.14,1.14128,0.876207,1,0,8,0,24.0832,0.75,24.0832,0.75,0,0,-1,3,2,1,3,1.73518,0
1,0,0,7,4248,4644.03,799,4129,4912.43,4587.46,1.07084,0.945363,1.01233,0,1,0,0,0,0,0,0,0,-1,3,0,0,0,1.73518,0
1,0,0,3,4171,4340.73,757,3821,4740.49,4284.15,1.10652,0.915671,1.01321,0,1,0,0,0,0,0,0,0,-1,3,0,0,0,1.73518,0
1,1,6,23,4185,5486.25,941,5561,6405.31,7269.19,0.881159,0.856515,0.754726,0,2,0,2,0.5,5,0,2,0.5,1,1,1,0,0,1.73518,0
1,0,0,2,3137,3250.15,696,2904,3759.34,3250.15,1.15666,0.864555,1,0,2,0,0,0,0,0,0,0,-1,3,0,0,0,1.73518,0
1,0,0,1,3820,3876.58,771,3509,4498.91,3876.58,1.16054,0.86167,1,0,13,0,0,0,0,0,0,0,-1,3,0,0,0,0.798529,0
1,0,0,2,3337,3450.15,640,2920,4072.49,3393.58,1.20006,0.847185,1.01667,0,13,0,0,0,0,0,0,0,-1,3,0,0,0,0.798529,0
1,0,0,1,3579,3635.58,722,3220,4257.91,3635.58,1.17118,0.85384,1,0,13,0,0,0,0,0,0,0,-1,3,0,0,0,0.798529,0
1,1,1,28,6378,7962.13,731,4335,8863.74,14364.3,0.617067,0.898281,0.5543,0,1,0,0,0,0,0,0,0,-1,3,0,1,1,0.798529,0
1,0,0,2,3895,4008.15,702,3346,4573.91,3951.58,1.15749,0.876307,1.01432,0,5,0,0,0,0,0,0,0,-1,3,0,0,0,0.798529,0
1,2,6,337,19040,38106.1,1574,16296,38529.2,55129.1,0.698891,0.989018,0.691216,2,7,0,5,0.75,10,0.5,5,0.75,0,1,2,1,1,0.798529,1
1,0,0,1,6300,6356.58,745,4929,7207.06,6356.58,1.1338,0.881992,1,0,2,0,0,0,0,0,0,0,-1,3,0,0,0,0.798529,0
1,2,1,85,8830,13639,1017,6905,15251.4,17680.5,0.862611,0.894276,0.771413,1,1,0,4.47214,0.790569,2.82843,0.901388,2.23607,0.559017,1,3,2,1,3,0.798529,1
1,2,2,292,19913,36433.2,1676,15690,38588.3,41852.5,0.922007,0.944152,0.870515,2,2,0,6.32456,0.353553,5.09902,0.25,1,0.25,1,3,2,1,3,1.30441,1
1,2,4,342,22067,41416,1470,13420,44859.6,53810.4,0.833662,0.923235,0.769666,2,2,1,12.1655,0.25,11,0.5,1.41421,0.559017,0,3,2,1,5,1.30441,1
1,2,2,459,23156,49124.4,1646,16966,52033.1,52502,0.99107,0.944098,0.935667,2,1,0,6.32456,0.75,7.28011,0.790569,1,0.25,1,3,2,1,3,1.30441,1
1,2,7,308,16243,33668.4,1412,12050,39975.5,41497.8,0.963316,0.842226,0.811329,1,1,0,2.23607,0.25,1,0.790569,2.23607,0.901388,1,1,2,0,4,1.30441,1
1,2,2,107,6958,13011.6,938,6060,13052.2,14856.2,0.878567,0.996894,0.875838,1,1,0,4,0.790569,4.12311,0.790569,0,0.707107,0,1,2,1,3,1.30441,1
1,0,0,4,1826,2052.3,511,1593,2561.49,1995.73,1.28349,0.801216,1.02835,0,1,0,0,0,0,0,0,0,-1,3,0,0,1,1.30441,0
1,2,2,105,7937,13877.5,1145,8179,16555.8,24094.2,0.687127,0.838225,0.575967,1,3,0,4.12311,0.790569,3.16228,0.75,2.82843,0.75,1,1,2,1,5,1.30441,1
1,0,0,3,2941,3110.73,656,2644,3619.91,3054.15,1.18524,0.859338,1.01852,0,2,0,0,0,0,0,0,0,-1,3,0,0,2,1.30441,0
1,3,0,449,22853,48255.6,6533,260479,51574,52147.2,0.989009,0.935658,0.925374,0,9,-1,0,0,0,0,0,0,-1,0,0,1,4,1.30441,1
1,2,7,402,19751,42494.6,1720,17890,44103.2,45316.9,0.973219,0.963524,0.93772,2,2,0,4.47214,0.25,2.82843,0.901388,2,0.707107,0,1,2,1,5,1.30441,1
1,2,6,231,15020,28089.1,1461,12891,28805.7,38549.6,0.747238,0.975121,0.728647,2,8,0,6.7082,0.75,7.81025,0.75,2,0,1,1,2,1,5,1.30441,1
1,2,2,288,17258,33551.9,1701,17399,34492.6,43548.8,0.792046,0.972726,0.770443,1,4,0,1,0.790569,1.41421,0.790569,2,0.5,0,1,2,1,5,1.30441,0
1,2,1,291,14344,30807.6,1458,13834,32443.8,32909.1,0.985862,0.949568,0.936144,1,2,0,5.09902,0.75,6,0.707107,1,0.901388,0,1,2,1,5,1.30441,1
1,0,0,4,3817,4043.3,713,3587,4552.49,3986.73,1.14191,0.888153,1.01419,0,3,0,0,0,0,0,0,0,-1,3,0,0,2,1.30441,0
1,2,2,321,12851,31011.9,1322,11892,34045.8,34162,0.9966,0.910886,0.907789,2,1,1,18.0278,0.75,26.6271,0.25,11,0.5,1,3,2,1,4,1.30441,1
1,0,0,3,2361,2530.73,569,2219,3173.22,2474.15,1.28255,0.797528,1.02287,0,3,0,0,0,0,0,0,0,-1,3,0,0,2,1.30441,0
1,2,0,12,4789,5467.91,1042,6978,5807.37,5411.34,1.07319,0.941547,1.01046,0,10,0,1,0.25,1,0.25,0,0,-1,3,2,0,0,2.23869,0
1,2,2,117,10787,17406.4,1137,8707,24397.4,22469.7,1.08579,0.713454,0.774659,1,2,1,6,0.5,13,0.5,7,0,0,3,1,1,3,2.23869,1
1,0,0,5,12569,12851.9,1237,9845,13379,12795.3,1.04562,0.960603,1.00442,0,1,0,1,0.25,1,0.25,0,0,-1,3,2,0,0,2.23869,1
1,2,2,98,7443,12987.4,962,6576,20764.7,20297.6,1.02301,0.625459,0.639853,1,1,0,0,0,0,0,0,0,-1,3,0,0,3,2.23869,1
1,3,0,81,4939,9521.66,1195,15111,13686.4,15657.3,0.874121,0.695702,0.608128,1,2,-1,0,0,0,0,0,0,-1,0,0,0,2,2.23869,0
1,3,0,78,4767,9179.93,4350,112880,17795,15922.5,1.1176,0.51587,0.576537,0,2,-1,0,0,0,0,0,0,-1,0,0,0,2,2.23869,0
1,3,0,87,5395,10317.1,2751,99555,16165.9,18263.6,0.885143,0.638203,0.5649,1,2,-1,0,0,0,0,0,0,-1,0,0,1,3,2.23869,0
1,3,0,133,8608,16132.6,5335,128989,20153.6,19308.4,1.04377,0.800484,0.835524,0,9,-1,0,0,0,0,0,0,-1,0,0,0,0,2.23869,1
1,0,0,3,11991,12160.7,1251,9841,12669.9,12104.2,1.04674,0.959812,1.00467,0,1,0,0,0,0,0,0,0,-1,3,0,0,2,2.23869,0
1,2,2,82,10097,14736.2,1117,8279,25696.2,22451.9,1.1445,0.573478,0.656346,1,3,0,0,0,0,0,0,0,-1,3,0,0,3,2.23869,0
1,0,0,3,14802,14971.7,1294,11290,15163,14915.2,1.01662,0.987385,1.00379,0,3,0,0,0,0,0,0,0,-1,3,0,0,0,2.23869,0
1,2,2,50,8801,11629.8,1009,6831,19671.6,18338.4,1.0727,0.591198,0.634177,1,2,0,0,0,0,0,0,0,-1,3,0,0,0,2.23869,0
1,3,0,108,7184,13294.2,3494,131526,17804,20279,0.877954,0.746696,0.655564,1,3,-1,0,0,0,0,0,0,-1,0,0,0,1,2.23869,0
1,3,0,344,13249,32711.1,7837,357889,36466.5,36079.8,1.01072,0.897019,0.906633,0,15,-1,0,0,0,0,0,0,-1,0,0,0,2,2.23869,1
1,2,5,115,5758,12264.2,1004,6870,12622.4,19747.7,0.639182,0.971628,0.621047,1,2,0,55.5428,0,102.825,0.5,51.788,0.5,0,1,0,0,0,2.23869,1
1,3,0,235,16890,30185.4,4869,161317,37559.8,38570.9,0.973786,0.803662,0.782595,1,3,-1,0,0,0,0,0,0,-1,0,0,0,3,2.23869,1
1,2,6,164,9292,18570.5,1259,9409,20625.3,22187.3,0.929601,0.900371,0.836985,2,4,0,1,0.353553,1,0.707107,1,0.353553,0,1,2,0,3,1.87064,1
1,3,0,42,4124,6500.19,1739,19331,9684.14,8394.41,1.15364,0.671221,0.774348,0,7,-1,0,0,0,0,0,0,-1,0,0,1,3,1.87064,0
1,3,0,95,9783,15157.7,1684,21384,22696.2,21920.7,1.03537,0.667854,0.691478,2,1,-1,0,0,0,0,0,0,-1,0,0,1,4,1.87064,1
1,3,0,27,3683,5210.55,1025,6781,8257.23,9888.32,0.835049,0.631029,0.52694,0,4,-1,0,0,0,0,0,0,-1,0,0,1,3,1.87064,0
1,2,4,151,8435,16978,1149,9197,17065.1,19106.7,0.89315,0.994893,0.888588,2,8,0,28,0.75,57,0.5,28,0.75,0,1,2,1,5,1.87064,1
1,3,0,15,4711,5559.64,1470,11618,8029.41,9241.26,0.868865,0.69241,0.601611,0,2,-1,0,0,0,0,0,0,-1,0,0,1,3,1.87064,0
1,3,0,52,4333,7274.95,1054,6976,8602.29,7361.16,1.1686,0.8457,0.988289,0,2,-1,0,0,0,0,0,0,-1,0,0,1,5,1.87064,0
1,3,0,30,3705,5402.28,1118,6908,5795.31,5503.79,1.05297,0.932181,0.981556,0,1,-1,0,0,0,0,0,0,-1,0,0,1,2,1.87064,0
1,3,0,97,11150,16637.9,2010,25032,18090.6,25031.4,0.722719,0.919695,0.664681,1,2,-1,0,0,0,0,0,0,-1,0,0,0,3,1.71579,0
1,3,0,222,14797,27356.9,4195,160203,31492.2,30546.4,1.03096,0.868686,0.895583,1,2,-1,0,0,0,0,0,0,-1,0,0,1,2,1.71579,1
1,3,0,51,8695,11580.4,1799,21757,15020.3,20196.5,0.743707,0.770984,0.573386,0,2,-1,0,0,0,0,0,0,-1,0,0,0,0,1.71579,1
1,2,1,315,17927,35748.4,1520,14028,40241.1,38827.1,1.03642,0.888355,0.920708,1,2,0,3.16228,0.353553,6.08276,0.707107,3.16228,0.353553,1,3,2,1,4,1.71579,1
1,3,0,164,11376,20654.5,4143,231759,24991.1,26403.8,0.946498,0.826473,0.782255,1,1,-1,0,0,0,0,0,0,-1,0,0,1,4,1.71579,1
1,0,0,4,2712,2938.3,619,2535,3617.22,2881.73,1.25522,0.812311,1.01963,0,3,0,0,0,0,0,0,0,-1,3,0,0,2,1.71579,0
1,3,0,221,11360,23863.3,2951,131989,26152.5,25830.7,1.01246,0.912466,0.923834,2,2,-1,0,0,0,0,0,0,-1,0,0,1,5,1.71579,1
1,0,0,6,4126,4465.46,750,3350,4898.06,4408.88,1.11095,0.911678,1.01283,0,2,1,15.0333,0.75,15.0333,0.75,0,0,-1,3,2,0,2,1.71579,1
1,2,1,82,10459,15098.2,1218,10142,19796.1,18177,1.08908,0.762687,0.830624,1,2,0,2,0,4,0,2,0,0,1,0,1,3,1.71579,1
1,2,2,304,18891,36090.1,1697,17629,41995.1,40481.9,1.03738,0.859389,0.891511,2,1,0,1.41421,0.353553,2.23607,0.707107,1.41421,0.353553,0,3,2,1,5,1.71579,1
1,0,0,2,5349,5462.15,749,4833,6141.06,5405.58,1.13606,0.889447,1.01047,0,2,0,0,0,0,0,0,0,-1,3,0,0,2,1.71579,0
1,2,0,49,11316,14088.2,1261,10155,14258,14031.6,1.01613,0.988096,1.00403,0,2,0,0,0,0,0,0,0,-1,3,0,0,3,1.71579,0
1,2,1,232,12403,25528.6,1178,9978,31303.6,30972,1.0107,0.815518,0.824248,2,2,1,16.0312,0.707107,18.0278,0.25,1,0.559017,1,3,1,1,5,1.71579,1
1,0,0,8,1951,2403.61,401,1087,3209.82,2233.88,1.43688,0.748829,1.07598,0,1,0,4.47214,0.75,4.47214,0.75,0,0,-1,3,2,0,4,1.71579,0
1,2,4,182,13430,23726.8,1390,12334,23728.8,32700.1,0.725648,0.999918,0.725589,2,3,0,4.12311,0.790569,4,0.901388,1,0.25,1,1,2,1,4,1.71579,1
1,0,0,6,1444,1783.46,407,1259,2291.06,1726.88,1.32671,0.77844,1.03276,0,3,0,7.07107,0.25,7.07107,0.25,0,0,-1,3,2,0,2,1.71579,0
