4,0,0,1,1417,1457.3,412,1102,1908.88,1417,1.34713,0.763429,1.02844,0,10,0,0,0,0,0,0,0,-1,3,0,0,0,1.875,0
4,1,0,11,983,1426.29,379,883,1385.99,1492,0.928947,1.02908,0.955956,0,10,0,0,0,0,0,0,0,0,1,0,0,0,1.875,1
4,0,0,1,1242,1282.3,390,1004,1776.18,1282.3,1.38516,0.721941,1,0,10,0,0,0,0,0,0,0,-1,3,0,0,0,1.875,0
4,1,4,34,1797,3167.16,524,2276,3568.67,9711.2,0.367479,0.887491,0.326135,0,1,0,0,0,0,0,0,0,-1,3,0,2,4,1.875,0
4,1,1,11,1496,1939.29,422,1826,2516.87,2103.2,1.19669,0.770514,0.922067,0,4,0,0,0,0,0,0,0,-1,3,0,2,2,1.47878,1
4,0,0,2,2877,2957.6,607,2463,3521.78,2917.3,1.20721,0.839802,1.01381,0,4,0,1,0.790569,1,0.790569,0,0,-1,3,2,0,1,1.47878,0
4,0,0,4,2091,2252.2,432,1556,2565.98,2211.9,1.16008,0.877715,1.01822,0,5,0,1,0.790569,1,0.790569,0,0,-1,3,2,0,2,1.47878,0
4,1,2,28,3685,4813.37,706,3408,5292.47,4919.3,1.07586,0.909475,0.978466,0,1,0,1,0.790569,1,0.790569,0,0,-1,3,2,1,2,1.47878,0
4,0,0,1,2071,2111.3,532,1910,2706.08,2111.3,1.28171,0.780206,1,0,7,0,1,0.790569,1,0.790569,0,0,-1,3,2,2,2,1.47878,1
4,0,0,4,806,967.195,310,702,1447.78,967.195,1.49689,0.668054,1,0,7,0,0,0,0,0,0,0,-1,3,0,0,1,1.47878,0
4,2,5,38,3077,4608.36,860,4864,5647.94,5068.65,1.11429,0.815935,0.909187,1,2,0,1,0.790569,1,0.790569,0,0,-1,3,2,2,4,1.47878,0
4,0,0,1,819,859.299,312,702,1221.99,859.299,1.42208,0.703197,1,0,4,0,0,0,0,0,0,0,-1,3,0,0,1,1.47878,0
4,2,1,91,2358,6025.19,725,3279,7199.17,6724.99,1.07051,0.836929,0.895941,1,6,0,0,0,0,0,0,0,0,1,0,2,2,1.80607,1
4,1,2,22,3040,3926.57,505,2257,4648.38,4255.2,1.0924,0.844719,0.922772,0,4,0,1,0.5,1,0.353553,1,0.353553,0,3,1,2,3,1.80607,0
4,2,7,63,3678,6216.83,787,3871,8250.17,7367.78,1.11976,0.753539,0.843786,1,7,0,3,0.5,7,0,3,0.5,0,3,1,2,4,1.80607,1
4,0,0,5,1829,2030.49,415,1105,2357.38,1990.2,1.1845,0.861336,1.02025,0,3,0,2,0.25,2,0.25,0,0,-1,3,2,1,3,1.80607,0
4,0,0,4,1833,1994.2,457,1463,2252.48,1994.2,1.12952,0.885332,1,0,1,0,2,1.06066,2,1.06066,0,0,-1,3,2,0,0,1.61821,0
4,1,0,23,7082,8008.87,846,5916,8008.87,8092.32,0.989688,1,0.989688,0,8,0,2,0.707107,2,0.901388,0,0.25,1,3,1,1,1,1.61821,1
4,0,0,5,1981,2182.49,470,1570,2399.57,2142.2,1.12015,0.909534,1.01881,0,4,0,2,0.901388,2,0.901388,0,0,-1,3,2,0,0,1.61821,0
4,0,0,2,5219,5299.6,813,4209,5882.78,5259.3,1.11855,0.900866,1.00766,0,2,0,2,0.901388,2,0.901388,0,0,-1,3,2,1,3,1.61821,0
4,2,7,17,1899,2584.08,682,2926,2793.17,2897.59,0.963965,0.925142,0.891804,0,1,0,2,0.707107,2,0.707107,0,0,-1,3,1,2,3,1.61821,0
4,0,0,3,1092,1212.9,399,993,1725.48,1212.9,1.42261,0.702932,1,0,1,0,0,0,0,0,0,0,-1,3,0,0,0,1.61821,0
4,2,7,192,4780,12517.4,958,5364,13741,12908.7,1.06448,0.910951,0.969685,1,8,0,2,0.707107,2,0.707107,0,0,-1,3,1,2,3,1.61821,1
4,0,0,4,1186,1347.2,401,1087,1728.88,1306.9,1.32289,0.779228,1.03084,0,3,0,0,0,0,0,0,0,-1,3,0,0,1,1.61821,0
4,0,0,1,1048,1088.3,365,883,1491.29,1088.3,1.37029,0.729772,1,0,8,0,0,0,0,0,0,0,-1,3,0,0,0,1.02595,0
4,0,0,2,909,989.598,343,813,1573.78,949.299,1.65784,0.628803,1.04245,0,8,0,0,0,0,0,0,0,-1,3,0,0,0,1.02595,0
4,0,0,1,981,1021.3,333,773,1485.88,1021.3,1.4549,0.687334,1,0,8,0,0,0,0,0,0,0,-1,3,0,0,0,1.02595,0
4,2,7,82,6159,9463.5,820,4444,10642.9,11532.8,0.922836,0.889186,0.820573,1,6,0,1.41421,0.790569,1,0.75,0,0.25,1,3,2,2,2,1.02595,1
4,1,0,19,1971,2736.68,442,1546,2696.38,3330.3,0.809651,1.01495,0.821751,0,4,0,1.41421,0.353553,1,0.25,0,0.25,1,3,2,1,1,1.02595,0
4,2,5,140,10803,16444.8,1084,7068,18215.1,21918.1,0.831052,0.902815,0.750287,2,20,0,1.41421,0.901388,1,0.25,1,0.790569,1,3,2,2,4,1.02595,0
4,0,0,1,1328,1368.3,404,1042,1878.48,1368.3,1.37286,0.728407,1,0,5,0,0,0,0,0,0,0,-1,3,0,0,0,1.02595,0
4,0,0,2,1321,1401.6,379,1113,2046.18,1401.6,1.45989,0.684981,1,0,5,0,0,0,0,0,0,0,-1,3,0,0,0,1.02595,0
4,0,0,4,2383,2544.2,516,1756,2947.18,2503.9,1.17704,0.863263,1.01609,0,6,0,1,0.790569,1,0.790569,0,0,-1,3,2,1,1,1.52333,0
4,0,0,1,5196,5236.3,813,4373,5719.88,5236.3,1.09235,0.915455,1,0,2,0,1,0.790569,1,0.790569,0,0,-1,3,2,1,1,1.52333,1
4,2,6,48,5905,7839.34,778,4108,9868.53,9823.33,1.0046,0.794378,0.798033,0,3,0,1.41421,0.707107,1.41421,0.707107,0,0,-1,3,1,2,3,1.52333,0
4,2,0,87,7572,11078,957,5609,11959.4,11078,1.07956,0.926302,1,0,2,0,1,0.790569,1,0.790569,0,0,-1,3,2,0,2,1.52333,0
4,1,2,13,3759,4282.88,631,3673,5036.75,4566.2,1.10305,0.850328,0.937955,0,3,0,1,0.559017,1,0.559017,0,0,-1,3,2,1,2,1.52333,1
4,0,0,2,837,917.598,333,733,1285.59,877.299,1.46539,0.713758,1.04594,0,7,0,1,0.790569,1,0.790569,0,0,-1,3,2,0,1,1.52333,0
4,2,0,63,5500,8038.83,1003,6689,8038.83,8306.39,0.967788,1,0.967788,0,1,0,1,0.790569,1,0.790569,0,0,0,3,2,2,5,1.52333,0
4,0,0,2,1742,1822.6,451,1449,2759.77,1822.6,1.5142,0.660417,1,0,2,0,1,0.790569,1,0.790569,0,0,-1,3,2,1,2,1.52333,0
4,2,2,148,7850,13814.2,1054,6882,21262.1,21397.5,0.993674,0.64971,0.6456,2,4,0,1.41421,0.559017,1.41421,0.559017,0,0,-1,3,2,2,3,1.52333,1
4,2,1,103,7438,11588.8,970,6014,16946.4,19876.6,0.85258,0.683851,0.583038,1,36,0,0,0.5,0,0.5,0,0,-1,3,1,2,3,1.52333,1
4,1,0,23,3863,4789.87,631,3359,4749.57,7283.93,0.652062,1.00848,0.657595,0,2,0,1,0.559017,1.41421,0.5,1,0.559017,0,3,2,1,3,1.52333,0
4,1,4,21,7529,8375.28,1040,7356,9412.81,12921.1,0.728483,0.889774,0.648185,0,5,0,1,0.559017,1,0.559017,0,0,-1,3,2,1,4,1.52333,0
4,2,6,58,5078,7415.33,985,6189,8251.25,8109.14,1.01753,0.898692,0.914442,2,3,0,0,0,0,0,0,0,-1,3,0,2,2,2.10259,0
4,0,0,5,1441,1642.49,422,1268,2043.08,1602.2,1.27518,0.80393,1.02515,0,4,0,2,0.901388,2,0.901388,0,0,-1,3,2,1,1,2.10259,0
4,2,7,110,3866,8298.87,867,4589,13126.4,11409.3,1.15049,0.632229,0.727377,2,2,0,0,0,0,0,0,0,0,1,0,2,2,2.10259,1
4,0,0,4,802,963.195,298,574,1424.29,922.896,1.54328,0.676265,1.04367,0,2,0,2,0.901388,2,0.901388,0,0,-1,3,2,0,1,2.10259,0
4,0,0,2,1897,1977.6,489,1601,2734.87,1977.6,1.38293,0.723104,1,0,1,0,2,0.901388,2,0.901388,0,0,-1,3,2,2,2,1.77144,0
4,1,7,12,3354,3837.59,574,2166,4151.87,6234.15,0.665989,0.924302,0.615575,0,1,0,3,0.75,3,0.75,0,0,-1,3,2,1,1,1.77144,1
4,0,0,1,858,898.299,303,609,1704.57,898.299,1.89756,0.526993,1,0,6,0,2,0.901388,2,0.901388,0,0,-1,3,2,0,0,1.77144,0
4,1,6,24,2836,3803.17,553,2073,3845.57,4389.2,0.876146,0.988974,0.866485,0,2,0,2,0.901388,2,0.901388,0,0,-1,3,2,1,3,1.77144,0
4,1,2,11,4978,5421.29,849,5621,7412.07,8339.81,0.888757,0.731414,0.650049,0,6,0,2,0.901388,2,0.901388,0,0,-1,3,2,1,4,1.77144,1
4,0,0,2,1386,1466.6,434,1210,1869.59,1426.3,1.3108,0.784451,1.02825,0,3,0,0,0,0,0,0,0,-1,1,0,0,2,1.77144,0
4,0,0,4,4957,5118.2,681,3995,5174.68,5118.2,1.01104,0.989085,1,0,3,0,2,0.901388,2,0.901388,0,0,-1,3,2,2,5,1.77144,1
4,0,0,3,1758,1878.9,450,1334,2281.88,1878.9,1.21448,0.823397,1,0,1,0,0,0,0,0,0,0,-1,1,0,0,2,1.77144,0
4,0,0,1,742,782.299,267,511,1507.68,782.299,1.92724,0.518877,1,0,5,0,2,0.5,2,0.5,0,0,-1,3,1,0,0,1.77144,0
4,1,2,29,4256,5424.67,636,3598,5491.17,7427.9,0.739263,0.987889,0.73031,0,3,0,3.60555,0.5,3.60555,0.5,0,0,-1,3,1,1,1,1.77144,0
4,0,0,3,2251,2371.9,503,1935,2864.68,2371.9,1.20776,0.82798,1,0,5,0,3.60555,0.5,3.60555,0.5,0,0,-1,3,1,1,1,1.77144,0
4,2,0,17,2326,3011.08,617,2295,4260.36,2970.78,1.43409,0.706767,1.01357,0,2,0,3.60555,0.5,3.60555,0.5,0,0,-1,3,1,0,0,1.77144,0
4,1,2,11,4654,5097.29,762,3868,6272.07,5959.49,1.05245,0.812696,0.855322,0,3,0,3.16228,0.353553,3.16228,0.353553,0,0,-1,3,2,2,4,1.77144,1
4,1,6,24,1088,2055.17,343,813,2131.98,3726.55,0.572105,0.963975,0.551494,0,2,-1,0,0,0,0,0,0,-1,2,0,1,3,1.77144,1
4,2,5,31,5468,6717.26,968,6664,6742.77,11313.9,0.595971,0.996217,0.593717,0,3,0,3,0.75,4.12311,0.25,1,0.353553,1,3,2,2,4,1.77144,0
4,2,6,41,2744,4396.25,755,3477,4866.04,5235.26,0.929475,0.903455,0.839738,1,4,0,3,0.559017,3,0.559017,0,0,-1,3,2,1,4,1.77144,0
4,2,0,63,6813,9351.83,1109,7919,12326.5,9311.53,1.32379,0.758676,1.00433,0,1,0,0,0.75,0,0.75,0,0,-1,3,2,0,0,1.57216,0
4,0,0,6,1357,1598.79,407,1129,2126.98,1598.79,1.33036,0.751674,1,0,3,0,0,0.75,0,0.75,0,0,-1,3,2,1,1,1.57216,0
4,2,7,110,9154,13586.9,972,5744,17933.8,17643.1,1.01648,0.757611,0.770095,0,4,0,0,0.790569,0,0.901388,0,0.25,1,3,2,1,1,1.57216,0
4,2,6,32,3134,4423.56,813,4411,5299.53,4465.36,1.18681,0.834709,0.990641,1,1,0,0,0.790569,0,0.790569,0,0,-1,3,2,2,2,1.57216,1
4,1,1,28,2555,3683.37,602,3778,3689.87,4130.26,0.893375,0.998237,0.8918,0,4,0,1,0.5,1,0,1,0.5,0,3,1,2,2,1.57216,0
4,1,7,11,6046,6489.29,887,5763,7196.75,6959.2,1.03413,0.901697,0.932477,0,2,0,1,0.5,1,0.5,0,0,-1,3,1,1,1,1.57216,0
4,0,0,2,1127,1207.6,355,889,1594.59,1167.3,1.36605,0.757311,1.03452,0,3,0,0,0,0,0,0,0,-1,3,0,1,1,1.57216,0
4,0,0,2,2460,2540.6,553,2147,2974.18,2540.6,1.17066,0.854217,1,0,3,0,0,0,0,0,0,0,-1,3,0,2,2,1.57216,0
4,2,1,124,8303,13300.1,1102,7346,13477.7,15430,0.873472,0.986822,0.861962,2,2,0,0,0.75,1,0.790569,1,0.25,1,3,2,2,2,1.57216,0
4,0,0,3,3984,4104.9,508,3260,4427.29,4104.9,1.07854,0.927181,1,0,4,0,0,0.75,0,0.75,0,0,-1,3,2,2,4,1.57216,0
4,0,0,5,2563,2764.49,530,2188,5239.96,2724.2,1.92349,0.527579,1.01479,0,2,0,1,0.559017,1,0.559017,0,0,-1,3,2,2,2,1.57216,0
4,0,0,1,2280,2320.3,484,1994,2788.78,2320.3,1.20191,0.832012,1,0,2,0,1,0.559017,1,0.559017,0,0,-1,3,2,2,2,1.57216,0
3,0,0,2,1058,1088.89,377,917,1233.89,1073.44,1.14947,0.882486,1.01439,0,2,0,0,0,0,0,0,0,-1,3,0,0,0,2.00893,0
3,0,0,1,914,929.444,353,827,1052.44,929.444,1.13234,0.88313,1,0,2,0,0,0,0,0,0,0,-1,3,0,0,0,2.00893,0
3,0,0,1,1125,1140.44,386,944,1299.89,1140.44,1.13981,0.877341,1,0,2,0,0,0,0,0,0,0,-1,3,0,0,0,2.00893,0
3,2,0,34,1132,1657.11,592,2170,1994.55,1657.11,1.20363,0.830817,1,1,24,0,0,0,0,0,0,0,-1,3,0,1,1,2.00893,1
3,0,0,1,1359,1374.44,411,1051,1515.89,1374.44,1.10291,0.906693,1,0,6,0,0,0,0,0,0,0,-1,3,0,0,0,2.00893,0
3,2,2,68,2469,3519.21,655,2807,5267.54,5373.2,0.980335,0.668094,0.654957,1,1,0,0,0,0,0,0,0,0,1,0,1,3,2.00893,1
3,1,0,11,1191,1360.89,379,947,1360.89,1940.55,0.70129,1,0.70129,0,2,0,0,0,0,0,0,0,0,1,0,1,1,2.00893,0
3,2,0,114,2497,4257.65,653,2745,4242.2,4275.65,0.992177,1.00364,0.995789,2,5,0,3,0.5,3,0.25,1,0.25,1,3,1,2,4,2.00893,1
3,0,0,1,1035,1050.44,366,946,1135,1050.44,1.08049,0.925503,1,0,2,0,0,0,0,0,0,0,-1,3,0,0,0,2.15184,0
3,0,0,2,1106,1136.89,387,997,1185,1121.44,1.05667,0.959401,1.01377,0,2,0,0,0,0,0,0,0,-1,3,0,0,0,2.15184,0
3,2,4,46,2681,3391.44,626,2530,3782.55,3541.77,1.06798,0.896601,0.957554,1,1,0,0,0,0,0,0,0,-1,3,0,1,2,2.15184,0
3,1,1,23,2630,2985.22,802,4274,4137.32,3949.98,1.04743,0.721535,0.755755,0,19,0,0,0,0,0,0,0,1,1,0,1,1,2.15184,1
3,0,0,4,1466,1527.78,431,1151,1608.89,1496.89,1.07482,0.949587,1.02064,0,2,0,3,0.75,3,0.75,0,0,-1,3,2,1,3,2.15184,0
3,2,0,12,3238,3423.33,723,3295,3572.77,3407.89,1.04838,0.958173,1.00453,0,4,0,3,0.75,3,0.75,0,0,-1,3,2,1,3,2.15184,0
3,1,0,18,2070,2348,469,1635,2332.55,3168.66,0.736133,1.00662,0.741007,0,1,0,3,0.559017,3,0.559017,1,0.353553,1,3,2,1,3,2.15184,0
3,2,1,148,3640,5925.75,752,3582,7383.98,6911.63,1.06834,0.802515,0.85736,1,8,0,3,0.559017,3,0.559017,0,0,-1,3,2,1,1,2.15184,1
3,0,0,6,1309,1401.67,392,988,1549.89,1401.67,1.10575,0.904366,1,0,3,0,0,0.25,0,0.25,0,0,-1,3,2,1,1,1.52472,1
3,0,0,2,1297,1327.89,377,959,1420.55,1312.44,1.08237,0.934768,1.01177,0,3,0,0,0.25,0,0.25,0,0,-1,1,2,0,1,1.52472,0
3,0,0,2,1425,1455.89,405,1127,1548.55,1440.44,1.07505,0.94016,1.01072,0,3,1,0,0,0,0,0,0,-1,3,0,0,2,1.52472,0
3,0,0,4,1087,1148.78,336,878,1226,1133.33,1.08176,0.937013,1.01363,0,3,0,0,0.25,0,0.25,0,0,-1,1,2,0,1,1.52472,0
3,1,1,18,1930,2208,578,3632,3512.21,4091.76,0.858362,0.628663,0.53962,0,4,1,0,0,0,0,0,0,-1,3,0,2,2,1.52472,1
3,2,1,46,2202,2912.44,647,2845,4387.09,4016.99,1.09213,0.663865,0.725029,1,4,0,1,0.25,1,0.5,1,0.25,1,3,2,1,2,1.52472,1
3,1,2,11,2454,2623.89,498,1954,3477.1,3384.43,1.02738,0.754619,0.775281,0,1,1,0,0,0,0,0,0,-1,3,0,1,3,1.52472,1
3,2,0,69,3073,4138.66,723,3263,4231.32,4107.77,1.03008,0.9781,1.00752,1,20,0,1.41421,0.901388,1.41421,0.901388,0,0,-1,3,2,2,6,1.52472,1
3,1,5,20,1856,2164.89,776,4236,2823.21,2812.21,1.00391,0.766816,0.769817,0,11,-1,0,0,0,0,0,0,-1,2,0,2,3,1.52472,0
3,0,0,5,861,938.221,323,743,1003.55,922.777,1.08754,0.934899,1.01674,0,6,1,0,0,0,0,0,0,-1,3,0,0,0,1.52472,0
3,2,1,70,2185,3266.1,687,2811,4574.2,4812.75,0.950432,0.714027,0.678634,1,4,0,1.41421,0.901388,1.41421,0.901388,0,0,-1,3,2,2,4,1.52472,1
3,0,0,2,845,875.889,319,719,983.999,860.444,1.14359,0.890132,1.01795,0,3,-1,0,0,0,0,0,0,-1,2,0,0,1,1.52472,0
3,0,0,2,1365,1395.89,390,1064,1488.55,1380.44,1.07832,0.937748,1.01119,0,1,0,0,0.25,0,0.25,0,0,-1,1,2,0,0,1.48118,0
3,0,0,5,1564,1641.22,434,1204,1685.89,1625.78,1.03697,0.973506,1.0095,0,2,0,0,0.25,0,0.25,0,0,-1,3,2,0,0,1.48118,0
3,0,0,1,992,1007.44,333,785,1136.44,1007.44,1.12805,0.886489,1,0,2,0,0,0.25,0,0.25,0,0,-1,1,2,0,0,1.48118,0
3,0,0,2,949,979.889,321,649,1184.22,964.444,1.22788,0.827455,1.01601,0,2,0,0,0.25,0,0.25,0,0,-1,1,2,0,0,1.48118,0
3,2,6,262,2879,6925.4,589,2235,7943.95,8019.39,0.990593,0.871783,0.863582,2,6,0,0,0,0,0,0,0,-1,1,0,2,2,2.2618,1
3,2,0,63,2543,3515.99,670,2992,3469.66,4104.77,0.845275,1.01335,0.856563,2,35,0,3,0.790569,4,0.25,0,0.25,1,3,2,2,5,2.2618,0
3,2,0,86,1614,2942.21,533,1877,2926.76,3594.98,0.814125,1.00528,0.818421,0,5,0,3,0.5,2,0.790569,1,0.790569,1,3,1,2,4,2.2618,0
3,1,2,47,2593,3318.88,471,1673,3706.22,4275.1,0.866931,0.895491,0.776329,0,2,0,4.12311,0.25,4.12311,0.790569,1,0.559017,1,3,2,1,2,2.2618,0
3,2,0,9,1700,1839,726,3244,1861.44,1823.55,1.02078,0.987943,1.00847,0,92,0,0,0,0,0,0,0,-1,3,0,0,0,2.2618,0
3,2,7,76,1972,3145.77,676,3068,3773.99,3578.76,1.05455,0.833539,0.87901,1,3,0,0,0,0,0,0,0,-1,3,0,1,1,2.2618,0
3,0,0,3,1618,1664.33,461,1329,1769.44,1648.89,1.07311,0.940597,1.00937,0,3,0,0,0,0,0,0,0,-1,3,0,0,0,2.2618,0
3,1,7,16,1839,2086.11,505,1601,2335,2434.88,0.958977,0.893409,0.856759,0,3,0,0,0,0,0,0,0,-1,3,0,1,1,2.2618,1
3,2,0,56,1851,2715.88,490,1570,3521.54,2700.44,1.30406,0.771219,1.00572,1,4,0,3,0.5,3,0.5,0,0,-1,3,1,1,1,2.2618,0
3,1,2,16,763,1010.11,314,716,1291.55,1164.67,1.10895,0.782088,0.867295,0,1,0,3,0.5,3,0.5,0,0,-1,3,1,1,1,2.2618,1
3,2,5,241,2499,6221.07,577,2213,7860.5,7603.51,1.0338,0.791434,0.818185,1,5,0,2.23607,0.901388,3.60555,0,1.41421,0.559017,1,3,2,1,2,2.2618,1
3,1,0,23,1205,1560.22,412,1050,1529.33,1567.89,0.975407,1.0202,0.995108,0,2,0,5.09902,0.5,6.08276,0.25,0,0.75,0,3,1,0,3,2.2618,0
3,1,0,18,1711,1989,423,1203,1973.55,2727.33,0.723622,1.00783,0.729285,0,4,0,4,0.75,4.12311,0,0,0.25,1,3,2,1,2,1.91961,0
3,2,0,42,2266,2914.66,563,2047,2899.22,3124.54,0.927885,1.00533,0.932828,0,17,0,4,0.5,4,0.25,1,0.25,0,3,1,1,3,1.91961,0
3,2,2,65,1873,2876.88,448,1326,3873.09,3678.2,1.05298,0.742786,0.782142,1,1,0,4,0.901388,4,0.901388,0,0,-1,3,2,1,1,1.91961,0
3,2,0,139,2533,4679.75,535,2219,5304.53,4679.75,1.13351,0.882218,1,1,5,0,4,0.901388,4,0.901388,0,0,-1,3,2,2,2,1.91961,1
3,0,0,6,1423,1515.67,441,1331,1779.44,1500.22,1.18612,0.851766,1.01029,0,1,0,5.09902,0.5,5.09902,0.5,0,0,-1,3,1,1,2,1.91961,0
3,2,7,222,3504,6932.63,594,2352,8292.07,6946.85,1.19364,0.836056,0.997952,1,2,0,4,0.901388,4,0.901388,0,0,-1,3,2,2,4,1.91961,1
3,2,0,59,2354,3265.21,604,2384,3265.21,4010.21,0.814225,1,0.814225,1,7,0,5,0.901388,5,0.707107,1,0.25,0,3,2,1,2,1.91961,0
3,2,7,244,3519,7287.4,719,3339,7457.96,8015.06,0.930493,0.97713,0.909213,1,15,0,5,0.75,4,0.901388,1,0.5,0,3,2,1,3,1.91961,1
3,1,6,15,1310,1541.66,432,1332,1650.89,1542.78,1.07007,0.93384,0.999279,0,1,0,4,0.25,4,0.25,0,0,-1,3,2,2,4,1.91961,1
3,0,0,2,1026,1056.89,381,933,1211.33,1041.44,1.16313,0.872502,1.01483,0,3,-1,0,0,0,0,0,0,-1,2,0,0,1,1.91961,0
3,2,2,81,2168,3418.99,657,2707,3764.21,4468.31,0.842422,0.908289,0.765163,1,4,0,4.12311,0.707107,4.12311,0.901388,1,0.25,0,3,1,2,6,1.91961,1
3,0,0,5,1177,1254.22,403,1077,1454.11,1238.78,1.17383,0.862536,1.01247,0,6,1,0,0,0,0,0,0,-1,3,0,0,2,1.91961,0
3,0,0,2,1056,1086.89,371,889,1225.89,1071.44,1.14414,0.886614,1.01441,0,4,0,0,0,0,0,0,0,-1,3,0,0,0,1.07948,0
3,0,0,1,960,975.444,355,887,1122.89,975.444,1.15115,0.868693,1,0,4,0,0,0,0,0,0,0,-1,3,0,0,0,1.07948,0
3,0,0,2,955,985.889,342,786,1207.11,970.444,1.24387,0.816736,1.01591,0,4,0,0,0,0,0,0,0,-1,3,0,0,0,1.07948,0
3,2,6,179,3317,6081.53,582,2306,6811.63,9604.04,0.709246,0.892816,0.633226,1,4,0,2,0,4,0,2,0,0,1,0,2,2,1.07948,1
3,1,7,25,1969,2355.11,485,1749,2500.66,2727.76,0.916743,0.941795,0.863384,0,1,0,0,0,0,0,0,0,-1,3,0,1,1,1.07948,0
3,2,6,379,5660,11513.4,708,3160,13838.9,17261.9,0.801704,0.831957,0.666983,2,8,0,2.82843,0.25,3.60555,0.5,2,0.25,1,3,2,2,4,1.07948,0
3,0,0,2,1303,1333.89,392,1008,1425.33,1333.89,1.06855,0.935845,1,0,1,1,0,0,0,0,0,0,-1,3,0,0,0,1.07948,0
3,1,4,40,2402,3019.77,564,2772,3764.87,3962.64,0.950092,0.802091,0.76206,0,2,0,1,0.25,2,0.5,1,0.25,0,3,2,1,1,1.07948,1
3,1,1,30,3389,3852.33,681,3247,4015.88,3893.21,1.03151,0.959274,0.989498,0,4,0,1.41421,0.901388,1.41421,0.901388,0,0,-1,3,2,2,4,1.92367,1
3,2,5,99,3748,5276.98,781,3949,5802.42,6337.53,0.915566,0.909445,0.832656,1,13,0,1.41421,1.06066,2.23607,0.75,0,0.25,0,3,2,2,6,1.92367,0
3,2,6,212,4029,7303.19,628,2824,8505.84,8073.84,1.05351,0.858608,0.904549,1,6,0,3.60555,0.790569,3.60555,0.353553,0,0.5,0,1,2,2,5,1.92367,1
3,2,7,155,4862,7255.86,749,3481,7684.97,7576.86,1.01427,0.944163,0.957635,1,3,0,1.41421,0.790569,1.41421,0.790569,0,0,-1,3,2,1,3,1.92367,1
3,2,7,130,2729,4736.76,687,3019,4749.09,5315.86,0.893381,0.997403,0.891061,2,1,0,1.41421,0.901388,1.41421,0.901388,0,0,1,3,2,2,5,1.92367,1
3,0,0,2,817,847.889,344,752,985.776,832.444,1.18419,0.860123,1.01855,0,2,-1,0,0,0,0,0,0,-1,2,0,0,2,1.92367,0
3,2,2,177,3194,5927.64,701,3079,6866.96,9335.04,0.735611,0.863211,0.634988,1,1,0,1.41421,0.75,2.23607,0.790569,1,0.25,0,3,2,2,5,1.92367,1
3,2,6,34,1608,2133.11,566,2052,3044.77,2496.32,1.2197,0.700581,0.854499,1,13,0,2.82843,0.5,2.82843,0.5,0,0,-1,3,1,2,4,1.92367,1
3,2,2,672,5318,15696.6,782,3844,18709.5,19437,0.962575,0.838961,0.807562,2,34,0,3.16228,0,4,0.790569,1.41421,0.790569,0,3,0,2,5,1.92367,1
3,2,1,495,4479,12123.9,733,3235,13862.2,14144,0.980077,0.874601,0.857176,2,3,0,1.41421,0.353553,1,0.5,1,0.790569,1,3,2,2,6,1.92367,1
3,2,4,155,2541,4934.86,618,2430,5794.19,8259.73,0.701499,0.851691,0.597461,1,4,0,1.41421,0.559017,2.23607,0.901388,2.23607,0,1,1,2,2,5,1.92367,0
3,2,1,300,4900,9533.28,701,3129,9822.83,11313.4,0.86825,0.970523,0.842656,2,1,0,1.41421,0.559017,1.41421,1.06066,1,0.559017,0,3,2,1,4,1.92367,1
3,2,4,397,3931,10062.4,721,3319,10268,10871.8,0.944465,0.97997,0.925547,2,3,0,1.41421,0.353553,1.41421,0.559017,1,0.25,0,3,2,2,6,1.92367,1
3,1,6,39,2010,2612.33,646,2828,3837.65,3702.76,1.03643,0.68071,0.705508,0,2,0,2.23607,0.901388,3,0,0,0.901388,1,3,2,2,6,1.92367,0
3,2,0,367,4745,10413.1,720,3306,10382.2,11129.7,0.932833,1.00298,0.935609,2,1,1,4.12311,0,3.16228,0.707107,1,0.707107,0,3,0,1,5,1.92367,1
3,0,0,9,981,1120,367,861,1166.33,1104.55,1.05593,0.960275,1.01398,0,1,0,0,0,0,0,0,0,-1,3,0,1,3,1.92367,0
3,1,0,13,1435,1635.78,399,1077,1620.33,1623.89,0.997809,1.00953,1.00732,0,1,-1,0,0,0,0,0,0,-1,2,0,0,0,2.23421,0
3,0,0,3,1701,1747.33,439,1251,1886.33,1731.89,1.08918,0.926313,1.00892,0,2,0,0,0,0,0,0,0,-1,3,0,2,4,2.23421,1
3,1,0,16,1891,2138.11,492,1540,2138.11,2161.22,0.989306,1,0.989306,0,2,0,0,0.353553,0,0.707107,0,0.353553,0,3,2,0,0,2.23421,0
3,0,0,4,1867,1928.78,462,1386,2080.89,1913.33,1.08757,0.926901,1.00807,0,1,-1,0,0,0,0,0,0,-1,2,0,0,2,2.23421,1
3,2,2,278,3420,7713.51,640,2654,10480.6,10044.9,1.04337,0.73598,0.7679,1,5,0,1,0.901388,3.16228,0.5,1,0.901388,0,3,2,2,6,2.23421,1
3,0,0,6,810,902.666,308,644,989.108,887.221,1.11484,0.912605,1.01741,0,1,0,5.09902,0.5,5.09902,0.5,0,0,-1,3,1,0,2,2.23421,0
3,2,2,77,1664,2853.21,494,1636,4574.53,5419.85,0.844032,0.623717,0.526437,0,8,1,0,0,0,0,0,0,0,1,0,1,5,2.23421,0
3,0,0,4,1207,1268.78,374,1036,1374.11,1253.33,1.09636,0.923347,1.01232,0,1,0,5.09902,0.5,5.09902,0.5,0,0,-1,3,1,0,1,2.23421,0
3,2,0,134,2488,4557.53,527,1747,4542.09,4910.53,0.92497,1.0034,0.928115,1,3,0,6.08276,0.5,6.32456,0.5,0,0.707107,0,3,1,2,2,1.90429,0
3,2,6,120,2746,4599.31,603,2445,5354.98,5165.42,1.0367,0.858886,0.890404,1,13,0,6.08276,0.5,6.08276,0.5,0,0,-1,3,1,1,3,1.90429,1
3,2,4,202,1732,4851.74,491,1539,5017.19,5475.19,0.916351,0.967024,0.886133,1,2,0,6.08276,0.5,6.08276,0.5,0,0,-1,3,1,1,1,1.90429,1
3,2,5,145,2578,4817.42,509,1789,5087.53,4957.31,1.02627,0.946907,0.971782,0,3,0,7.07107,0.25,7.07107,0.25,0,0,-1,3,2,1,4,1.90429,1
3,2,0,150,1993,4309.64,654,2872,5593.53,4278.75,1.30728,0.770469,1.00722,1,2,-1,0,0,0,0,0,0,-1,2,0,0,4,1.90429,1
3,0,0,3,1392,1438.33,430,1216,1609.78,1422.89,1.13134,0.893499,1.01085,0,1,1,0,0,0,0,0,0,-1,3,0,0,2,1.90429,0
3,2,6,97,2511,4009.1,645,2797,4506.87,4414.2,1.02099,0.889553,0.908227,2,10,0,4.12311,0.707107,4.12311,0.707107,0,0,-1,3,1,1,5,1.90429,1
3,0,0,3,1838,1884.33,435,1321,2037.33,1868.89,1.09013,0.924902,1.00826,0,3,0,0,0,0,0,0,0,-1,3,0,1,3,1.90429,0
3,2,0,52,950,1753.1,442,1370,1737.66,2951.76,0.588685,1.00889,0.593917,0,2,0,7,0,7.28011,0.75,2,0.75,1,3,0,0,2,1.90429,0
3,2,2,194,3320,6316.19,632,2420,6433.3,7273.52,0.884483,0.981796,0.868382,1,8,1,17.8885,1.06066,20,0.707107,9.43398,0.790569,0,3,2,2,5,1.90429,1
3,1,1,49,1370,2126.77,452,1466,2157.99,2479.43,0.870356,0.985533,0.857764,0,1,-1,0,0,0,0,0,0,-1,2,0,2,2,1.90429,1
3,2,1,145,3259,5498.42,561,2153,6406.97,7364.18,0.870017,0.858194,0.746644,1,8,0,7.07107,0.790569,8.06226,0.5,1,0.353553,1,3,2,1,4,1.90429,1
3,2,2,103,2313,3903.76,695,3077,5885.08,5946.08,0.989741,0.663332,0.656527,1,1,0,7.07107,0.353553,7.07107,0.353553,0,0,-1,3,2,1,5,1.90429,1
3,0,0,4,972,1033.78,342,810,1177.78,1002.89,1.17438,0.877737,1.0308,0,1,0,0,0,0,0,0,0,-1,3,0,1,3,1.90429,0
3,2,2,259,2144,6144.07,603,2319,7614.84,6498.07,1.17186,0.806855,0.945522,2,3,0,8.06226,0.75,7.07107,0.5,1.41421,0.559017,0,3,2,1,5,1.90429,1
3,0,0,3,1218,1264.33,367,855,1422.78,1248.89,1.13923,0.888638,1.01237,0,1,0,0,0,0,0,0,0,-1,3,0,0,2,1.90429,0
3,2,1,105,3623,5244.65,642,2632,5441.19,5910.08,0.920664,0.963878,0.887408,1,31,0,1.41421,0.25,0,0.75,1,0.353553,1,3,2,2,3,1.74781,1
3,2,5,232,3700,7283.07,755,3667,7362.86,7383.85,0.997158,0.989164,0.986352,2,1,0,1.41421,0.559017,1,0.5,0,0.25,1,3,2,2,5,1.74781,1
3,1,1,48,2189,2930.33,509,1783,3222.33,3291.43,0.979004,0.909381,0.890288,0,4,0,0,1.06066,1,0.559017,1,0.559017,1,3,2,2,4,1.74781,1
3,2,0,198,3103,6160.97,745,3255,6130.08,6380.63,0.960732,1.00504,0.965573,2,10,0,0,0.559017,1,0.790569,2,0.25,1,3,2,2,6,1.74781,1
3,2,0,518,3663,11663.1,733,3377,11616.8,14299,0.81242,1.00399,0.81566,1,3,0,1.41421,0.790569,1.41421,1.06066,1,0.5,0,3,2,1,5,1.74781,0
3,0,0,4,1090,1151.78,382,974,1243.78,1136.33,1.09455,0.926033,1.01359,0,1,0,0,0,0,0,0,0,-1,3,0,1,2,1.74781,0
3,2,4,671,4860,15223.1,700,3110,15511.8,19978.3,0.776432,0.981391,0.761983,2,4,0,2.23607,0.75,4.47214,0.5,2.23607,0.75,0,3,2,2,4,1.74781,1
3,2,6,73,1434,2561.43,622,2420,4345.31,2954.32,1.47083,0.58947,0.867014,1,1,0,1,0.901388,1.41421,0.5,1,0.901388,1,3,2,2,3,1.74781,1
3,1,7,43,1546,2210.1,462,1696,2497,3507.99,0.711803,0.885105,0.630021,0,3,0,0,0.5,1,0,0,0.5,0,1,1,2,4,1.74781,0
3,2,7,305,4365,9075.51,712,3200,11230.1,12524.6,0.896649,0.808138,0.724616,2,6,0,0,0.5,0,0.25,1,0.25,0,3,1,1,4,1.74781,1
3,1,1,37,947,1518.44,406,1334,1662.89,2341.77,0.710098,0.913135,0.648415,0,3,0,0,1.06066,1,0.901388,0,0.75,1,3,2,1,1,1.74781,1
3,2,0,24,2555,2925.66,629,2455,2879.33,3631.87,0.792795,1.01609,0.805552,0,2,0,1,0.353553,1,0.707107,1,0.353553,0,3,2,2,5,1.74781,0
3,2,1,476,5064,12415.5,708,3162,14730.7,15833.9,0.930326,0.842832,0.784108,1,5,0,3.16228,0,3.60555,0.25,1,0.25,0,3,0,2,6,1.74781,0
3,2,1,123,2060,3959.65,433,1445,4578.64,4274.97,1.07103,0.864808,0.926239,2,3,0,1.41421,1.06066,1.41421,1.06066,0,0,0,3,2,2,5,1.74781,1
3,2,1,59,3164,4075.21,658,2794,5269.09,6827.62,0.771731,0.773419,0.596871,0,3,0,1,0.559017,1,0.559017,0,0,-1,3,2,2,3,1.74781,1
3,1,1,23,1849,2204.22,497,2657,2602.88,2453.21,1.06101,0.846839,0.898503,0,3,-1,0,0,0,0,0,0,-1,2,0,2,5,1.74781,1
4,0,0,1,1323,1363.3,395,1003,1845.88,1323,1.39523,0.738561,1.03046,0,18,0,0,0,0,0,0,0,-1,3,0,0,0,1.99632,0
4,1,2,11,2154,2597.29,488,1770,4043.38,3181.2,1.27103,0.642356,0.81645,0,10,0,0,0,0,0,0,0,-1,3,0,1,1,1.99632,0
4,0,0,1,1253,1293.3,392,1014,1803.18,1293.3,1.39425,0.717231,1,0,10,0,0,0,0,0,0,0,-1,3,0,0,0,1.99632,0
4,1,0,18,2497,3222.38,549,2359,3222.38,3411.2,0.944648,1,0.944648,0,3,0,1,0.75,1,0.75,0,0,1,3,2,2,2,1.99632,0
4,0,0,1,2179,2219.3,558,2098,2743.18,2219.3,1.23606,0.809023,1,0,5,0,1,0.790569,1,0.790569,0,0,-1,3,2,1,1,1.51135,0
4,0,0,4,849,1010.2,329,741,1361.88,1010.2,1.34814,0.741763,1,0,1,0,0,0,0,0,0,0,-1,3,0,0,0,1.51135,0
4,1,1,13,2424,2947.88,729,4695,5090.94,4632.64,1.09893,0.579045,0.636329,0,5,0,1,0.790569,1,0.790569,0,0,-1,3,2,2,2,1.51135,1
4,0,0,2,822,902.598,304,670,1342.88,862.299,1.55733,0.672133,1.04673,0,3,0,0,0,0,0,0,0,-1,3,0,0,1,1.51135,0
4,2,7,114,3492,8086.07,756,3678,9697.74,10844.4,0.894261,0.833809,0.745643,1,5,0,0,0,0,0,0,0,0,3,0,2,2,1.74825,1
4,0,0,6,2314,2555.79,405,1231,2837.88,2555.79,1.11037,0.900598,1,0,4,0,1,0.790569,1,0.790569,0,0,-1,3,2,1,2,1.74825,0
4,2,0,41,3228,4880.25,906,5072,5309.24,4839.95,1.09696,0.9192,1.00833,2,1,0,1,0.559017,1,0.559017,0,0,-1,3,2,1,3,1.74825,1
4,0,0,5,1551,1752.49,369,1061,2246.68,1712.2,1.31216,0.780038,1.02354,0,3,0,2,0,2,0,0,0,-1,3,0,0,2,1.74825,0
4,0,0,4,2667,2828.2,510,2042,3681.77,2787.9,1.32063,0.768162,1.01445,0,2,0,1,0.559017,1,0.559017,0,0,-1,3,2,0,2,1.74825,0
4,0,0,1,916,956.299,322,670,1556.59,956.299,1.62772,0.614357,1,0,1,0,1,0.559017,1,0.559017,0,0,-1,3,2,1,2,1.74825,0
4,1,2,11,3295,3738.29,762,3900,4797.08,4459.9,1.0756,0.779284,0.8382,0,4,0,1,0,1,0,0,0,-1,3,0,1,1,1.74825,0
4,0,0,4,1310,1471.2,413,1099,2098.38,1430.9,1.46648,0.70111,1.02816,0,4,0,2,0.901388,2,0.901388,0,0,-1,3,2,0,0,1.74825,0
4,0,0,5,1309,1510.49,429,1131,1735.69,1510.49,1.14909,0.870256,1,0,1,0,2,0,2,0,0,0,-1,3,0,0,0,1.53813,0
4,0,0,2,4684,4764.6,715,3833,6268.17,4764.6,1.31557,0.760126,1,0,2,0,2,0,2,0,0,0,-1,3,0,2,2,1.53813,0
4,1,1,12,2635,3118.59,599,3041,3460.48,3639.3,0.950865,0.9012,0.856919,0,2,0,2,0.901388,2,0.901388,0,0,-1,3,2,0,0,1.53813,1
4,1,6,10,6115,6517.99,891,6321,6925.68,6632.9,1.04414,0.941134,0.982676,0,6,0,2,0.901388,2,0.901388,0,0,-1,3,2,1,2,1.53813,1
4,0,0,1,1061,1101.3,374,888,1580.88,1061,1.48999,0.696635,1.03798,0,4,0,0,0,0,0,0,0,-1,3,0,0,0,0.988409,0
4,0,0,1,947,987.299,351,871,1384.29,947,1.46176,0.713218,1.04255,0,4,0,0,0,0,0,0,0,-1,3,0,0,0,0.988409,0
4,0,0,1,1016,1056.3,351,831,1535.88,1016,1.5117,0.687746,1.03966,0,4,0,0,0,0,0,0,0,-1,3,0,0,0,0.988409,0
4,1,6,37,3998,5489.06,834,5766,6605.98,10132.4,0.651967,0.830923,0.541734,0,6,-1,0,0,0,0,0,0,-1,2,0,2,2,0.988409,0
4,0,0,1,2266,2306.3,507,2067,2856.68,2266,1.26067,0.807336,1.01778,0,8,0,0,0,0,0,0,0,-1,3,0,1,1,0.988409,0
4,2,6,90,9730,13356.9,1073,7015,14392.4,16218.9,0.887381,0.928055,0.823539,1,6,0,1.41421,0.5,2,0.25,1,0.559017,1,3,1,1,1,0.988409,0
4,0,0,1,1280,1320.3,396,1036,1807.18,1320.3,1.36877,0.730584,1,0,1,0,0,0,0,0,0,0,-1,3,0,0,0,0.988409,0
4,1,0,22,1256,2142.57,422,1248,2142.57,4290.62,0.499363,1,0.499363,0,6,0,1,0.5,1,0,1,0.5,0,3,1,1,1,0.988409,0
4,0,0,3,2949,3069.9,570,2364,3553.48,3069.9,1.15753,0.863912,1,0,12,0,1,0.790569,1,0.790569,0,0,-1,3,2,2,2,1.49352,0
4,0,0,1,4858,4898.3,732,3688,5422.18,4898.3,1.10695,0.903381,1,0,12,0,1,0.790569,1,0.790569,0,0,-1,3,2,1,1,1.49352,0
4,1,6,11,5864,6307.29,1055,16541,9352.8,8700.32,1.075,0.674374,0.724949,0,10,0,1.41421,0,1.41421,0,0,0,-1,3,0,2,2,1.49352,0
4,1,2,24,5810,6777.17,946,6006,8663.48,7760.6,1.11634,0.782269,0.87328,0,3,1,3.16228,0,3.16228,0.25,0,0.75,1,3,0,1,1,1.49352,0
4,2,0,41,3285,4937.25,897,4733,5299.94,4896.95,1.08229,0.931567,1.00823,2,2,0,1,0.790569,1,0.790569,0,0,-1,3,2,2,4,1.49352,1
4,0,0,1,815,855.299,346,752,1334.18,815,1.63703,0.641065,1.04945,0,1,0,1,0.790569,1,0.790569,0,0,-1,3,2,0,2,1.49352,0
4,1,2,26,4875,5922.77,730,4550,6373.08,7282.06,0.875176,0.929342,0.813337,0,5,0,1,0.901388,1,1.06066,1,0.25,0,3,2,2,4,1.49352,0
4,1,6,12,1743,2226.59,474,1640,2392.18,2796.09,0.855545,0.930776,0.796321,0,4,0,1.41421,0.353553,1.41421,0.353553,0,0,-1,3,2,2,3,1.49352,0
4,2,2,154,9651,15857,1043,6539,27631.5,28016.7,0.986252,0.573875,0.565985,2,25,0,1.41421,0.75,1.41421,0.75,0,0,-1,3,2,2,2,1.49352,1
4,2,1,36,9101,10551.8,1094,7582,16625.2,18294.9,0.908732,0.634685,0.576759,0,10,0,1,0.790569,1,0.790569,0,0,-1,3,2,2,3,1.49352,1
4,2,0,42,3166,4858.55,722,3636,5585.34,4818.25,1.15921,0.869875,1.00836,1,4,0,1,0.559017,1,0.559017,0,0,-1,3,2,1,3,1.49352,0
4,2,5,86,6414,9879.7,1056,6994,10397.1,10960.9,0.948561,0.950237,0.901358,2,26,0,1,0.790569,1,0.790569,0,0,-1,3,2,1,4,1.49352,1
4,2,0,101,6829,10899.2,1081,7597,11060.4,10858.9,1.01856,0.985426,1.00371,0,2,0,1,0.790569,1,0.790569,0,0,-1,3,2,2,3,1.49352,0
4,1,0,16,2000,2644.78,536,1794,2644.78,3219.6,0.821463,1,0.821463,0,2,0,1.41421,0.25,1.41421,0.353553,0,0.25,0,3,2,1,1,1.49352,0
4,2,0,77,7726,10829,927,5509,11151.4,10829,1.02977,0.97109,1,0,3,0,1,0.790569,1,0.790569,0,0,-1,3,2,1,3,1.49352,0
4,0,0,3,887,1007.9,342,778,1501.18,1007.9,1.48942,0.671401,1,0,3,0,1,0.790569,1,0.790569,0,0,-1,3,2,0,0,1.49352,0
4,2,2,120,5489,10324.9,955,5985,14181.2,14328.8,0.989697,0.728068,0.720566,1,7,0,1,0.25,2,0.5,1,0.25,0,3,2,2,2,2.07446,1
4,0,0,4,953,1114.2,361,799,1414.29,1073.9,1.31697,0.787814,1.03753,0,2,0,2,0.901388,2,0.901388,0,0,-1,3,2,0,1,2.07446,0
4,1,2,38,3061,4592.36,670,5308,6802.2,10121.9,0.672026,0.675127,0.453703,0,6,0,0,0.5,0,0.5,0,0,-1,3,1,1,3,2.07446,1
4,0,0,4,887,1048.2,285,705,1295.29,1007.9,1.28514,0.809238,1.03998,0,4,0,2,0.901388,2,0.901388,0,0,-1,3,2,0,2,2.07446,0
4,1,2,10,1344,1746.99,336,876,4571.63,4329.84,1.05584,0.382137,0.403477,0,3,0,0,0,0,0,0,0,-1,1,0,1,3,2.07446,1
4,0,0,3,704,824.896,311,603,1189.29,784.598,1.51579,0.693606,1.05136,0,1,0,2,0.901388,2,0.901388,0,0,-1,3,2,0,2,2.07446,0
4,0,0,5,3047,3248.49,444,1396,3631.18,3208.2,1.13185,0.89461,1.01256,0,8,0,0,0,0,0,0,0,-1,3,0,1,3,2.07446,1
4,0,0,3,872,992.896,321,693,1476.48,952.598,1.54995,0.672474,1.0423,0,3,0,2,0.901388,2,0.901388,0,0,-1,3,2,0,2,2.07446,0
4,1,2,11,6792,7235.29,1008,7220,10920.7,8192.26,1.33305,0.662532,0.883185,0,4,0,2.23607,0.353553,2.23607,0.353553,0,0,-1,3,2,1,2,1.8424,1
4,0,0,4,1381,1542.2,433,1217,1795.99,1501.9,1.19581,0.858689,1.02683,0,3,0,0,0,0,0,0,0,-1,3,0,0,1,1.8424,0
4,1,2,11,3790,4233.29,760,3764,5708.57,5984.96,0.953819,0.741566,0.70732,0,1,0,3,0.5,3,0.5,0,0,-1,3,1,2,4,1.8424,1
4,0,0,3,1802,1922.9,452,1324,2284.59,1882.6,1.21353,0.841683,1.02141,0,2,0,0,0,0,0,0,0,-1,3,0,0,2,1.8424,0
4,0,0,4,973,1134.2,327,737,1621.38,1093.9,1.4822,0.699525,1.03684,0,5,0,3.16228,0.790569,3.16228,0.790569,0,0,-1,3,2,0,0,1.8424,0
4,1,0,18,4700,5425.38,911,6413,5385.08,11569.8,0.465442,1.00748,0.468925,0,2,0,3.16228,0.5,2.23607,0.790569,1.41421,0.790569,0,3,1,2,2,1.8424,0
4,0,0,2,1537,1617.6,479,1449,2239.68,1617.6,1.38457,0.722246,1,0,2,0,3.16228,0.790569,3.16228,0.790569,0,0,-1,3,2,2,2,1.8424,0
4,1,5,35,3764,5174.46,670,2946,5347.98,6151.16,0.869426,0.967555,0.841217,0,1,0,3.16228,0.707107,4.12311,0.5,0,0.5,1,3,1,1,1,1.8424,0
4,1,1,31,3599,4848.26,718,4652,5560.55,7428.22,0.748571,0.871904,0.652682,0,7,0,3.16228,0.353553,3,0.5,0,0.353553,0,3,2,2,4,1.8424,1
4,0,0,2,1016,1096.6,359,833,1367.99,1096.6,1.24748,0.801613,1,0,1,0,0,0,0,0,0,0,-1,3,0,0,2,1.8424,0
4,2,1,67,2789,5489.02,854,5106,7704.91,7172.11,1.07429,0.712406,0.765328,1,2,0,3,0.75,4,0.5,0,0.559017,0,3,2,2,4,1.8424,1
4,0,0,3,1227,1347.9,371,845,1613.29,1307.6,1.23378,0.835497,1.03082,0,5,0,0,0,0,0,0,0,-1,3,0,0,2,1.8424,0
4,0,0,3,4890,5010.9,798,5354,5430.75,4970.6,1.09257,0.92269,1.00811,0,5,0,1,0.559017,1,0.559017,0,0,-1,3,2,2,2,1.54549,1
4,0,0,4,5391,5552.2,862,5042,6075.78,5471.6,1.11042,0.913824,1.01473,0,2,0,1,0.790569,1,0.790569,0,0,-1,3,2,2,5,1.54549,1
4,0,0,5,2477,2678.49,529,2051,2949.59,2638.2,1.11803,0.908092,1.01528,0,2,0,0,0,0,0,0,0,-1,3,0,2,4,1.54549,0
4,0,0,3,6145,6265.9,942,6430,6679.1,6225.6,1.07284,0.938135,1.00647,0,4,0,1,0.353553,1,0.353553,0,0,-1,3,2,2,5,1.54549,0
4,2,2,77,7765,10868,1099,7663,11562.4,11189.5,1.03332,0.939944,0.971267,0,2,0,1.41421,0.25,1.41421,0.25,0,0,-1,3,2,0,2,1.54549,1
4,0,0,3,1114,1234.9,360,900,1862.98,1234.9,1.50861,0.662862,1,0,2,0,0,0,0,0,0,0,-1,3,0,0,1,1.54549,0
4,2,6,177,11117,18249.9,1042,6484,19950.1,19479.4,1.02416,0.914778,0.936881,2,2,0,1.41421,0.25,1.41421,0.25,0,0,-1,3,2,2,5,1.54549,0
4,0,0,3,2995,3115.9,463,2133,3488.68,3115.9,1.11964,0.893145,1,0,4,0,1.41421,0.25,1.41421,0.25,0,0,-1,3,2,2,3,1.54549,1
4,0,0,2,2459,2539.6,513,2125,2601.78,2499.3,1.041,0.9761,1.01612,0,4,0,0,0,0,0,0,0,-1,3,0,1,1,1.54549,0
4,2,7,34,5846,7216.16,1008,6442,8797.39,9251.49,0.950916,0.820262,0.78,1,5,0,1,0.353553,1,0.353553,0,0,-1,3,2,1,1,1.54549,0
4,0,0,2,1236,1316.6,362,1030,1709.18,1276.3,1.33917,0.770308,1.03157,0,4,0,0,0,0,0,0,0,-1,3,0,1,1,1.54549,0
4,0,0,3,2552,2672.9,552,2198,3075.88,2672.9,1.15077,0.868985,1,0,9,0,0,0,0,0,0,0,-1,3,0,1,1,1.54549,0
4,2,1,209,9400,17822.5,1054,7120,20155.2,19509.8,1.03308,0.884261,0.913513,1,2,0,1.41421,0.5,1.41421,0.5,0,0,-1,3,1,1,1,1.54549,1
4,2,6,49,3054,5028.64,775,4371,5144.25,5223.15,0.984895,0.977526,0.962761,2,1,0,1,0.901388,1,1.06066,1,0.25,1,1,2,2,5,1.54549,1
4,1,5,18,2611,3336.38,713,4671,3876.57,5070.6,0.76452,0.860651,0.657985,0,4,0,0,0.75,0,0.75,0,0,-1,3,2,2,4,1.54549,1
4,0,0,5,2029,2230.49,462,1808,3719.59,2109.6,1.76317,0.599662,1.05731,0,5,0,0,0.75,0,0.75,0,0,-1,3,2,2,6,1.54549,0
4,0,0,2,1359,1439.6,405,1037,1799.29,1399.3,1.28585,0.800093,1.0288,0,12,0,0,0,0,0,0,0,-1,3,0,0,0,2.13025,0
4,1,2,21,2396,3242.28,660,3134,4098.38,3735.2,1.09723,0.791112,0.868034,0,17,0,0,0,0,0,0,0,-1,3,0,2,2,2.13025,0
4,0,0,1,1776,1816.3,399,1225,1889.29,1816.3,1.04019,0.961367,1,0,1,0,0,0,0,0,0,0,-1,3,0,1,1,2.13025,0
4,1,7,26,2593,3640.77,523,2223,3747.38,3915.49,0.957064,0.971551,0.929837,0,5,0,1,0.25,1,0.25,1,0.353553,1,3,2,2,2,2.13025,0
4,0,0,6,995,1236.79,371,917,1412.29,1236.79,1.14189,0.875738,1,0,1,0,0,0,0,0,0,0,-1,3,0,0,0,2.02895,0
4,0,0,2,1071,1151.6,374,966,1506.59,1111.3,1.3557,0.764376,1.03626,0,1,0,0,0,0,0,0,0,-1,3,0,0,0,2.02895,0
4,1,4,13,2429,2952.88,658,3076,3070.78,3389.3,0.906023,0.961607,0.871238,0,1,0,1,0.5,1,0.5,0,0,-1,3,1,1,1,2.02895,0
4,1,2,20,2094,2899.98,589,2329,3582.78,3479.3,1.02974,0.80942,0.833494,0,1,0,1,0.5,1,0.5,0,0,-1,3,1,2,2,2.02895,1
4,0,0,3,1229,1349.9,416,1084,1661.99,1309.6,1.26908,0.812218,1.03077,0,14,0,1.41421,0.559017,1.41421,0.559017,0,0,-1,3,2,1,1,2.02895,0
4,0,0,5,3890,4091.49,688,3598,4707.28,4091.49,1.1505,0.869185,1,0,1,0,1,0.5,1,0.5,0,0,-1,3,1,1,3,2.02895,1
4,0,0,5,1965,2166.49,457,1489,2609.78,2166.49,1.20461,0.830144,1,0,1,0,1,0.5,1,0.5,0,0,-1,3,1,1,1,2.02895,0
4,0,0,2,5137,5217.6,733,4109,5781.78,5177.3,1.11676,0.90242,1.00778,0,2,0,1,0.5,1,0.5,0,0,-1,3,1,2,4,2.02895,0
4,1,1,11,1712,2155.29,431,1495,3069.08,2504.9,1.22523,0.702258,0.86043,0,15,0,0,0,0,0,0,0,-1,3,0,2,2,1.56239,1
4,0,0,2,2698,2778.6,576,2272,3383.08,2738.3,1.23547,0.821322,1.01472,0,15,0,1.41421,0.25,1.41421,0.25,0,0,-1,3,2,2,3,1.56239,0
4,0,0,4,2326,2487.2,533,1883,3011.08,2446.9,1.23057,0.826014,1.01647,0,5,0,1.41421,0.25,1.41421,0.25,0,0,-1,3,2,2,4,1.56239,1
4,0,0,2,4820,4900.6,671,3825,5304.55,4860.3,1.0914,0.923848,1.00829,0,3,0,1.41421,0.25,1.41421,0.25,0,0,-1,3,2,2,4,1.56239,1
4,0,0,2,2243,2323.6,508,1574,2690.88,2283.3,1.17851,0.863507,1.01765,0,4,0,0,0,0,0,0,0,-1,3,0,0,0,2.00337,0
4,0,0,1,1838,1878.3,486,1496,2367.88,1838,1.28829,0.793239,1.02193,0,4,0,0,0,0,0,0,0,-1,3,0,1,1,2.00337,0
4,0,0,1,1379,1419.3,443,1231,1743.99,1419.3,1.22877,0.813824,1,0,4,0,0,0,0,0,0,0,-1,3,0,0,0,2.00337,0
4,2,0,50,2398,4412.94,1031,6951,4534.94,4372.64,1.03712,0.973098,1.00922,1,1,0,0,0,0,0,0,0,-1,3,0,1,1,2.00337,1
4,2,1,88,2922,6468.3,930,5996,6670.12,8050.38,0.828548,0.969741,0.803478,1,11,0,1,0.5,3,0,1,0.5,0,3,1,2,2,2.00337,1
4,1,2,16,2645,3289.78,458,1640,3357.08,3290.79,1.02014,0.979953,0.999693,0,5,0,1,0.75,1,0.75,0,0,-1,3,2,1,2,2.00337,1
4,1,1,26,1525,2572.77,467,2035,2779.47,2611.2,1.06444,0.925633,0.985284,0,7,-1,0,0,0,0,0,0,-1,2,0,1,4,2.00337,1
4,0,0,3,3137,3257.9,521,1803,3611.78,3177.3,1.13675,0.902019,1.02537,0,1,0,1,0.75,1,0.75,0,0,-1,3,2,1,5,2.00337,1
4,0,0,2,1612,1692.6,481,1453,2084.29,1652.3,1.26145,0.812075,1.02439,0,2,0,0,0,0,0,0,0,-1,3,0,0,0,2.00337,0
4,1,7,17,2588,3273.08,784,4888,6747.97,6344.99,1.06351,0.485046,0.515853,0,2,0,0,0,0,0,0,0,-1,3,0,1,3,2.00337,0
4,0,0,2,1624,1704.6,455,1301,2134.88,1664.3,1.28275,0.79845,1.02421,0,3,0,0,0,0,0,0,0,-1,3,0,0,0,2.00337,0
4,0,0,1,2158,2198.3,504,1818,2722.18,2198.3,1.23831,0.80755,1,0,3,0,0,0,0,0,0,0,-1,3,0,1,1,2.00337,0
4,1,2,14,1692,2256.18,465,1389,2528.98,3710.6,0.681555,0.892133,0.608038,0,2,0,1,0.353553,1,0.353553,0,0,-1,3,2,1,4,2.00337,1
4,0,0,5,777,978.494,304,620,1255.59,897.896,1.39836,0.779313,1.08976,0,2,0,2,0.25,2,0.25,0,0,-1,3,2,2,6,2.00337,0
4,1,6,31,4454,5703.26,805,5697,6917.03,7088.9,0.975756,0.824525,0.804535,0,9,0,0,0.901388,0,0.901388,0,0,-1,3,2,2,4,2.00337,0
4,0,0,2,1238,1318.6,400,986,1826.88,1278.3,1.42915,0.721774,1.03153,0,9,0,1,0.559017,1,0.559017,0,0,-1,3,2,0,1,2.00337,0
4,0,0,2,1475,1555.6,358,896,1931.78,1515.3,1.27485,0.805266,1.02659,0,6,0,1,0.75,1,0.75,0,0,-1,3,2,1,2,1.85837,0
4,0,0,2,2303,2383.6,446,1760,3317.98,2343.3,1.41594,0.718389,1.0172,0,1,0,1,0.75,1,0.75,0,0,-1,3,2,1,1,1.85837,0
4,0,0,2,2185,2265.6,546,2300,3674.38,2225.3,1.65118,0.616593,1.01811,0,4,0,2,0.25,2,0.25,0,0,-1,3,2,1,3,1.85837,0
4,1,7,33,2283,3612.86,544,2354,3992.77,5153.3,0.774799,0.904851,0.701077,0,2,0,1.41421,0.790569,2.23607,0.901388,1,0.25,1,3,2,2,2,1.85837,0
4,0,0,2,1779,1859.6,423,1225,3053.17,1859.6,1.64185,0.609071,1,0,5,0,2,0.25,2,0.25,0,0,-1,3,2,1,2,1.85837,0
4,2,0,88,4465,8011.3,798,4186,9356.65,8011.3,1.16793,0.856214,1,2,1,0,2,0.25,2,0.25,0,0,-1,3,2,2,2,1.85837,0
4,1,2,24,2828,3795.17,571,2207,3952.57,3923.2,1.00749,0.960177,0.967368,0,2,0,2,0.5,2,0.5,0,0,-1,3,1,1,1,1.85837,0
4,1,0,17,5483,6168.08,836,5012,6168.08,6730.2,0.916479,1,0.916479,0,1,0,2,0,2.23607,0.25,1,0.25,1,3,0,2,2,1.85837,0
4,0,0,1,1036,1076.3,364,848,1438.99,1076.3,1.33698,0.747955,1,0,4,0,0,0,0,0,0,0,-1,3,0,0,0,1.01961,0
4,0,0,2,948,1028.6,362,878,1472.88,988.299,1.49032,0.698356,1.04078,0,4,0,0,0,0,0,0,0,-1,3,0,0,0,1.01961,0
4,0,0,1,957,997.299,348,806,1363.99,997.299,1.36768,0.731164,1,0,4,0,0,0,0,0,0,0,-1,3,0,0,0,1.01961,0
4,1,5,35,2810,4220.46,574,2666,4852.47,7778.84,0.623804,0.869755,0.542556,0,3,-1,0,0,0,0,0,0,-1,2,0,2,2,1.01961,0
4,1,7,17,1429,2114.08,450,1478,2199.59,3583.49,0.61381,0.961126,0.589949,0,4,0,0,0,0,0,0,0,-1,3,0,0,0,1.01961,0
4,2,2,48,6924,8858.34,1117,7547,10131.2,15811,0.640772,0.874359,0.560265,0,22,0,2.23607,0.790569,1.41421,0,1,0.353553,1,3,2,1,1,1.01961,0
4,0,0,1,1314,1354.3,398,1022,1748.59,1314,1.33074,0.774511,1.03067,0,3,0,0,0,0,0,0,0,-1,3,0,0,0,1.01961,0
4,1,1,29,2358,3526.67,550,2636,4794.37,7403.9,0.647546,0.735585,0.476326,0,3,0,2.23607,0.559017,1,0.5,1,0.25,1,3,2,2,2,1.01961,1
4,0,0,4,3001,3162.2,566,2110,3432.78,3121.9,1.09958,0.921176,1.01291,0,8,0,1.41421,0.25,1.41421,0.25,0,0,-1,3,2,2,4,1.59833,0
4,1,0,18,3925,4650.38,672,3122,4610.08,5373.3,0.857961,1.00874,0.865461,0,7,0,1,0.790569,1,0.559017,1,0.25,0,3,2,1,4,1.59833,1
4,2,6,58,5668,8005.33,889,5369,8427.42,8154.44,1.03348,0.949914,0.981715,1,3,0,2.82843,0.559017,2.82843,0.559017,0,0,-1,3,2,2,2,1.59833,0
4,2,7,80,6632,9855.91,979,6389,13095.1,12024,1.08909,0.752638,0.819689,1,4,1,2.82843,0.25,2.82843,0.707107,1,0.559017,1,3,2,2,4,1.59833,0
4,1,1,24,2350,3317.17,701,4379,5040.55,4638.96,1.08657,0.658097,0.715067,0,2,0,1,0.353553,1.41421,0.559017,1,0.75,1,3,2,2,4,1.59833,0
4,0,0,3,778,898.896,342,740,1306.88,898.896,1.45388,0.687816,1,0,1,0,0,0.75,0,0.75,0,0,-1,3,2,0,0,1.59833,0
4,1,7,30,4172,5380.96,736,4084,5415.68,8419.8,0.643207,0.99359,0.639084,0,3,0,1.41421,0.5,1.41421,0.25,1,0.559017,0,3,1,2,3,1.59833,1
4,0,0,5,1291,1492.49,409,1165,1819.78,1452.2,1.25312,0.82015,1.02775,0,5,0,1.41421,0.559017,1.41421,0.559017,0,0,-1,3,2,2,3,1.59833,0
4,2,2,309,9979,22431.3,1189,8465,30328,31761.2,0.954875,0.739626,0.70625,2,2,0,2.23607,1.06066,3.16228,0.790569,1,0.5,0,3,2,2,2,1.59833,1
4,2,1,136,8842,14322.6,978,5912,16836,15593,1.07972,0.850713,0.91853,1,3,0,1,0.559017,1,0.559017,0,0,-1,3,2,2,3,1.59833,1
4,2,6,79,4865,8048.61,903,5185,8260.91,8051.8,1.02597,0.974301,0.999603,1,4,0,2.23607,0.901388,2.23607,0.901388,0,0,-1,3,2,1,4,1.59833,1
4,2,0,121,5390,10266.2,1123,7975,10145.3,10882.1,0.932292,1.01192,0.943402,2,29,0,0,0.5,0,0.559017,0,0.25,0,3,1,2,6,1.59833,0
4,2,7,114,6176,10770.1,1120,7882,12437.7,14268.9,0.871666,0.86592,0.754793,2,3,0,0,0.75,0,0.75,0,0,-1,3,2,2,5,1.59833,0
4,1,6,10,1860,2262.99,561,1961,4123.38,2585.6,1.59475,0.548819,0.875228,0,4,0,1.41421,0.559017,1.41421,0.559017,0,0,-1,3,2,1,2,1.59833,1
4,2,1,184,7791,15206,1026,6732,17468.4,15211,1.1484,0.870487,0.999671,0,4,0,0,0.5,0,0.5,0,0,-1,3,1,2,3,1.59833,0
4,0,0,2,980,1060.6,353,849,1420.29,1060.6,1.33914,0.746749,1,0,9,0,0,0.5,0,0.5,0,0,-1,3,1,1,3,1.59833,0
4,2,2,82,4436,7740.5,893,5233,11351.7,9594.17,1.18319,0.681879,0.806792,2,2,0,1,0.790569,1.41421,0.707107,1,0.790569,0,3,2,2,2,2.1149,1
4,0,0,2,656,736.598,265,487,1264.18,696.299,1.81558,0.582667,1.05788,0,1,0,2,0.25,2,0.25,0,0,-1,3,2,0,1,2.1149,0
4,1,0,22,3820,4706.57,518,2174,4666.28,4912.7,0.94984,1.00864,0.958042,0,7,0,0,0.25,0,0.5,0,0.25,0,3,2,0,2,2.1149,0
4,0,0,3,792,912.896,285,645,1453.18,872.598,1.66535,0.628205,1.04618,0,1,0,2,0.25,2,0.25,0,0,-1,3,2,0,1,2.1149,0
4,0,0,3,4301,4421.9,502,2354,4943.87,4381.6,1.12833,0.89442,1.0092,0,2,0,0,0.25,0,0.25,0,0,-1,3,2,0,0,2.1149,1
4,0,0,3,676,796.896,297,583,1299.78,756.598,1.71793,0.6131,1.05326,0,4,0,2,0.25,2,0.25,0,0,-1,3,2,0,1,2.1149,0
4,1,6,11,2352,2795.29,407,1185,3380.87,3587.6,0.942378,0.826794,0.779153,0,1,0,0,0,0,0,0,0,-1,1,0,0,2,2.1149,0
4,0,0,3,938,1058.9,330,710,1507.08,1018.6,1.47956,0.702615,1.03956,0,4,0,3.16228,0.707107,3.16228,0.707107,0,0,-1,3,1,0,1,2.1149,0
4,1,2,12,3798,4281.59,744,3868,4615.96,5091.6,0.906585,0.92756,0.840912,0,2,0,2,1.06066,2,1.06066,0,0,-1,3,2,1,1,1.85319,1
4,1,1,14,3541,4105.18,715,3533,5133.98,4881.6,1.0517,0.799611,0.840951,0,1,0,2,1.06066,2,1.06066,0,0,-1,3,2,2,3,1.85319,1
4,1,5,34,3011,4381.16,608,2676,4898.26,7930.38,0.617658,0.894431,0.552453,0,3,0,3.16228,0,4.24264,0.353553,2,0.353553,1,3,0,2,4,1.85319,0
4,1,4,13,3403,3926.88,598,2656,4539.98,4386.2,1.03506,0.864957,0.895283,0,2,0,2,0.790569,2,0.790569,0,0,-1,3,2,2,5,1.85319,1
4,1,1,15,2770,3374.48,705,3815,4408.03,3715.94,1.18625,0.76553,0.90811,0,3,0,2,0.790569,2,0.790569,0,0,-1,3,2,1,2,1.85319,1
4,0,0,3,1378,1498.9,427,1211,1931.88,1458.6,1.32448,0.775873,1.02763,0,1,0,0,0,0,0,0,0,-1,3,0,0,1,1.85319,0
4,1,0,15,2336,2940.48,499,1949,2859.88,4760.9,0.600703,1.02818,0.617632,0,2,-1,0,0,0,0,0,0,-1,2,0,1,5,1.85319,1
4,0,0,3,1768,1888.9,445,1295,2248.59,1848.6,1.21637,0.840038,1.0218,0,2,0,0,0,0,0,0,0,-1,3,0,1,3,1.85319,0
4,0,0,3,1999,2119.9,442,1470,3135.86,2079.6,1.50792,0.676017,1.01938,0,1,0,3.16228,0.901388,3.16228,0.901388,0,0,-1,3,2,0,0,1.85319,0
4,1,5,13,4256,4779.88,694,3140,5697.73,5289.3,1.07722,0.83891,0.90369,0,2,0,3.16228,0.901388,3.16228,0.901388,0,0,-1,3,2,2,4,1.85319,1
4,0,0,3,1394,1514.9,417,1175,2334.48,1474.6,1.58313,0.648922,1.02733,0,1,0,3.16228,0.901388,3.16228,0.901388,0,0,-1,3,2,2,2,1.85319,0
4,2,0,140,5248,10889.8,1004,6540,11212.2,10849.5,1.03343,0.971247,1.00371,1,20,0,4.12311,0.5,4.12311,0.5,0,0,-1,3,1,2,4,1.85319,1
4,1,4,17,3563,4248.08,636,4474,5331.42,4440.64,1.2006,0.7968,0.956636,0,2,0,3,0.5,3,0.5,0,0,-1,3,1,1,5,1.85319,1
4,0,0,3,942,1062.9,327,753,1548.48,1022.6,1.51426,0.686412,1.03941,0,3,0,0,0,0,0,0,0,-1,3,0,1,3,1.85319,0
4,2,0,130,2398,7636.85,758,3762,8982.02,7556.25,1.18869,0.850237,1.01067,1,1,0,4.12311,0.5,4.12311,0.5,0,0,-1,3,1,1,5,1.85319,1
4,0,0,2,1222,1302.6,360,838,1703.88,1262.3,1.34983,0.764487,1.03192,0,1,0,0,0,0,0,0,0,-1,3,0,0,2,1.85319,0
4,1,2,26,4697,5744.77,893,5849,6167.38,7129.6,0.865039,0.931477,0.805763,0,3,0,0,0,0,0,0,0,-1,3,0,2,5,1.6314,0
4,2,6,32,5596,6885.56,964,6102,6907.87,7635.59,0.904695,0.99677,0.901773,0,1,0,1,0.559017,1,0.559017,0,0,-1,3,2,2,3,1.6314,0
4,1,0,22,1781,2667.57,448,1444,2667.57,2810.9,0.949012,1,0.949012,0,4,0,0,0.790569,1,0.75,0,0.559017,1,3,2,2,2,1.6314,0
4,2,2,61,4143,6601.23,1120,7434,7308.03,7181.94,1.01756,0.903284,0.919143,1,18,0,1,0.25,1,0.353553,0,0.25,0,3,2,2,2,1.6314,0
4,2,2,168,6533,13303.2,1056,7286,18219.5,14217.6,1.28148,0.730163,0.935688,0,4,0,0,0.75,0,0.75,0,0,-1,3,2,1,1,1.6314,0
4,0,0,3,1033,1153.9,377,911,1559.48,1113.6,1.4004,0.739923,1.03619,0,4,0,0,0.5,0,0.5,0,0,-1,3,1,1,1,1.6314,0
4,2,6,235,10215,19685.2,1017,6587,22055.9,30065.9,0.733584,0.892516,0.654736,0,6,0,1,0,1,0.25,0,0.25,1,3,0,2,2,1.6314,1
4,1,6,14,1341,1905.18,412,1288,2003.68,2014.2,0.994778,0.950843,0.945878,0,7,0,1.41421,1.06066,1.41421,1.06066,0,0,-1,3,2,2,3,1.6314,1
4,0,0,2,1670,1750.6,417,1163,2962.77,1750.6,1.69243,0.590865,1,0,2,0,0,0.790569,0,0.790569,0,0,-1,3,2,1,1,1.6314,0
4,2,7,101,6041,10111.2,990,5878,13323.2,13811.5,0.964648,0.758915,0.732086,1,4,0,0,0.5,1,0.353553,1.41421,0.353553,0,3,1,2,2,1.6314,0
4,0,0,3,1176,1296.9,351,895,1788.08,1256.6,1.42295,0.725301,1.03207,0,3,0,0,0,0,0,0,0,-1,3,0,2,2,1.6314,0
4,0,0,4,2135,2296.2,506,1830,2739.48,2296.2,1.19305,0.838186,1,0,6,0,0,0.25,0,0.25,0,0,-1,3,2,1,1,1.6314,0
4,2,1,204,8083,16304,1111,7245,18664.9,18686.7,0.998834,0.873509,0.87249,2,5,0,1.41421,0.901388,2.23607,0.75,1,0.353553,0,3,2,1,3,1.6314,1
4,0,0,5,2447,2648.49,430,1946,6201.27,2567.9,2.41492,0.427089,1.03139,0,2,0,1.41421,1.06066,1.41421,1.06066,0,0,-1,3,2,2,6,1.6314,1
4,1,0,24,3063,4030.17,660,3424,3989.87,5171.6,0.771497,1.0101,0.779289,0,3,0,0,0.901388,1,0.75,0,0.5,1,3,2,2,4,1.6314,0
4,0,0,2,1700,1780.6,395,1379,2557.59,1740.3,1.46962,0.696202,1.02316,0,5,0,0,0.901388,0,0.901388,0,0,-1,3,2,2,5,1.6314,0
1,0,0,1,1184,1189.61,399,1027,1245.74,1189.61,1.04718,0.954942,1,0,4,0,0,0,0,0,0,0,-1,3,0,0,0,2.14286,0
1,0,0,1,911,916.613,349,825,972.744,916.613,1.06124,0.942297,1,0,4,0,0,0,0,0,0,0,-1,3,0,0,0,2.14286,0
1,1,0,15,1241,1325.2,393,1053,1325.2,1421.61,0.932178,1,0.932178,0,1,0,1,0.25,1,0.5,1,0.25,0,3,2,0,0,2.14286,0
1,2,1,210,1681,2859.74,556,1842,3672.08,4220.68,0.870021,0.77878,0.677555,1,4,0,1,0.25,1,0.25,0,0,-1,3,2,1,1,2.14286,1
1,0,0,1,1154,1159.61,384,948,1210.13,1159.61,1.04356,0.958255,1,0,1,0,0,0,0,0,0,0,-1,3,0,0,0,2.14286,0
1,0,0,5,1072,1100.07,361,839,1150.58,1094.45,1.05129,0.956094,1.00513,0,1,0,1,0.25,1,0.25,0,0,-1,3,2,0,0,2.14286,0
1,2,0,78,1212,1649.82,471,1483,1749.72,1649.82,1.06055,0.942903,1,1,3,0,0,0,0,0,0,0,-1,3,0,1,1,2.14286,1
1,1,6,20,1535,1647.26,467,1465,1680.33,1652.27,1.01699,0.980319,0.996971,0,1,0,0,0.353553,0,0.353553,0,0,-1,3,2,0,1,2.14286,1
1,2,0,34,1557,1747.84,543,1821,1767.36,1747.84,1.01117,0.988957,1,1,4,0,1,0.25,1,0.25,0,0,-1,3,2,0,0,2.14286,1
1,2,2,218,2036,3259.64,530,1798,3332.94,3817.95,0.872965,0.978009,0.853767,2,10,0,8,0.5,9,0.25,0,0.559017,1,3,1,1,4,2.14286,1
1,2,1,221,1811,3051.48,535,1805,3544.85,3466.75,1.02253,0.860822,0.880215,1,7,0,1,0.25,1,0.25,0,0,-1,3,2,1,4,2.14286,1
1,2,6,354,2369,4356.02,489,1611,4789.52,5611.22,0.853562,0.90949,0.776306,2,1,0,9,0.75,9.05539,0.559017,0,0.790569,1,1,2,1,5,2.14286,1
1,0,0,4,1008,1030.45,373,923,1088.74,1024.84,1.06236,0.94646,1.00548,0,1,0,1,0.25,1,0.25,0,0,-1,3,2,0,0,2.39419,0
1,0,0,2,1113,1124.23,394,1026,1186.36,1118.61,1.06056,0.947629,1.00502,0,1,0,1,0.25,1,0.25,0,0,-1,3,2,0,0,2.39419,0
1,2,1,227,1679,2953.16,514,1652,3529.01,3590.11,0.982981,0.836824,0.822583,2,4,0,1,0.25,1,0.25,0,0,-1,3,2,1,2,2.39419,1
1,2,4,32,1342,1521.62,498,1550,2043.27,1994.69,1.02436,0.744696,0.762835,0,36,0,1,0.25,1,0.25,0,0,-1,3,2,1,2,2.39419,0
1,2,2,261,1840,3305.01,543,1821,3672.34,4188.29,0.876812,0.899974,0.789107,1,6,0,8,0.75,8,0.75,0,0,-1,1,2,1,5,2.39419,1
1,2,7,363,1710,3747.54,503,1511,4101.16,3996.25,1.02625,0.913775,0.937763,2,19,0,7.07107,0.901388,6.08276,0.75,1.41421,0.790569,0,1,2,1,3,2.39419,1
1,2,1,729,2382,6473.91,543,1865,7739,7779.65,0.994775,0.836531,0.83216,2,9,0,8.06226,0.707107,9.05539,0.75,1,0.559017,1,1,1,1,5,2.39419,1
1,3,0,161,1313,2216.7,1245,9273,2481.47,2316.41,1.07126,0.8933,0.956956,0,38,-1,0,0,0,0,0,0,-1,0,0,1,5,2.39419,1
1,1,0,16,1184,1273.81,390,1004,1268.2,1283.61,0.987989,1.00443,0.992362,0,1,0,1,0,2,0.75,1,0.75,1,3,0,1,2,2.39419,1
1,0,0,3,1085,1101.84,367,941,1152.36,1096.23,1.0512,0.956162,1.00512,0,1,0,0,0,0,0,0,0,-1,1,0,0,1,2.39419,1
1,0,0,6,1118,1151.68,394,974,1190.97,1134.84,1.04946,0.967009,1.01484,0,1,0,0,0,0,0,0,0,-1,1,0,1,5,2.39419,0
1,0,0,2,1064,1075.23,374,896,1133.87,1069.61,1.06008,0.948276,1.00525,0,2,0,0,0,0,0,0,0,-1,1,0,0,3,2.39419,0
1,0,0,2,1108,1119.23,368,866,1175.36,1119.23,1.05015,0.952244,1,0,1,0,0,0,0,0,0,0,-1,3,0,0,0,1.16,0
1,0,0,2,1320,1331.23,395,1057,1387.36,1331.23,1.04216,0.959541,1,0,1,0,0,0,0,0,0,0,-1,3,0,0,0,1.16,0
1,0,0,2,1192,1203.23,404,1126,1240.03,1197.61,1.03542,0.970316,1.00469,0,1,0,0,0,0,0,0,0,-1,3,0,0,0,1.16,1
1,0,0,3,1125,1141.84,372,956,1221.65,1130.61,1.08052,0.934671,1.00993,0,1,1,0,0,0,0,0,0,-1,3,0,0,1,1.16,0
1,2,1,301,1545,3234.53,518,1750,4236.96,5164.83,0.820349,0.763407,0.62626,1,4,0,0,0,0,0,0,0,-1,3,0,1,1,1.18182,1
1,2,1,205,1519,2669.68,487,1483,3224.52,3961.83,0.813898,0.827929,0.673849,2,8,0,0,0,0,0,0,0,-1,3,0,1,2,1.18182,1
1,2,4,686,2324,6174.55,563,1881,6670.11,7599.42,0.877713,0.925704,0.812503,2,2,0,9.21954,0.790569,9.48683,0,2.23607,0.353553,1,1,2,1,3,1.18182,1
1,2,4,730,2324,6421.53,517,1689,6503.95,7453,0.872662,0.987327,0.861603,2,2,1,16.2788,0.75,17.2627,0.353553,1,0.559017,0,1,2,1,5,1.18182,1
1,2,5,193,2430,3513.32,528,1744,3670.9,3960.3,0.926925,0.957072,0.887134,2,3,1,0,0.790569,1,0,1,0.353553,0,3,2,0,2,2.345,0
1,2,2,348,1976,3929.34,555,1835,4148.44,4148.44,1,0.947185,0.947185,2,4,0,0,0.353553,0,0.353553,0,0,-1,1,2,1,4,2.345,1
1,2,7,80,1372,1821.04,510,1662,1863.24,1874.4,0.994046,0.977356,0.971536,2,4,1,0,0.559017,0,0.707107,0,0.25,0,3,2,0,0,2.345,1
1,2,2,451,2444,4975.49,534,1738,5851.44,5989.28,0.976986,0.850301,0.830732,2,2,0,0,0.25,0,0.25,0,0,-1,3,2,1,4,2.345,1
1,3,0,603,2380,5764.67,1917,35275,6165.23,6327.85,0.974301,0.935029,0.911,2,8,-1,0,0,0,0,0,0,-1,0,0,1,5,2.345,1
1,2,0,147,1436,2261.12,369,897,2249.89,2291.93,0.981658,1.00499,0.986556,0,4,0,14,0.707107,14,0.901388,0,0.25,1,3,1,1,5,2.345,1
1,2,2,339,1887,3789.82,449,1257,5170.63,5625.42,0.919155,0.732952,0.673697,0,10,0,12.1655,0.790569,13.6015,1.06066,3.16228,0.5,0,1,2,1,5,2.345,1
1,3,0,310,1344,3084.05,1572,36632,3496.31,4263.23,0.820108,0.882087,0.723406,2,6,-1,0,0,0,0,0,0,-1,0,0,1,5,2.345,1
1,2,4,109,1747,2358.82,519,1679,2470.11,2394.18,1.03172,0.954945,0.985232,0,122,0,0,0.25,0,0.25,0,0,-1,3,2,0,2,2.345,0
1,2,2,503,2027,4850.36,460,1490,5616.54,5259.37,1.06791,0.863585,0.922233,2,5,0,0,0.5,0,0.75,0,0.25,1,3,1,1,4,2.345,1
1,2,0,38,1899,2112.3,541,1817,2106.68,2176.3,0.968013,1.00266,0.970592,0,3,0,0,0.559017,0,0.707107,0,0.25,0,3,2,0,0,2.345,0
1,2,7,507,2291,5136.82,582,2086,6140.71,5425.56,1.13181,0.836518,0.94678,1,7,0,1,0,1,0,0,0,-1,3,0,0,2,2.345,1
1,3,0,136,1315,2078.37,610,3326,2071.96,2128.9,0.973254,1.0031,0.976268,0,11,-1,0,0,0,0,0,0,-1,0,0,1,5,2.345,1
1,2,7,212,1425,2614.97,380,940,2761.81,3087.26,0.894581,0.946832,0.847018,2,5,0,15.5242,0.25,17.4929,0.353553,5,0.25,0,1,2,1,5,2.345,1
1,2,4,308,1468,3196.82,462,1356,3311.98,5380.45,0.615558,0.965229,0.594154,1,9,0,19.105,1.06066,23.7697,0.353553,7.28011,0.707107,0,1,2,1,5,2.345,1
1,2,5,546,1767,4831.73,462,1398,4853.12,5143.09,0.943619,0.995592,0.939459,1,3,1,7.2111,0.25,14.4222,0.5,7.2111,0.25,1,1,2,0,4,2.345,1
1,3,0,230,1175,2466,1692,26556,3135.43,3398.21,0.922672,0.786495,0.725676,1,6,-1,0,0,0,0,0,0,-1,0,0,1,5,2.38083,1
1,3,0,154,1421,2285.41,1354,9794,2820.1,2571.19,1.09681,0.810401,0.888854,0,36,-1,0,0,0,0,0,0,-1,0,0,1,5,2.38083,1
1,3,0,324,1459,3277.63,3817,92755,3522.41,4362.91,0.807354,0.930507,0.751249,0,12,-1,0,0,0,0,0,0,-1,0,0,1,5,2.38083,1
1,3,0,184,1294,2326.8,881,5131,2733.19,3645.47,0.74975,0.851313,0.638272,2,7,-1,0,0,0,0,0,0,-1,0,0,1,5,2.38083,1
1,0,0,5,989,1017.07,379,911,1073.2,1011.45,1.06104,0.947698,1.00555,0,1,0,0,0,0,0,0,0,-1,1,0,1,3,2.38083,0
1,2,2,27,1014,1165.55,445,1265,1246.2,1167.61,1.0673,0.935288,0.998235,0,21,0,1,0.25,1,0.25,0,0,-1,3,2,0,0,2.38083,1
1,0,0,4,1063,1085.45,385,1019,1139.58,1079.84,1.05533,0.9525,1.0052,0,1,0,1,0.25,1,0.25,0,0,-1,3,2,1,3,2.38083,0
1,0,0,3,1065,1081.84,394,1012,1143.26,1076.23,1.06229,0.946275,1.00522,0,1,0,0,0,0,0,0,0,-1,1,0,1,3,2.38083,1
1,3,0,536,2039,5047.59,3463,94343,6347.5,7513.33,0.844832,0.79521,0.671819,2,1,-1,0,0,0,0,0,0,-1,0,0,1,5,2.38083,1
1,3,0,191,1157,2229.09,1152,7684,2688.68,3752.54,0.716497,0.829066,0.594023,1,2,-1,0,0,0,0,0,0,-1,0,0,1,5,2.38083,1
1,2,2,729,2517,6608.91,537,1993,7291.9,6984.82,1.04396,0.906336,0.946183,2,18,0,9,0.790569,18,0.707107,9,0.790569,0,3,2,1,5,2.38083,1
1,3,0,214,1684,2885.19,1403,13235,3248.04,6434.4,0.504792,0.888288,0.448401,0,44,-1,0,0,0,0,0,0,-1,0,0,1,5,2.38083,1
1,0,0,3,1233,1249.84,431,1145,1344.81,1244.23,1.08084,0.929381,1.00451,0,1,0,1,0.25,1,0.25,0,0,-1,3,2,1,3,2.38083,0
1,0,0,4,1141,1163.45,392,1042,1229.91,1157.84,1.06225,0.945966,1.00485,0,2,0,0,0,0,0,0,0,-1,1,0,0,2,2.38083,1
1,2,0,115,1408,2053.5,466,1436,2169.82,2047.89,1.05954,0.946391,1.00274,1,35,0,1,0.25,1,0.25,0,0,-1,3,2,1,3,2.38083,1
1,2,0,21,1255,1372.87,479,1433,1378.49,1350.42,1.02078,0.995928,1.01663,0,32,0,0,0,0,0,0,0,-1,1,0,0,3,2.38083,0
1,0,0,2,909,920.226,347,797,1004.42,914.613,1.09819,0.916175,1.00614,0,2,0,0,0,0,0,0,0,-1,1,0,0,0,1.65514,0
1,0,0,1,1155,1160.61,406,1050,1250.42,1160.61,1.07738,0.928177,1,0,1,0,0,0,0,0,0,0,-1,1,0,0,0,1.65514,0
1,0,0,2,847,858.226,345,775,955.261,852.613,1.12039,0.898421,1.00658,0,1,0,0,0,0,0,0,0,-1,1,0,0,0,1.65514,0
1,2,4,48,1077,1346.43,459,1345,1341.26,1377.1,0.973972,1.00385,0.977723,0,1,1,1.41421,0.559017,1.41421,0.5,1.41421,0.559017,0,3,2,0,0,1.65514,0
1,0,0,2,1138,1149.23,384,984,1144.42,1143.61,1.00071,1.0042,1.00491,0,1,0,1,0.25,1,0.25,0,0,-1,3,2,0,0,1.46077,0
1,0,0,1,1061,1066.61,375,943,1230.2,1066.61,1.15337,0.867027,1,0,1,0,1,0.25,1,0.25,0,0,-1,3,2,0,0,1.46077,0
1,0,0,4,983,1005.45,353,803,1053.26,1005.45,1.04755,0.954609,1,0,1,0,0,0,0,0,0,0,-1,3,0,0,0,1.46077,0
1,2,5,165,1415,2341.15,454,1320,2521.77,3293.27,0.765735,0.928377,0.710891,1,5,0,1,0.25,1,0.25,0,0,-1,3,2,1,1,1.46077,1
1,0,0,3,1089,1105.84,374,868,1173.2,1105.84,1.06091,0.942587,1,0,1,0,0,0,0,0,0,0,-1,3,0,0,0,1.46077,0
1,2,6,827,2586,7227.99,538,1844,7574.78,9694.73,0.781329,0.954219,0.745559,2,6,0,16.0312,0.790569,16.0312,0.790569,0,0,-1,1,2,1,3,1.46077,1
1,0,0,2,1203,1214.23,377,959,1304.03,1208.61,1.07895,0.93113,1.00464,0,1,1,1,0.25,1,0.25,0,0,-1,3,2,0,0,1.46077,1
1,2,0,325,1367,3191.24,463,1397,3926.67,3174.4,1.23698,0.812709,1.0053,2,3,1,0,0,0,0,0,0,-1,3,0,1,4,1.46077,1
1,2,5,840,2849,7563.96,562,1848,7924.91,8240.95,0.96165,0.954454,0.91785,2,8,0,6.32456,0.559017,5.83095,0.901388,2.23607,0.5,1,1,2,1,3,1.58929,1
1,2,4,858,2487,7303,533,1773,8629.54,9303.82,0.927527,0.846279,0.784946,2,3,1,11.1803,0.790569,11.0454,0.707107,2.23607,0.790569,1,3,2,1,5,1.58929,1
1,2,1,1140,2355,8753.88,549,1903,9125.4,9232.24,0.988428,0.959287,0.948186,2,5,1,18.0278,0.5,26.2488,0.707107,8.24621,0.5,1,3,1,1,4,1.58929,1
1,2,1,747,2598,6790.95,489,1655,7073.19,7551.45,0.936666,0.960097,0.899291,2,4,0,2.82843,0.790569,2.23607,0,2.23607,0.353553,0,3,2,1,5,1.58929,1
1,2,4,294,1790,3440.24,490,1584,3687.82,4079.99,0.903881,0.932864,0.843197,2,3,0,0,0,0,0,0,0,-1,3,0,1,3,1.58929,1
1,0,0,2,798,809.226,333,675,862.422,803.613,1.07318,0.938318,1.00698,0,1,0,0,0,0,0,0,0,-1,1,0,0,1,1.58929,1
1,3,0,342,1933,3852.66,1421,15639,4216.52,5083.37,0.829472,0.913708,0.757895,2,21,-1,0,0,0,0,0,0,-1,0,0,1,5,1.58929,1
1,0,0,7,1097,1136.29,418,1116,1191.03,1113.84,1.06931,0.954037,1.02016,0,2,0,0,0,0,0,0,0,-1,1,0,1,5,1.58929,1
1,3,0,1001,2863,8481.66,7056,351794,9154.75,10009.8,0.914581,0.926477,0.847338,1,7,-1,0,0,0,0,0,0,-1,0,0,1,5,1.58929,1
1,2,1,884,2579,7540.94,558,1818,7861.4,9791.8,0.802856,0.959236,0.770128,2,4,0,4.12311,1.06066,7.81025,0,3.16228,0.353553,0,1,2,1,5,1.58929,1
1,2,2,656,2195,5877.16,554,1914,5870.22,7397.13,0.793581,1.00118,0.794519,2,2,1,5.38516,0.559017,11.7047,0.559017,5.38516,0.790569,0,1,2,1,5,1.58929,1
1,2,2,819,2338,6935.09,618,2334,7140.93,7856.88,0.908876,0.971175,0.882677,2,1,0,1,0.790569,1.41421,0.559017,2.82843,0.559017,1,1,2,1,5,1.58929,1
1,2,1,702,2108,6048.36,482,1412,6358.37,7228.41,0.879635,0.951245,0.836748,2,2,0,6,0.75,8.06226,0.559017,2.23607,0.5,0,1,2,1,5,1.58929,1
1,2,1,42,1201,1436.75,408,1132,1547.81,1469.23,1.05349,0.928247,0.977894,0,1,0,10.0499,0.25,10.0499,0.25,0,0,-1,3,2,1,5,1.58929,0
1,2,2,690,2132,6005,494,1590,7285.09,7242.45,1.00589,0.824287,0.82914,2,1,0,2.23607,0.25,2.23607,0.353553,2,0.25,0,3,2,1,5,1.58929,1
1,0,0,8,969,1013.9,353,853,1058.81,1008.29,1.0501,0.95759,1.00557,0,1,0,0,0,0,0,0,0,-1,3,0,1,3,1.58929,0
1,2,0,113,1416,2050.27,461,1379,2220.24,2044.66,1.08587,0.923447,1.00275,0,5,0,0,0.559017,0,0.559017,0,0,-1,3,2,0,0,2.48633,0
1,3,0,394,2010,4221.54,1264,12346,5153.86,5499.06,0.937226,0.819103,0.767685,2,1,-1,0,0,0,0,0,0,-1,0,0,1,3,2.48633,1
1,2,0,100,1973,2534.31,538,1820,2528.69,2828.53,0.893995,1.00222,0.895979,0,2,0,0,0.353553,0,0.25,1,0.25,0,3,2,0,0,2.48633,0
1,2,2,310,1534,3274.05,417,1227,4870.71,4452.29,1.09398,0.67219,0.735362,2,1,1,1,0.25,1,0.5,1,0.25,1,3,2,0,2,2.48633,1
1,3,0,177,1102,2095.51,1689,22991,3272.08,4304.13,0.760219,0.640421,0.48686,2,2,-1,0,0,0,0,0,0,-1,0,0,1,5,2.48633,1
1,3,0,233,1316,2623.84,4260,110146,3769.93,3201.86,1.17742,0.695991,0.819474,0,12,-1,0,0,0,0,0,0,-1,0,0,0,4,2.48633,1
1,3,0,205,1084,2234.68,3385,106975,3590.12,3733.03,0.961718,0.622451,0.598622,1,3,-1,0,0,0,0,0,0,-1,0,0,0,4,2.48633,1
1,3,0,307,1498,3221.21,5189,121877,4176,3845.22,1.08602,0.771361,0.837716,1,8,-1,0,0,0,0,0,0,-1,0,0,0,4,2.48633,1
1,2,4,71,1972,2370.53,543,1863,2415.72,2382.04,1.01414,0.981291,0.995165,1,6,0,0,0.353553,0,0.353553,0,0,-1,3,2,0,0,2.48633,0
1,2,2,314,1840,3602.5,413,1209,5935.32,5847.35,1.01504,0.60696,0.61609,2,2,1,0,0,0,0,0,0,0,1,0,0,2,2.48633,1
1,2,0,84,1949,2420.5,537,1865,2448.56,2414.88,1.01395,0.988538,1.00232,2,1,0,0,0,0,0,0,0,-1,3,0,0,0,2.48633,0
1,2,2,202,1566,2699.84,476,1506,4707.53,4479.22,1.05097,0.573514,0.602746,2,5,0,1,0.25,1,0.5,1,0.25,0,3,2,0,2,2.48633,1
1,3,0,216,1310,2522.42,1303,15365,3780.67,5240.59,0.72142,0.667188,0.481323,1,5,-1,0,0,0,0,0,0,-1,0,0,0,4,2.48633,1
1,3,0,727,1849,5929.69,5077,165235,6124.94,6126.4,0.999762,0.968121,0.967891,0,26,-1,0,0,0,0,0,0,-1,0,0,0,4,2.48633,1
1,3,0,242,1548,2906.36,1395,14885,3920.92,4675.24,0.838658,0.741243,0.621649,1,5,-1,0,0,0,0,0,0,-1,0,0,0,4,2.48633,1
1,3,0,665,2635,6367.68,8442,421622,7634.17,7175.28,1.06395,0.834103,0.887446,2,7,-1,0,0,0,0,0,0,-1,0,0,0,4,2.48633,1
1,2,1,421,1977,4340.09,488,1466,4503.13,4870.62,0.924549,0.963795,0.891076,2,10,0,20.8806,0.75,22.1359,0.25,1,0.353553,0,1,2,1,5,2.34637,1
1,3,0,167,1311,2248.38,2272,28254,3160.62,2717.23,1.16318,0.711372,0.827453,0,36,-1,0,0,0,0,0,0,-1,0,0,1,5,2.34637,0
1,3,0,339,1735,3637.82,14781,929429,5359.53,4607.66,1.16318,0.678757,0.789517,2,10,-1,0,0,0,0,0,0,-1,0,0,1,5,2.34637,1
1,3,0,143,1156,1958.67,933,5199,2459.8,4305.25,0.571349,0.79627,0.454948,2,6,-1,0,0,0,0,0,0,-1,0,0,1,3,2.34637,0
1,2,6,349,1559,3517.95,429,1199,3632.95,4254.72,0.853864,0.968345,0.826836,2,1,0,29.0689,0.707107,59.0762,0,29.0689,0.707107,0,1,1,0,4,2.34637,1
1,3,0,122,1061,1745.79,1092,8984,2470.87,3146.21,0.785348,0.706551,0.554888,0,1,-1,0,0,0,0,0,0,-1,0,0,1,3,2.34637,0
1,3,0,178,844,1843.12,828,4170,2233.54,3178.27,0.702755,0.825201,0.579914,1,1,-1,0,0,0,0,0,0,-1,0,0,1,5,2.34637,1
1,3,0,95,792,1325.24,825,4895,1744.15,4466.35,0.39051,0.759818,0.296717,1,4,-1,0,0,0,0,0,0,-1,0,0,1,3,2.34637,1
1,2,0,56,1058,1372.33,462,1310,1394.78,1372.33,1.01636,0.983903,1,1,25,0,0,0,0,0,0,0,-1,1,0,0,0,1.52198,0
1,2,0,15,605,689.196,369,911,698.487,683.583,1.0218,0.986698,1.00821,0,1,1,1,0.25,1,0.25,0,0,-1,3,2,0,0,1.52198,0
1,0,0,6,533,566.678,251,379,603.809,566.678,1.06552,0.938506,1,0,1,0,1,0.25,1,0.25,0,0,-1,3,2,0,0,1.52198,0
1,0,0,2,663,674.226,294,536,716.583,668.613,1.07175,0.940891,1.0084,0,1,0,1,0.25,1,0.25,0,0,-1,3,2,0,0,1.52198,0
1,3,0,439,2043,4507.13,1822,21042,5243.56,6192.94,0.846699,0.859555,0.727785,2,1,-1,0,0,0,0,0,0,-1,0,0,1,4,1.92198,1
1,2,1,736,2131,6262.2,561,2049,6450.99,6896.64,0.935382,0.970736,0.908009,2,1,0,1.41421,0.5,2.23607,0,1.41421,0.5,1,1,1,1,5,1.92198,1
1,3,0,263,1682,3158.23,1786,20750,4001.83,4487.49,0.891775,0.789197,0.703787,2,2,-1,0,0,0,0,0,0,-1,0,0,1,3,1.92198,1
1,3,0,844,2275,7012.41,4151,161791,7298.87,7762.69,0.940249,0.960754,0.903348,1,5,-1,0,0,0,0,0,0,-1,0,0,1,5,1.92198,1
1,3,0,432,2013,4437.84,3918,216464,5667.87,7824.37,0.724387,0.782982,0.567181,2,2,-1,0,0,0,0,0,0,-1,0,0,1,5,1.92198,1
1,0,0,6,982,1015.68,363,887,1071.81,1004.45,1.06706,0.94763,1.01118,0,1,0,0,0,0,0,0,0,-1,3,0,1,3,1.92198,0
1,2,6,605,1709,5104.9,545,1789,5648.1,5740.13,0.983966,0.903826,0.889334,1,2,0,14.7648,0.790569,24.5967,0.25,8.544,0.901388,0,3,2,1,5,1.92198,1
1,0,0,3,841,857.839,299,629,925.196,852.226,1.08562,0.927197,1.00659,0,1,0,0,0,0,0,0,0,-1,3,0,1,3,1.92198,0
1,2,1,252,2205,3619.49,446,1278,4134.22,4032.02,1.02535,0.875495,0.897685,1,2,0,2,0,2.23607,0.25,1,0.25,1,1,0,1,3,1.92198,1
1,2,7,830,2152,6810.83,549,1865,7802.2,7723.71,1.01016,0.872938,0.881808,2,2,0,0,0.75,1,0.353553,0,0.559017,0,3,2,1,5,1.92198,1
1,2,5,33,1074,1259.23,443,1201,1323.55,1370.87,0.965481,0.951402,0.91856,0,13,0,1.41421,0.790569,1.41421,0.25,1,0.25,1,3,2,1,3,1.92198,0
1,2,0,145,2314,3127.89,509,1613,3116.67,3159.7,0.98638,1.0036,0.989933,1,1,0,1,0.25,1,0.5,1,0.25,0,3,2,1,4,1.92198,0
1,2,1,585,2057,5340.63,515,1767,6276.33,6144.62,1.02144,0.850917,0.869156,1,1,0,21.9317,0.790569,37.3363,0.790569,15.5242,0,0,1,2,1,5,1.92198,1
1,2,6,26,578,723.939,337,735,966.809,1164.82,0.830009,0.748793,0.621504,0,6,0,5,0,5,0,0,0,-1,3,0,1,3,1.92198,1
1,2,1,469,2149,4781.52,496,1596,5079.56,6528.69,0.778036,0.941327,0.732386,2,7,0,4.47214,0.901388,10.2956,0.5,4.47214,0.901388,1,1,2,1,4,1.92198,1
1,2,6,57,580,899.944,281,559,921.974,942.331,0.978398,0.976105,0.955019,0,1,0,4.12311,0.901388,4.12311,0.901388,0,0,-1,1,2,1,5,1.92198,1
1,0,0,6,1071,1104.68,353,917,1177.65,1099.07,1.0715,0.938038,1.00511,0,1,1,0,0,0,0,0,0,-1,3,0,0,0,1.88462,0
1,0,0,2,895,906.226,342,786,983.648,900.613,1.0922,0.921291,1.00623,0,1,1,0,0,0,0,0,0,-1,3,0,0,0,1.88462,0
1,0,0,3,997,1013.84,328,780,1103.65,1008.23,1.09464,0.918625,1.00557,0,1,1,0,0,0,0,0,0,-1,3,0,0,0,1.88462,0
1,0,0,1,884,889.613,324,708,979.809,889.613,1.10139,0.907946,1,0,1,1,0,0,0,0,0,0,-1,3,0,0,0,1.88462,0
1,0,0,4,1270,1292.45,418,1056,1354.2,1292.45,1.04777,0.954406,1,0,1,0,0,0,0,0,0,0,-1,3,0,0,0,1.88462,1
1,0,0,3,1914,1930.84,477,1409,2099.65,1919.61,1.09379,0.919601,1.00585,0,1,1,1,0.25,1,0.25,0,0,-1,3,2,0,1,1.88462,0
1,0,0,3,1497,1513.84,412,1150,1565.2,1508.23,1.03777,0.967188,1.00372,0,1,1,1,0.25,1,0.25,0,0,-1,3,2,0,2,1.88462,0
1,0,0,2,1986,1997.23,455,1347,2091.87,1991.61,1.05034,0.954754,1.00282,0,1,1,1,0.25,1,0.25,0,0,-1,3,2,0,1,1.88462,0
1,0,0,2,931,942.226,296,664,1020.81,936.613,1.08989,0.923019,1.00599,0,1,0,0,0,0,0,0,0,-1,3,0,0,1,1.88462,0
1,0,0,1,518,523.613,252,408,619.648,523.613,1.18341,0.845017,1,0,1,0,0,0,0,0,0,0,-1,3,0,0,0,1.88462,0
1,2,0,18,461,562.035,323,705,590.1,556.422,1.06053,0.95244,1.01009,0,1,0,0,0,0,0,0,0,-1,3,0,0,2,1.88462,0
1,0,0,2,548,559.226,229,433,632.196,553.613,1.14195,0.884577,1.01014,0,1,0,0,0,0,0,0,0,-1,3,0,0,0,1.88462,0
1,0,0,3,827,843.839,311,637,966.809,843.839,1.14573,0.872809,1,0,1,1,1,0.25,1,0.25,0,0,-1,3,2,0,0,1.88462,0
1,0,0,1,1150,1155.61,372,892,1239.81,1155.61,1.07286,0.93209,1,0,1,1,1,0.25,1,0.25,0,0,-1,3,2,0,0,1.88462,0
1,0,0,1,1047,1052.61,357,825,1136.81,1052.61,1.07999,0.925937,1,0,1,0,0,0,0,0,0,0,-1,3,0,0,0,1.88462,0
1,0,0,4,1036,1058.45,351,793,1140.33,1052.84,1.0831,0.928201,1.00533,0,1,1,1,0.25,1,0.25,0,0,-1,3,2,0,0,1.88462,0
