4,0,0,1,119557,121768,14927,94719,147531,121768,1.21158,0.825371,1,0,1,0,0,0,0,0,0,0,-1,3,0,0,0,0,0
4,0,0,1,384822,387033,21059,216419,409435,387033,1.05788,0.945286,1,0,1,0,0,0,0,0,0,0,-1,3,0,0,0,0,0
4,0,0,0,564386,564386,26917,325733,567458,564386,1.00544,0.994587,1,0,1,0,0,0,0,0,0,0,-1,3,0,0,0,0,0
4,1,0,17,545875,583457,28212,348460,583457,596454,0.978209,1,0.978209,0,1,1,0,0,0,0,0,0,0,3,0,1,1,0.545455,0
4,0,0,6,428668,441932,21875,239075,451470,439721,1.02672,0.978873,1.00503,0,1,0,0,0,0,0,0,0,-1,3,0,0,0,0,0
4,0,0,0,275231,275231,18148,159796,301759,275231,1.09638,0.912088,1,0,1,0,0,0,0,0,0,0,-1,3,0,2,2,0.8125,0
4,0,0,1,190575,192786,15522,112664,209882,192786,1.08868,0.918543,1,0,1,0,0,0,0,0,0,0,-1,3,0,1,1,0.333333,0
4,0,0,1,135302,137513,13539,79195,159300,137513,1.15844,0.863228,1,0,1,0,0,0,0,0,0,0,-1,3,0,0,0,0,0
4,0,0,4,143681,152524,14960,90968,207891,152524,1.36301,0.733671,1,0,3,0,9.48683,0.5,9.48683,0.5,0,0,-1,3,1,2,2,1.05811,0
4,0,0,1,368751,370962,23961,255189,418919,370962,1.12928,0.885521,1,0,3,0,9.48683,0.5,9.48683,0.5,0,0,-1,3,1,1,1,0.702381,0
4,1,0,10,161399,183506,16175,106465,183506,193582,0.947948,1,0.947948,0,1,1,1,0.25,1,0.25,0,0,1,1,2,1,1,0.590909,0
4,0,0,4,186575,195418,15569,99593,199427,195418,1.02052,0.979896,1,0,1,0,0,0,0,0,0,0,-1,3,0,0,0,0,0
4,0,0,1,144452,146663,14774,88046,160908,146663,1.09713,0.911467,1,0,1,0,0,0,0,0,0,0,-1,3,0,0,0,0,0
4,0,0,1,206112,208323,13468,105252,232177,208323,1.11451,0.897256,1,0,1,0,0,0,0,0,0,0,-1,3,0,0,0,0,0
4,1,0,17,486430,524012,24816,307250,524012,529247,0.990108,1,0.990108,0,1,0,1,0.25,1,0.5,1,0.25,0,3,2,1,1,0.166667,1
4,1,0,15,687637,720797,29413,392127,718586,724508,0.991827,1.00308,0.994878,0,1,-1,0,0,0,0,0,0,-1,2,0,1,2,0.333333,0
4,0,0,7,551973,567448,27374,337902,574844,567448,1.01304,0.987133,1,0,1,0,0,0.25,0,0.25,0,0,-1,3,2,1,1,0.166667,0
4,0,0,1,82407,84617.7,11613,58103,96673.4,82407,1.17312,0.875294,1.02683,0,1,0,0,0.25,0,0.25,0,0,-1,3,2,0,0,0,0
4,0,0,0,66531,66531,11736,55284,84193.4,66531,1.26548,0.790216,1,0,1,0,0,0.25,0,0.25,0,0,-1,3,2,0,0,0,0
4,0,0,1,123416,125627,14498,88158,141474,125627,1.12615,0.887984,1,0,1,0,0,0.25,0,0.25,0,0,-1,3,2,1,1,0.166667,0
4,0,0,1,177405,179616,15283,100355,196961,179616,1.09657,0.911933,1,0,1,0,0,0.25,0,0.25,0,0,-1,3,2,0,0,0,0
4,2,5,81,452422,631487,31349,486125,675758,648666,1.04177,0.934487,0.973516,1,3,0,9.48683,0.5,9.48683,0.5,0,0,-1,3,1,2,2,0.588068,1
4,1,5,14,455003,485952,26707,351945,648043,638987,1.01417,0.749877,0.760505,0,9,0,9.48683,0.5,9.48683,0.5,0,0,-1,3,1,2,3,0.794956,1
4,0,0,5,178686,189739,16953,131799,212097,187529,1.13101,0.894586,1.01179,0,2,0,0,0,0,0,0,0,-1,3,0,1,2,0.495994,0
4,0,0,1,106063,108274,14440,85520,132176,108274,1.22076,0.819162,1,0,1,0,0,0,0,0,0,0,-1,3,0,0,0,0,0
4,0,0,1,154156,156367,15877,103043,179417,154156,1.16387,0.871524,1.01434,0,1,0,0,0,0,0,0,0,-1,3,0,0,0,0,0
4,1,0,11,298289,322606,20171,189239,322606,326933,0.986767,1,0.986767,0,1,-1,0,0,0,0,0,0,-1,2,0,0,0,0.25,0
4,2,1,117,379554,638203,32983,619651,840429,807969,1.04017,0.759378,0.789886,1,5,-1,0,0,0,0,0,0,-1,2,0,2,4,0.589744,1
4,2,0,222,827847,1.31862e+06,77685,2555767,1.31641e+06,1.32863e+06,0.990803,1.00168,0.992467,1,1,1,1,0.353553,1,0.707107,1,0.353553,1,3,2,1,3,0.780702,1
4,0,0,1,463351,465562,24146,287840,481036,463351,1.03817,0.96783,1.00477,0,1,0,0,0,0,0,0,0,-1,1,0,2,3,0.708625,0
4,0,0,1,137709,139920,14799,89367,156237,139920,1.11662,0.89556,1,0,1,0,0,0,0,0,0,0,-1,1,0,0,0,0,0
4,1,1,58,520792,649011,30102,565004,953879,829025,1.1506,0.680392,0.782861,0,2,0,8.544,0.790569,17.088,0.559017,8.544,0.75,1,3,2,2,2,0.601276,1
4,1,6,17,471383,508965,31138,601760,547966,623809,0.87842,0.928824,0.815898,0,4,0,9.21954,0.790569,9.21954,0.790569,0,0,-1,3,2,2,3,0.924268,1
4,0,0,2,173908,178329,16455,111711,193804,176119,1.10042,0.920153,1.01255,0,1,0,0,0,0,0,0,0,-1,1,0,0,1,0.625313,0
4,1,1,44,517507,614777,31475,656057,754755,797795,0.946052,0.814538,0.770595,0,13,0,2.23607,0.353553,2,0.790569,1.41421,0.707107,1,3,2,2,4,1.22204,0
4,1,2,34,307193,382356,20294,304666,448539,416934,1.0758,0.852449,0.917067,0,3,0,2.23607,1.06066,4.47214,0.707107,2.23607,1.06066,0,3,2,2,5,1.03454,1
4,0,0,1,160708,162919,15385,111281,198118,160708,1.23278,0.822333,1.01376,0,1,0,0,0,0,0,0,0,-1,3,0,2,4,0.885417,0
4,0,0,1,76668,78878.7,12038,60674,99402.8,78878.7,1.2602,0.793526,1,0,1,0,0,0,0,0,0,0,-1,3,0,0,0,0,0
4,0,0,1,110768,112979,14985,92987,140413,112979,1.24283,0.804614,1,0,1,0,0,0,0,0,0,0,-1,3,0,0,0,0,0
4,1,2,21,272053,318477,23775,279863,343863,326177,1.05422,0.926175,0.976393,0,1,-1,0,0,0,0,0,0,-1,2,0,1,1,0.894211,1
4,2,2,94,294575,502379,23899,273229,525465,499527,1.05192,0.956065,1.00571,1,1,-1,0,0,0,0,0,0,-1,2,0,1,4,0.994602,1
4,0,0,3,365085,371717,22391,301993,389800,367296,1.06127,0.953609,1.01204,0,1,0,27.8927,0,27.8927,0,0,0,-1,3,0,1,5,1.13162,1
4,0,0,4,252702,261545,16924,136208,280646,259334,1.08218,0.931937,1.00852,0,2,0,0,0,0,0,0,0,-1,1,0,1,3,0.883266,0
4,1,7,18,400392,440184,22181,314057,618621,613555,1.00826,0.711557,0.717432,0,2,0,0,0,0,0,0,0,-1,3,0,2,2,0.829327,0
4,1,1,60,543373,676014,43982,1087660,740318,1.76713e+06,0.418938,0.91314,0.382549,0,3,0,7.81025,0.901388,6.7082,0.790569,2,0.25,1,3,2,2,4,1.19026,0
4,1,2,15,274377,307537,24272,275836,392402,424445,0.924507,0.78373,0.724564,0,3,0,6.40312,1.06066,6.40312,1.06066,0,0,-1,3,2,2,5,1.07824,1
4,0,0,1,122931,125142,16720,110442,153639,125142,1.22772,0.814515,1,0,1,0,0,0,0,0,0,0,-1,1,0,0,2,0.47619,0
4,0,0,2,125562,129983,15637,104495,147669,127773,1.15571,0.880236,1.0173,0,1,0,0,0,0,0,0,0,-1,1,0,0,0,0.3125,0
4,0,0,1,136950,139161,15399,98543,173838,136950,1.26935,0.800521,1.01614,0,1,0,0,0,0,0,0,0,-1,1,0,0,2,0.3125,0
4,0,0,3,126123,132755,16233,106923,154370,132755,1.16282,0.859977,1,0,1,0,0,0,0,0,0,0,-1,3,0,0,1,0.3125,0
4,0,0,1,164257,166468,15621,119329,195035,166468,1.17161,0.853525,1,0,1,0,0,0,0,0,0,0,-1,3,0,0,0,0,0
4,0,0,1,101305,103516,14282,85724,125986,103516,1.21708,0.821641,1,0,1,0,0,0,0,0,0,0,-1,3,0,0,0,0,0
4,0,0,2,218999,223420,12745,95583,233046,223420,1.04308,0.958697,1,0,1,-1,0,0,0,0,0,0,-1,2,0,1,3,1,0
4,2,2,84,300975,486672,36193,586857,559128,560108,0.998249,0.870413,0.868889,2,1,-1,0,0,0,0,0,0,-1,2,0,0,3,0.798246,1
4,1,1,13,178145,206884,19550,175136,378542,300409,1.26009,0.546527,0.688674,0,1,0,27.8927,0,27.8927,0,0,0,-1,3,0,1,5,1.12757,1
4,0,0,3,88555,95187,12724,78084,115083,95187,1.20902,0.827115,1,0,1,0,0,0,0,0,0,0,-1,1,0,1,3,0.721323,0
4,1,7,15,433708,466868,28216,467552,727114,718358,1.01219,0.642084,0.64991,0,1,0,0,0,0,0,0,0,-1,3,0,2,2,0.569744,1
4,1,1,25,551082,606349,30949,585667,687929,669311,1.02782,0.881412,0.90593,0,1,0,7.61577,0.790569,7.28011,0.25,0,0.75,1,3,2,2,3,0.888112,1
4,1,2,19,302604,344607,24519,311505,492731,657722,0.749148,0.699381,0.52394,0,5,0,3.60555,0.5,3.60555,0.5,0,0,-1,3,1,2,5,0.979167,1
4,0,0,1,121499,123710,15239,104081,152085,123710,1.22937,0.813422,1,0,1,0,0,0,0,0,0,0,-1,3,0,0,2,0.333333,0
4,0,0,1,126043,128254,16279,111161,150949,128254,1.17696,0.849646,1,0,1,0,0,0,0,0,0,0,-1,3,0,0,0,0,0
4,0,0,1,148191,150402,16864,119524,191707,150402,1.27463,0.784538,1,0,1,0,0,0,0,0,0,0,-1,3,0,0,0,0,0
4,0,0,1,192149,194360,17511,139325,229727,194360,1.18197,0.846046,1,0,1,0,0,0,0,0,0,0,-1,3,0,0,0,0,0
4,0,0,0,103983,103983,13690,82306,134350,103983,1.29204,0.773968,1,0,1,0,0,0,0,0,0,0,-1,3,0,0,0,0,0
4,0,0,1,231850,234061,19543,170059,271062,234061,1.15808,0.863495,1,0,1,0,0,0,0,0,0,0,-1,3,0,0,0,0,0
4,0,0,5,107205,118258,10557,51377,145721,118258,1.23223,0.811539,1,0,1,1,0,0,0,0,0,0,-1,3,0,0,0,0.384615,0
4,0,0,1,167447,169658,13923,100981,212387,167447,1.26838,0.798815,1.0132,0,1,1,0,0,0,0,0,0,-1,3,0,0,2,0.423077,0
4,0,0,1,75376,77586.7,11339,63669,108878,75376,1.44447,0.712601,1.02933,0,1,1,0,0,0,0,0,0,-1,3,0,0,3,0.423077,0
4,0,0,0,99682,99682,13929,87385,126989,99682,1.27394,0.784967,1,0,1,1,0,0,0,0,0,0,-1,3,0,0,1,0.333333,0
4,1,0,30,492340,558660,27970,373716,556450,607178,0.916452,1.00397,0.920093,0,3,0,1,0,2,0,1,0,0,3,0,2,4,0.988501,1
4,1,1,12,357444,383972,25838,309006,708794,534974,1.32491,0.541726,0.71774,0,5,0,8.06226,0.559017,8.06226,0.559017,0,0,-1,3,2,2,6,1.17898,1
4,0,0,3,104596,111228,12597,78785,140137,109017,1.28545,0.79371,1.02028,0,1,0,2.23607,0.707107,2.23607,0.707107,0,0,-1,3,1,1,5,0.879583,0
4,0,0,4,325046,333889,21801,249993,380064,333889,1.13829,0.878507,1,0,1,0,2.23607,0.901388,2.23607,0.901388,0,0,-1,3,2,2,3,0.705128,1
4,0,0,4,327460,336303,21302,229442,377327,334092,1.12941,0.891277,1.00662,0,1,0,3,1.06066,3,1.06066,0,0,-1,3,2,2,3,0.5,1
4,0,0,3,115342,121974,14927,99531,146637,121974,1.2022,0.831807,1,0,1,0,0,0,0,0,0,0,-1,3,0,0,1,0.166667,0
4,0,0,1,179070,181281,16553,130121,219639,181281,1.21159,0.825359,1,0,1,0,0,0,0,0,0,0,-1,3,0,0,0,0,0
4,0,0,1,273253,275464,20166,188836,312638,275464,1.13495,0.881096,1,0,1,0,0,0,0,0,0,0,-1,3,0,0,0,0,0
4,0,0,1,143335,145546,16533,120579,174065,145546,1.19595,0.836155,1,0,1,0,0,0,0,0,0,0,-1,3,0,0,0,0,0
4,0,0,2,88611,93032.4,12785,67209,120835,90821.7,1.33047,0.769909,1.02434,0,1,1,0,0,0,0,0,0,-1,3,0,0,0,0,0
4,0,0,0,171478,171478,14148,89662,206385,171478,1.20356,0.830865,1,0,1,1,0,0,0,0,0,0,-1,3,0,0,0,0,0
4,0,0,1,104380,106591,12616,83558,159858,106591,1.49974,0.666782,1,0,1,1,0,0,0,0,0,0,-1,3,0,0,0,0,0
4,0,0,4,314131,322974,21641,263229,435109,322974,1.3472,0.742282,1,0,5,0,10.4403,0.25,10.4403,0.25,0,0,-1,3,2,2,2,0.5,0
4,1,1,33,322425,395377,35801,690885,587493,584149,1.00572,0.672991,0.676843,0,4,0,2.23607,0.707107,2.23607,0.707107,0,0,-1,3,1,1,3,0.729744,1
4,1,5,17,156559,194141,15344,110340,214426,221421,0.96841,0.905395,0.876794,0,1,0,2.23607,0.707107,2.23607,0.707107,0,0,-1,3,1,1,5,0.879583,1
4,0,0,3,115148,121780,13619,83147,121939,121780,1.00131,0.998695,1,0,1,0,2.23607,0.707107,2.23607,0.707107,0,0,-1,3,1,1,3,0.879583,0
4,2,2,44,706503,803773,33116,522108,826676,823625,1.0037,0.972295,0.975897,1,9,0,2.23607,0.707107,2.23607,0.707107,0,0,-1,3,1,2,4,0.939394,1
4,1,2,45,576480,675961,28680,467466,752466,748749,1.00496,0.898326,0.902786,0,3,0,3,1.06066,3,1.06066,0,0,-1,3,2,2,6,1.11538,1
4,1,0,17,264978,302560,21454,206538,302560,371777,0.813819,1,0.813819,0,2,-1,0,0,0,0,0,0,-1,2,0,1,3,0.606061,0
4,0,0,3,156515,163147,16304,124454,178301,163147,1.09288,0.91501,1,0,2,0,0,0,0,0,0,0,-1,3,0,0,0,0,0
4,0,0,1,145381,147592,15915,124393,178189,147592,1.20731,0.828288,1,0,2,0,0,0,0,0,0,0,-1,3,0,0,0,0,0
4,0,0,2,171507,175928,17385,129373,206321,175928,1.17276,0.852692,1,0,2,0,0,0,0,0,0,0,-1,3,0,0,0,0,0
3,0,0,1,121309,122221,15120,100554,129787,122221,1.0619,0.941708,1,0,3,0,0,0,0,0,0,0,-1,3,0,0,0,0,0
3,1,0,23,330549,351534,22906,272176,351534,499489,0.703787,1,0.703787,0,3,1,0,0.25,1,0.353553,1,0.25,1,3,2,0,0,0,0
3,0,0,2,493033,494858,26882,321158,504894,493945,1.02217,0.980122,1.00185,0,3,1,0,0.25,0,0.25,0,0,-1,3,2,1,1,0.538462,0
3,0,0,0,514086,514086,26799,320775,526781,514086,1.02469,0.975901,1,0,3,1,0,0.25,0,0.25,0,0,-1,3,2,1,1,0.479167,0
3,0,0,7,409143,415530,22604,268988,421917,414617,1.0176,0.984862,1.0022,0,3,0,0,0,0,0,0,0,-1,3,0,1,1,0.773333,0
3,0,0,0,266853,266853,18406,172988,278714,266853,1.04445,0.957443,1,0,3,0,0,0,0,0,0,0,-1,3,0,2,2,0.979167,0
3,0,0,1,167912,168824,15328,109014,180686,168824,1.07026,0.934354,1,0,3,0,0,0,0,0,0,0,-1,3,0,1,1,0.512821,0
3,0,0,1,119962,120874,13044,76100,140574,120874,1.16298,0.859863,1,0,3,0,0,0,0,0,0,0,-1,3,0,0,0,0,0
3,1,0,17,94374,109885,13853,80013,108972,112146,0.971698,1.00837,0.979834,0,3,-1,0,0,0,0,0,0,-1,2,0,2,2,0.912281,0
3,1,0,40,399607,436103,46491,998269,436103,931470,0.468188,1,0.468188,0,11,0,18.6815,0.901388,23.7697,0.75,6,0.353553,1,3,2,2,2,1.34238,1
3,1,2,29,221833,248293,20775,179051,329963,356420,0.925771,0.752486,0.69663,0,1,0,18.0278,0.75,18.0278,0.790569,0,0.25,0,3,2,2,3,1.71994,0
3,0,0,2,171433,173258,15705,100263,175716,173258,1.01419,0.986013,1,0,1,1,0,0,0,0,0,0,-1,3,0,0,0,0,0
3,0,0,1,135540,136452,14782,88046,147590,136452,1.08162,0.924538,1,0,1,1,0,0,0,0,0,0,-1,3,0,0,0,0,0
3,0,0,3,182500,185237,13370,101690,195621,185237,1.05606,0.946917,1,0,1,1,0,0.25,0,0.25,0,0,-1,3,2,0,0,0,0
3,1,1,18,436685,453108,23530,265292,460016,456544,1.0076,0.984984,0.992474,0,1,0,0,0,0,0,0,0,-1,3,0,2,2,0.40625,1
3,1,1,14,644535,657309,29416,396382,671254,658919,1.01872,0.979224,0.997556,0,1,1,0,0.25,0,0.25,0,0,-1,3,2,2,3,0.589744,1
3,1,1,11,515224,525260,27356,342586,538669,534037,1.00867,0.975108,0.983565,0,1,1,0,0.25,0,0.25,0,0,-1,3,2,1,2,0.47619,1
3,0,0,2,78904,80728.8,11992,61616,87094,79816.4,1.09118,0.926916,1.01143,0,1,0,0,0,0,0,0,0,-1,3,0,0,1,0.166667,0
3,0,0,0,64485,64485,11735,55169,76746.6,64485,1.19015,0.840233,1,0,1,0,0,0,0,0,0,0,-1,3,0,0,0,0,0
3,2,0,57,139339,191346,21696,199464,191346,282409,0.677548,1,0.677548,1,2,0,0,0,0,0,0,0,0,1,0,1,1,0.269231,1
3,0,0,1,160876,161788,15247,101995,173151,160876,1.0763,0.934379,1.00567,0,2,0,0,0,0,0,0,0,-1,1,0,0,1,0.166667,0
3,1,0,15,221128,234814,16835,127375,234814,234948,0.999431,1,0.999431,0,2,-1,0,0,0,0,0,0,-1,2,0,2,2,0.681818,0
3,2,1,497,662321,1.11578e+06,35574,565146,1.13948e+06,1.12727e+06,1.01084,0.979204,0.989814,1,3,0,19.9249,0.559017,21.1896,0.75,2,0.707107,1,3,2,2,4,0.739583,1
3,2,1,100,210980,302220,24059,240859,305106,301347,1.01248,0.99054,1.0029,2,2,0,0,0,0,0,0,0,1,3,0,2,4,0.998974,1
3,0,0,2,104675,106500,14201,84437,114022,105587,1.07988,0.934027,1.00864,0,4,0,0,0,0,0,0,0,-1,3,0,0,1,0.166667,0
3,0,0,1,147632,148544,15891,104941,164135,148544,1.10495,0.905015,1,0,4,0,0,0,0,0,0,0,-1,3,0,0,0,0,0
3,0,0,3,282924,285661,19773,184141,296425,285661,1.03768,0.963687,1,0,2,0,0,0,0,0,0,0,-1,3,0,0,0,0.25,0
3,1,0,13,185233,197094,18063,148275,196182,201273,0.974707,1.00465,0.97924,0,1,-1,0,0,0,0,0,0,-1,2,0,2,4,0.75641,0
3,2,2,341,775906,1.08703e+06,54112,1314170,1.26073e+06,1.19483e+06,1.05515,0.862228,0.909782,1,4,-1,0,0,0,0,0,0,-1,2,0,2,5,1.15789,1
3,2,1,288,610972,873743,37729,769951,1.10337e+06,1.08947e+06,1.01276,0.791883,0.801988,1,1,1,0,0.353553,0,0.559017,0,0.25,1,3,2,2,6,1.24862,1
3,0,0,2,126318,128143,14797,90125,141041,127230,1.10855,0.90855,1.00717,0,5,0,0,0,0,0,0,0,-1,1,0,1,3,0.855511,0
3,2,1,204,493922,680052,32300,474124,796555,855724,0.930855,0.853741,0.794709,1,6,0,15.8114,0.559017,14.0357,0.25,7.07107,0.5,1,3,2,2,2,0.884111,1
3,2,2,161,279784,426680,24716,275982,609022,821541,0.741317,0.700599,0.519366,1,1,0,20.6155,0.353553,20.5913,0.75,4.24264,0.901388,0,3,2,2,5,1.22419,1
3,0,0,2,149386,151211,15598,102160,158510,150298,1.05464,0.953951,1.00607,0,3,0,0,0,0,0,0,0,-1,1,0,0,2,0.469697,0
3,2,1,153,407756,547353,27349,337791,613077,606935,1.01012,0.892797,0.901832,1,1,1,33.9411,0.75,67.8823,0.5,33.9411,0.75,0,3,2,2,2,0.925481,1
3,2,0,146,286399,419609,21973,264825,417785,456109,0.915976,1.00437,0.919977,1,1,-1,0,0,0,0,0,0,-1,2,0,2,5,1.18429,1
3,1,0,33,145398,175507,18695,193913,174595,216248,0.807383,1.00523,0.811602,0,1,0,0,0,0,0,0,0,0,3,0,2,6,1.17147,0
3,0,0,3,77026,79763.2,12460,62246,89163.6,78850.8,1.13079,0.894571,1.01157,0,1,0,0,0,0,0,0,0,-1,3,0,0,1,0.166667,0
3,0,0,1,111736,112648,15321,97813,121385,112648,1.07755,0.928027,1,0,1,0,0,0,0,0,0,0,-1,3,0,0,0,0,0
3,0,0,2,126617,128442,13110,90780,144776,128442,1.12717,0.887177,1,0,1,0,0,0,0,0,0,0,-1,3,0,2,2,0.71,0
3,0,0,3,125104,127841,15530,101698,138995,127841,1.08725,0.919751,1,0,3,-1,0,0,0,0,0,0,-1,2,0,2,2,0.827935,0
3,2,0,64,227781,286175,16309,113633,286175,511753,0.559205,1,0.559205,1,1,0,51.4198,0.559017,51.5461,0.901388,4,0.790569,1,3,2,2,4,1.0609,1
3,2,0,104,193804,288694,22333,212001,287781,484557,0.593906,1.00317,0.595789,1,5,0,50.9902,0.5,50.8035,0.790569,2,0.353553,0,3,1,2,6,1.49536,1
3,1,7,13,240498,252359,16511,128117,322453,337244,0.956141,0.782624,0.748299,0,1,0,0,0,0,0,0,0,-1,1,0,2,4,1.45917,1
3,2,1,177,899061,1.06056e+06,41572,917334,1.12787e+06,1.53276e+06,0.735841,0.940318,0.691924,2,1,0,19.4165,0.559017,19.9249,0.25,5,0.5,1,3,2,2,5,1.57407,1
3,2,1,109,375276,474728,30177,452747,665126,831448,0.799961,0.713741,0.570965,1,5,0,15.6205,0.901388,13.6015,0.707107,4.12311,0.75,0,3,2,2,6,1.63352,1
3,0,0,2,117958,119783,16519,108749,143365,119783,1.19688,0.835508,1,0,1,0,0,0,0,0,0,0,-1,3,0,0,2,0.765152,0
3,0,0,2,117940,119765,15567,101415,129826,119765,1.08401,0.922504,1,0,1,0,0,0,0,0,0,0,-1,3,0,0,2,0.423077,0
3,0,0,3,132900,135637,15386,97774,139441,135637,1.02804,0.972722,1,0,1,0,0,0,0,0,0,0,-1,3,0,0,3,0.423077,0
3,0,0,3,137192,139929,17033,119617,149678,139017,1.07669,0.934866,1.00656,0,1,0,0,0,0,0,0,0,-1,3,0,0,1,0.25641,0
3,0,0,1,155603,156515,15823,117723,173455,156515,1.10823,0.90234,1,0,1,0,0,0,0,0,0,0,-1,3,0,0,0,0,0
3,0,0,2,84340,86164.8,13376,75362,103676,86164.8,1.20323,0.831095,1,0,1,0,0,0,0,0,0,0,-1,3,0,0,0,0,0
3,0,0,2,95584,97408.8,8690,39426,110408,97408.8,1.13345,0.882262,1,0,1,0,0,0,0,0,0,0,-1,3,0,2,2,0.609375,0
3,0,0,3,157550,160287,15919,114809,183567,159375,1.15179,0.873181,1.00572,0,1,-1,0,0,0,0,0,0,-1,2,0,1,1,0.631579,0
3,2,0,39,103733,139317,19463,152877,150554,139317,1.08066,0.925361,1,1,5,-1,0,0,0,0,0,0,-1,2,0,2,4,0.961623,1
3,2,2,109,161306,260758,18145,143209,272387,271869,1.0019,0.957307,0.959128,2,1,0,1,0.5,1,0.5,0,0,-1,3,1,2,6,1.44057,1
3,2,1,225,338094,543384,27998,369414,651584,668378,0.974874,0.833943,0.812989,1,5,0,7.2111,0.901388,13.6015,0.25,7.2111,0.790569,0,1,2,2,6,1.57081,1
3,2,2,264,398860,639734,26310,337406,750675,706592,1.06239,0.852211,0.90538,1,3,-1,0,0,0,0,0,0,-1,2,0,2,6,1.82544,1
3,2,0,214,294376,489630,25139,303857,488717,535095,0.913328,1.00187,0.915033,1,2,1,24.4131,0.707107,50.2195,0,24.4131,0.707107,1,3,1,2,6,1.5925,1
3,0,0,3,114150,116887,15475,102945,131658,115975,1.13523,0.887809,1.00787,0,2,0,0,0,0,0,0,0,-1,3,0,0,2,0.607955,0
3,0,0,2,126876,128701,16695,114915,138329,127788,1.08249,0.930395,1.00714,0,1,0,0,0,0,0,0,0,-1,3,0,0,0,0,0
3,0,0,2,144238,146063,16823,117733,155450,145150,1.07096,0.939615,1.00629,0,1,0,0,0,0,0,0,0,-1,3,0,0,0,0,0
3,0,0,2,192732,194557,18541,144791,197765,193644,1.02128,0.98378,1.00471,0,1,0,0,0,0,0,0,0,-1,3,0,0,0,0,0
3,2,0,27,104895,129530,18307,145255,129731,128617,1.00866,0.998452,1.00709,1,3,0,0,0,0,0,0,0,-1,3,0,0,0,0,0
3,1,0,24,208269,230167,18949,177027,230167,232279,0.990904,1,0.990904,0,3,0,0,0,0,0,0,0,0,3,0,1,1,0.2,1
3,0,0,4,90322,93971.6,10452,49210,118212,93971.6,1.25796,0.794939,1,0,2,0,1,0.5,1,0.5,0,0,-1,3,1,1,1,0.403846,0
3,0,0,4,146781,150431,13930,97704,164386,149518,1.09944,0.915105,1.0061,0,2,0,0,0,0,0,0,0,-1,3,0,1,1,0.462121,0
3,0,0,1,71834,72746.4,11467,61901,84714.2,72746.4,1.16451,0.858727,1,0,2,0,0,0,0,0,0,0,-1,3,0,1,3,0.701705,0
3,0,0,2,95536,97360.8,13626,85482,108011,97360.8,1.10938,0.9014,1,0,2,0,0,0,0,0,0,0,-1,3,0,0,3,0.894687,0
3,2,1,174,455290,614048,29894,417604,675777,727222,0.929258,0.908655,0.844374,1,7,0,6.7082,0.901388,4,0.901388,3.60555,0,1,3,2,2,5,1.57542,1
3,2,2,62,184962,241531,22097,201801,294450,261440,1.12626,0.820277,0.923849,1,1,-1,0,0,0,0,0,0,-1,2,0,2,6,1.73912,1
3,2,1,58,131277,184196,18915,187643,183750,270572,0.679117,1.00243,0.680766,1,1,0,7.2111,1.06066,9.21954,0.5,1,0.790569,0,1,2,2,6,1.23953,1
3,2,2,200,411722,594202,30749,470279,752355,929527,0.809395,0.78979,0.639252,1,2,1,0,0,0,0,0,0,0,3,0,2,4,1.22104,1
3,1,2,39,248680,284264,25120,404224,320627,442536,0.724522,0.886587,0.642352,0,2,0,8.544,0.5,7.61577,0.559017,1,0.75,0,3,1,2,3,0.678977,0
3,0,0,1,108398,109310,15007,100195,118434,109310,1.08347,0.922962,1,0,1,-1,0,0,0,0,0,0,-1,2,0,0,0,0,0
3,0,0,3,168062,170799,16281,128875,183792,170799,1.07607,0.929305,1,0,3,0,0,0,0,0,0,0,-1,3,0,1,1,0.166667,0
3,1,0,13,267412,279273,21416,211718,279273,284327,0.982226,1,0.982226,0,2,0,0,0,0,0,0,0,0,1,0,0,0,0.166667,0
3,0,0,3,165250,167987,18408,142840,176154,167987,1.04862,0.953638,1,0,1,0,0,0,0,0,0,0,-1,3,0,0,2,0.2,0
3,0,0,2,85644,87468.8,12822,67638,95345.4,87468.8,1.09005,0.917389,1,0,1,0,1,0.5,1,0.5,0,0,-1,3,1,0,0,0,0
3,0,0,5,143729,148291,13870,85536,157377,148291,1.06127,0.942264,1,0,1,0,0,0,0,0,0,0,-1,3,0,1,1,0.166667,0
3,0,0,3,96870,99607.2,12260,80956,114642,98694.8,1.16158,0.868854,1.00924,0,1,0,0,0,0,0,0,0,-1,3,0,0,0,0,0
3,1,0,15,101816,115502,15775,111217,115502,124867,0.925002,1,0.925002,0,2,-1,0,0,0,0,0,0,-1,2,0,1,1,0.423077,0
3,0,0,3,153718,156455,17848,137878,159021,156455,1.0164,0.983866,1,0,1,-1,0,0,0,0,0,0,-1,2,0,2,4,0.935897,0
3,0,0,5,129064,133626,14112,98366,147251,133626,1.10197,0.90747,1,0,1,0,1,0.5,1,0.5,0,0,-1,3,1,1,4,0.902244,0
3,3,0,104,135134,230024,19006,176600,252406,235449,1.07202,0.911324,0.976956,1,3,-1,0,0,0,0,0,0,-1,0,0,2,5,1.14583,1
3,2,1,370,597292,934880,27073,356021,1.0334e+06,1.09227e+06,0.946099,0.904668,0.855905,2,2,0,9.21954,0.901388,11.1803,0,1.41421,0.901388,1,3,2,2,6,1.30582,1
3,2,1,222,386171,588724,23120,279204,720720,793927,0.907791,0.816856,0.741534,1,5,0,8.24621,0.901388,8.06226,0.901388,1,0,1,3,2,2,4,1.1683,1
3,0,0,4,208938,212588,19623,166689,226604,212588,1.06593,0.938146,1,0,2,0,0,0,0,0,0,0,-1,3,0,1,2,0.5722,0
3,0,0,2,154312,156137,16771,129705,167787,156137,1.07462,0.930563,1,0,1,0,0,0,0,0,0,0,-1,3,0,1,1,0.166667,0
3,0,0,3,141884,144621,16366,127286,153822,144621,1.06362,0.940188,1,0,1,0,0,0,0,0,0,0,-1,1,0,0,0,0,0
3,0,0,3,161185,163922,17334,129304,188529,163010,1.15655,0.869478,1.0056,0,1,0,0,0,0,0,0,0,-1,3,0,0,0,0,0
4,0,0,1,125708,127919,15130,100238,155611,127919,1.21649,0.82204,1,0,2,0,0,0,0,0,0,0,-1,3,0,0,0,0,0
4,1,0,13,399238,427977,24485,365301,427977,688232,0.62185,1,0.62185,0,2,0,1,0.353553,1,0.707107,1,0.353553,0,1,2,0,0,0,0
4,1,4,13,645146,673885,31121,475119,711032,696524,1.02083,0.947756,0.967497,0,2,0,1,0.353553,1,0.353553,0,0,-1,3,2,0,0,0,0
4,1,0,22,593937,642572,29253,396303,642572,645843,0.994936,1,0.994936,0,2,1,1,0.353553,1,0.901388,1,0.559017,1,3,2,0,0,0,0
4,0,0,7,430027,445502,22161,252255,460976,445502,1.03474,0.966431,1,0,2,0,0,0,0,0,0,0,-1,3,0,0,0,0,0
4,0,0,1,291302,293513,18308,169610,324462,293513,1.10545,0.904613,1,0,2,0,0,0,0,0,0,0,-1,3,0,1,1,0.479167,0
4,0,0,1,186073,188284,15442,110714,223375,188284,1.18637,0.842906,1,0,2,0,0,0,0,0,0,0,-1,3,0,0,0,0,0
4,0,0,1,134514,136725,13338,77778,154384,134514,1.14772,0.885614,1.01643,0,2,0,0,0,0,0,0,0,-1,3,0,0,0,0,0
4,0,0,0,112651,112651,13880,77768,135716,112651,1.20475,0.83005,1,0,2,0,0,0,0,0,0,0,-1,3,0,1,1,0.578947,0
4,0,0,4,371317,380160,24274,258634,409875,380160,1.07816,0.927502,1,0,3,0,9.21954,1.06066,9.21954,1.06066,0,0,-1,3,2,2,2,1.03571,0
4,1,2,9,234091,253987,19853,160985,333753,286675,1.16422,0.761003,0.885977,0,1,0,9.21954,1.06066,9.21954,1.06066,0,0,-1,3,2,1,1,0.590909,0
4,0,0,1,192957,195168,15539,99057,222225,195168,1.13864,0.878244,1,0,1,0,0,0,0,0,0,0,-1,3,0,0,0,0,0
4,0,0,1,148786,150997,14830,88368,182633,150997,1.20952,0.826776,1,0,1,0,0,0,0,0,0,0,-1,3,0,0,0,0,0
4,0,0,4,206066,214909,13494,103592,241875,214909,1.12548,0.888511,1,0,1,0,1,0.353553,1,0.353553,0,0,-1,1,2,0,0,0,0
4,1,0,17,496787,534369,23963,288265,534369,548598,0.974061,1,0.974061,0,1,0,1,0.25,1.41421,0.353553,1,0.25,0,3,2,2,2,0.333333,0
4,1,0,11,893682,917999,39031,878971,917999,1.15976e+06,0.791544,1,0.791544,0,1,1,1,0.559017,1,0.790569,0,0.25,1,1,2,2,2,0.333333,1
4,0,0,4,679677,688520,29845,418285,691891,686309,1.00813,0.995128,1.00322,0,1,1,1,0.353553,1,0.353553,0,0,-1,3,2,1,2,0.333333,1
4,0,0,2,83151,87572.4,11817,59847,123527,85361.7,1.4471,0.708932,1.0259,0,1,1,1,0.353553,1,0.353553,0,0,-1,3,2,0,1,0.239583,0
4,0,0,0,66724,66724,11659,54359,101943,66724,1.52783,0.654524,1,0,1,1,1,0.353553,1,0.353553,0,0,-1,3,2,0,0,0,0
4,1,0,13,125979,154718,15777,119053,154718,169901,0.910637,1,0.910637,0,1,1,0,0.25,0,0.5,0,0.25,1,1,2,1,1,0.166667,0
4,0,0,1,179814,182025,15361,104197,206779,182025,1.136,0.880285,1,0,1,1,0,0.25,0,0.25,0,0,-1,1,2,0,0,0,0
4,0,0,5,338216,349269,19230,206204,369856,349269,1.05894,0.944338,1,0,5,0,1,0.25,1,0.25,0,0,-1,3,2,1,1,0.348485,0
4,2,1,129,837767,1.12294e+06,43254,857004,1.24816e+06,1.2361e+06,1.00976,0.899679,0.908458,1,1,0,9.21954,1.06066,9.21954,1.06066,0,0,-1,3,2,2,2,0.508814,1
4,0,0,4,223602,232445,18665,156571,253016,230234,1.09895,0.918697,1.0096,0,1,0,0,0,0,0,0,0,-1,3,0,2,3,0.589744,0
4,0,0,1,107249,109460,14450,86220,129029,109460,1.17878,0.848335,1,0,1,0,0,0,0,0,0,0,-1,3,0,0,0,0,0
4,0,0,1,155645,157856,16045,105163,195883,157856,1.2409,0.805866,1,0,1,0,0,0,0,0,0,0,-1,3,0,0,0,0,0
4,0,0,3,321003,327635,19966,183496,349402,327635,1.06644,0.937702,1,0,1,0,1,0.25,1,0.25,0,0,-1,3,2,0,0,0,0
4,1,0,18,223020,262812,19770,186054,262812,331984,0.791642,1,0.791642,0,1,-1,0,0,0,0,0,0,-1,2,0,1,1,0.423077,0
4,2,5,195,1218626,1.64971e+06,71995,2333035,1.74301e+06,1.89406e+06,0.920251,0.946472,0.870992,1,4,0,1,0.25,1,0.25,0,0,-1,3,2,2,4,1.00004,1
4,2,1,115,716341,970569,51263,1429629,1.04447e+06,1.18254e+06,0.883246,0.929244,0.820752,1,1,0,1,0.353553,1,0.707107,1,0.353553,0,1,2,2,6,1.26071,1
4,0,0,2,148268,152689,15121,95985,171373,150479,1.13885,0.890976,1.01469,0,1,1,1,0.559017,1,0.559017,0,0,-1,1,2,0,2,0.610551,0
4,1,1,44,550437,647707,31118,506928,837156,823327,1.0168,0.773699,0.786694,0,2,0,7.28011,0.559017,5.83095,0.25,5.09902,0.790569,1,3,2,2,2,0.616364,1
4,1,2,10,509381,531488,30387,510043,825919,958799,0.86141,0.643511,0.554327,0,8,0,10.6301,0.559017,10.6301,0.559017,0,0,-1,3,2,2,3,0.886364,1
4,0,0,3,165875,172507,16033,106697,189152,170296,1.11072,0.912003,1.01298,0,1,0,1,0.25,1,0.25,0,0,-1,3,2,0,1,0.333333,0
4,1,4,14,522752,553701,27981,487325,680133,635484,1.07026,0.814107,0.871307,0,3,0,3,0.559017,3,0.559017,0,0,-1,3,2,2,2,0.666667,1
4,2,2,59,471259,601689,29996,603596,681121,616314,1.10515,0.883381,0.97627,1,1,0,1.41421,0.5,3.60555,0.75,1.41421,0.901388,0,3,1,2,5,1.08677,1
4,0,0,2,166848,171269,15511,107597,205441,169059,1.2152,0.833667,1.01308,0,1,0,1,0.25,1,0.25,0,0,-1,3,2,1,3,0.589744,0
4,0,0,1,81720,83930.7,12608,64254,113628,81720,1.39046,0.738641,1.02705,0,1,0,1,0.25,1,0.25,0,0,-1,3,2,0,0,0,0
4,0,0,1,113337,115548,15282,96308,146146,113337,1.28948,0.790631,1.01951,0,1,0,1,0.25,1,0.25,0,0,-1,3,2,0,0,0,0
4,0,0,1,131064,133275,12714,86296,164905,133275,1.23734,0.808188,1,0,1,0,1,0.25,1,0.25,0,0,-1,3,2,1,1,0.46,0
4,2,2,67,222502,370617,24421,327565,560425,532799,1.05185,0.661315,0.695604,1,1,-1,0,0,0,0,0,0,-1,2,0,1,1,0.538462,1
4,1,0,24,109428,162484,16383,131267,160274,202788,0.79035,1.01379,0.801252,0,1,0,26.6833,0.25,27.6586,0.25,1,0,0,3,2,2,5,1.36224,0
4,1,7,11,399085,423402,23913,371141,738077,813826,0.906922,0.573656,0.520261,0,1,0,26.6833,0.25,26.6833,0.25,0,0,-1,3,2,2,5,1.12265,1
4,0,0,4,277171,286014,16683,180385,359827,283803,1.26788,0.794864,1.00779,0,5,0,0,0,0,0,0,0,-1,3,0,2,4,1.41642,0
4,1,0,35,840538,917912,39791,899861,917912,1.3617e+06,0.674094,1,0.674094,0,4,0,8.60233,1.06066,8.24621,0.25,2,0.901388,1,3,2,2,4,1.27632,1
4,1,7,17,370082,407664,25481,324575,438889,533986,0.821912,0.928853,0.763435,0,2,0,6.40312,0.707107,6.40312,0.707107,0,0,-1,3,1,2,6,1.31818,1
4,0,0,2,120413,124834,16404,107422,147080,122624,1.19945,0.848749,1.01803,0,2,0,0,0,0,0,0,0,-1,3,0,0,2,0.85119,0
4,0,0,2,123823,128244,15572,102654,150858,126034,1.19696,0.850101,1.01754,0,2,0,0,0,0,0,0,0,-1,3,0,0,2,0.607601,0
4,0,0,1,136531,138742,15413,98209,165969,138742,1.19624,0.83595,1,0,2,0,0,0,0,0,0,0,-1,3,0,0,3,0.607601,0
4,0,0,1,137803,140014,16627,114829,163025,140014,1.16435,0.858849,1,0,2,0,0,0,0,0,0,0,-1,3,0,0,1,0.25641,0
4,0,0,5,167295,178348,16437,134285,195699,178348,1.09729,0.911338,1,0,1,0,0,0,0,0,0,0,-1,3,0,0,0,0,0
4,0,0,1,89598,91808.7,13673,78113,116011,91808.7,1.26362,0.791378,1,0,1,0,0,0,0,0,0,0,-1,3,0,0,0,0,0
4,0,0,2,109608,114029,8905,41731,139110,111819,1.24407,0.819703,1.01977,0,1,0,1,0.25,1,0.25,0,0,-1,3,2,1,1,0.5,0
4,0,0,1,183397,185608,16321,119883,268593,183397,1.46455,0.691036,1.01205,0,1,0,1,0.25,1,0.25,0,0,-1,3,2,0,2,0.166667,0
4,1,4,13,177799,206538,22562,299546,387738,326819,1.1864,0.532673,0.631964,0,1,0,25.4951,0.75,25.4951,0.75,0,0,-1,3,2,2,3,0.997159,0
4,1,2,15,148467,181627,17475,203361,366406,252322,1.45214,0.495699,0.719824,0,2,0,26.6833,0.25,26.6833,0.25,0,0,-1,3,2,2,4,0.791448,1
4,2,7,68,433876,584202,30875,503789,633012,616167,1.02734,0.922892,0.948123,1,1,0,1,0.25,1,0.25,0,0,-1,3,2,2,4,1.30177,1
4,1,5,14,516263,547212,29321,413747,599196,550551,1.08836,0.913245,0.993935,0,1,0,9.43398,0.25,9.43398,0.25,0,0,-1,3,2,2,5,1.0803,1
4,1,1,30,345932,412252,28157,567177,563441,539004,1.04534,0.731669,0.764841,0,7,0,7.61577,0.707107,6.7082,0.901388,6.08276,0.75,0,1,1,2,6,1.14583,1
4,0,0,2,121202,125623,15314,103706,148060,123413,1.19972,0.848462,1.01791,0,1,0,2.23607,0.901388,2.23607,0.901388,0,0,-1,3,2,0,2,0.479167,0
4,0,0,2,132698,137119,17110,119246,159335,137119,1.16202,0.860572,1,0,1,0,0,0,0,0,0,0,-1,3,0,0,0,0,0
4,0,0,1,151372,153583,17195,122051,180898,153583,1.17785,0.849002,1,0,1,0,0,0,0,0,0,0,-1,3,0,0,0,0,0
4,0,0,2,198430,202851,17538,138954,224724,200641,1.12003,0.902668,1.01102,0,1,0,0,0,0,0,0,0,-1,3,0,0,0,0,0
4,0,0,1,118563,120774,14757,92955,154854,120774,1.28218,0.779922,1,0,1,0,0,0,0,0,0,0,-1,3,0,0,0,0,0
4,0,0,1,230051,232262,18777,160209,261254,232262,1.12483,0.889027,1,0,1,0,0,0,0,0,0,0,-1,3,0,1,1,0.2,0
4,0,0,2,102201,106622,10652,50726,143608,106622,1.34688,0.742455,1,0,1,0,1,0.25,1,0.25,0,0,-1,3,2,0,0,0,0
4,0,0,1,163113,165324,14199,98761,194935,165324,1.17911,0.848096,1,0,1,0,1,0.25,1,0.25,0,0,-1,3,2,0,0,0,0
4,0,0,1,77183,79393.7,11513,64709,97215.1,79393.7,1.22447,0.81668,1,0,1,0,1,0.25,1,0.25,0,0,-1,3,2,0,0,0.166667,0
4,0,0,1,98433,100644,13744,86992,133893,100644,1.33037,0.751673,1,0,1,0,1,0.25,1,0.25,0,0,-1,3,2,0,2,0.333333,0
4,0,0,5,558437,569490,26684,345332,607124,569490,1.06608,0.938013,1,0,1,0,3.60555,0.353553,3.60555,0.353553,0,0,-1,3,2,2,5,1.06593,1
4,1,1,12,314608,341136,26013,301231,494508,451879,1.09434,0.689849,0.754927,0,1,0,12.0416,0.559017,12.0416,0.559017,0,0,-1,3,2,2,6,1.32481,1
4,0,0,3,118507,125139,13530,87686,184535,120718,1.52865,0.67813,1.03663,0,1,0,3.16228,0.75,3.16228,0.75,0,0,-1,3,2,2,6,1.14183,0
4,0,0,2,439807,444228,23407,316509,476178,444228,1.07192,0.932903,1,0,1,0,2.23607,0.901388,2.23607,0.901388,0,0,-1,3,2,2,3,0.834135,1
4,0,0,2,321411,325832,22295,259705,358123,323622,1.10661,0.909833,1.00683,0,1,0,4.12311,0.790569,4.12311,0.790569,0,0,-1,3,2,1,2,0.333333,0
4,0,0,2,112887,117308,14830,97976,152644,117308,1.30122,0.76851,1,0,1,0,0,0,0,0,0,0,-1,3,0,0,0,0,0
4,0,0,1,176438,178649,16574,130614,207949,178649,1.16401,0.859099,1,0,1,0,0,0,0,0,0,0,-1,3,0,0,0,0,0
4,0,0,1,282202,284413,20953,200163,334196,284413,1.17504,0.851035,1,0,1,0,0,0,0,0,0,0,-1,3,0,0,0,0,0
4,0,0,1,161054,163265,17863,138523,189088,163265,1.15817,0.863433,1,0,1,0,0,0,0,0,0,0,-1,3,0,0,0,0,0
4,0,0,1,88885,91095.7,12778,67638,108991,91095.7,1.19645,0.835808,1,0,1,0,1,0.25,1,0.25,0,0,-1,3,2,0,0,0,0
4,0,0,1,163326,165537,13940,88202,195433,165537,1.1806,0.847024,1,0,1,0,1,0.25,1,0.25,0,0,-1,3,2,0,0,0,0
4,0,0,0,100306,100306,12412,80372,144113,100306,1.43673,0.696025,1,0,1,0,1,0.25,1,0.25,0,0,-1,3,2,0,0,0,0
4,0,0,1,125799,128010,15240,97236,145568,128010,1.13716,0.879383,1,0,1,0,1,0.25,1,0.25,0,0,-1,3,2,1,1,0.40625,0
4,0,0,1,180739,182950,17802,134462,201141,182950,1.09943,0.909558,1,0,1,0,1,0.25,1,0.25,0,0,-1,3,2,1,3,0.752404,0
4,0,0,1,136640,138851,14252,97564,169620,138851,1.2216,0.818598,1,0,1,0,1,0.25,1,0.25,0,0,-1,3,2,0,3,0.495994,0
4,2,0,62,187644,324706,19480,155926,343251,324706,1.05711,0.945972,1,1,2,0,1,0.25,1,0.25,0,0,-1,3,2,2,3,0.75641,0
4,2,0,54,608452,727829,35682,609630,727829,780246,0.932819,1,0.932819,2,1,0,5,0.559017,6.08276,0.790569,2.23607,0.25,1,3,2,2,4,0.772727,0
4,0,0,1,503819,506030,24709,312443,544275,506030,1.07558,0.929732,1,0,3,0,5,0.559017,5,0.559017,0,0,-1,3,2,2,3,0.705128,1
4,0,0,3,220535,227167,19439,166373,244291,227167,1.07538,0.929902,1,0,1,0,0,0,0,0,0,0,-1,3,0,0,1,0.269231,0
4,0,0,1,158800,161011,16680,127758,194449,161011,1.20768,0.828036,1,0,1,0,0,0,0,0,0,0,-1,3,0,0,0,0,0
4,0,0,1,148994,151205,16021,126561,179874,151205,1.18961,0.840615,1,0,1,0,0,0,0,0,0,0,-1,3,0,0,0,0,0
4,0,0,0,172393,172393,17326,129030,200486,172393,1.16296,0.859873,1,0,1,0,0,0,0,0,0,0,-1,3,0,0,0,0,0
4,0,0,1,120209,122420,14754,94694,135531,122420,1.1071,0.903261,1,0,3,0,0,0,0,0,0,0,-1,3,0,0,0,0,0
4,0,0,6,413315,426579,21264,236364,431945,426579,1.01258,0.987578,1,0,3,0,1,0.25,1,0.25,0,0,-1,3,2,0,0,0,0
4,0,0,1,636603,638814,30117,418177,691050,638814,1.08177,0.92441,1,0,3,0,1,0.25,1,0.25,0,0,-1,3,2,1,1,0.538462,0
4,0,0,1,635399,637610,28735,382895,671423,637610,1.05303,0.949639,1,0,3,0,1,0.25,1,0.25,0,0,-1,3,2,1,1,0.479167,0
4,0,0,3,469419,476051,22070,251350,478435,476051,1.00501,0.995017,1,0,3,0,1,0.25,1,0.25,0,0,-1,3,2,1,1,0.773333,0
4,0,0,1,286430,288641,18193,166147,321231,288641,1.11291,0.898547,1,0,3,0,1,0.25,1,0.25,0,0,-1,3,2,1,1,0.5,0
4,0,0,1,182371,184582,15275,108827,217876,184582,1.18038,0.847186,1,0,3,0,1,0.25,1,0.25,0,0,-1,3,2,1,1,0.512821,0
4,0,0,1,130335,132546,12829,74541,154915,132546,1.16877,0.855602,1,0,3,0,1,0.25,1,0.25,0,0,-1,3,2,0,0,0,0
4,0,0,0,101120,101120,13195,70575,130649,101120,1.29202,0.773981,1,0,3,0,1,0.25,1,0.25,0,0,-1,3,2,1,1,0.333333,0
4,1,6,10,339779,361886,39851,983895,394771,381567,1.03461,0.916698,0.948421,0,7,0,1,0.25,1,0.25,0,0,-1,3,2,2,2,0.973333,0
4,1,7,11,288239,312556,21842,201654,355094,376979,0.941948,0.880207,0.829109,0,1,0,9.05539,0.790569,9.05539,0.790569,0,0,-1,3,2,1,1,0.795699,0
4,0,0,2,199680,204101,15506,99568,217087,204101,1.06362,0.940183,1,0,1,0,0,0,0,0,0,0,-1,3,0,0,0,0,0
4,0,0,1,150399,152610,14783,88259,191067,152610,1.252,0.798725,1,0,1,0,0,0,0,0,0,0,-1,3,0,0,0,0,0
4,0,0,0,202886,202886,13424,100852,225075,202886,1.10937,0.901413,1,0,1,0,0,0,0,0,0,0,-1,3,0,0,0,0,0
4,1,0,12,525281,551809,25853,343617,551809,583926,0.944999,1,0.944999,0,1,1,1,0.25,1,0.25,0,0,1,1,2,2,2,0.40625,0
4,1,0,18,802178,841970,33950,605118,839760,872452,0.962528,1.00263,0.965062,0,1,1,1,0.353553,1,0.559017,0,0.25,0,3,2,2,2,0.423077,1
4,0,0,1,651092,653303,29434,425862,676830,653303,1.03601,0.965239,1,0,1,1,1,0.25,1,0.25,0,0,-1,3,2,2,3,0.642857,0
4,0,0,0,83848,83848,11913,59921,114863,83848,1.3699,0.729982,1,0,1,1,1,0.25,1,0.25,0,0,-1,3,2,0,0,0,0
4,0,0,1,67135,69345.7,11742,54846,95847.8,69345.7,1.38217,0.723498,1,0,1,1,1,0.25,1,0.25,0,0,-1,3,2,0,0,0,0
4,2,1,61,232310,367161,25617,338769,540628,399930,1.35181,0.679139,0.918063,1,1,0,1,0.25,1,0.25,0,0,-1,3,2,2,2,0.435897,1
4,0,0,2,178058,182479,15337,103999,210797,180269,1.16935,0.865663,1.01226,0,1,0,0,0,0,0,0,0,-1,1,0,0,1,0.25641,0
4,0,0,0,200635,200635,15507,99489,237454,200635,1.18351,0.844943,1,0,1,0,0,0,0,0,0,0,-1,1,0,1,1,0.166667,0
4,2,2,54,792301,911678,43010,859692,1.01697e+06,1.08956e+06,0.933371,0.896467,0.836736,1,1,0,7.28011,0.559017,5.83095,0.353553,2,0.75,1,3,2,2,2,0.602564,1
4,1,2,12,347848,374376,26863,296641,560275,439986,1.27339,0.6682,0.850883,0,3,0,9.05539,0.790569,9.05539,0.790569,0,0,-1,3,2,2,3,0.64,1
4,0,0,1,112559,114770,14218,85406,138374,112559,1.22935,0.829414,1.01964,0,1,0,0,0,0,0,0,0,-1,3,0,0,1,0.239583,0
4,0,0,1,170051,172262,16134,107100,197970,172262,1.14924,0.87014,1,0,1,0,0,0,0,0,0,0,-1,3,0,0,0,0,0
4,0,0,1,324703,326914,20316,194718,351768,326914,1.07603,0.929343,1,0,1,0,0,0,0,0,0,0,-1,3,0,0,0,0,0
4,0,0,1,226573,228784,18044,152486,251039,228784,1.09728,0.911347,1,0,1,0,0,0,0,0,0,0,-1,3,0,1,1,0.333333,0
4,2,2,129,967892,1.25307e+06,73482,2377348,1.32195e+06,1.42544e+06,0.927395,0.947898,0.879075,1,1,-1,0,0,0,0,0,0,-1,2,0,2,4,0.769231,1
4,2,1,139,816860,1.12414e+06,51886,1408682,1.7254e+06,1.53968e+06,1.12062,0.651527,0.730115,1,1,0,1,0.25,1,0.25,0,0,0,3,2,2,4,1.16829,1
4,1,2,41,235670,326308,25815,477723,371889,496298,0.749325,0.877434,0.657483,0,6,0,0,0,0,0,0,0,1,3,0,1,2,0.665818,1
4,2,2,62,642509,779571,37521,766595,1.18777e+06,1.35716e+06,0.875192,0.65633,0.574415,1,1,-1,0,0,0,0,0,0,-1,2,0,2,3,1.27961,1
4,1,2,42,330823,423671,23852,296040,571624,777663,0.735054,0.741172,0.544801,0,6,0,10,0.5,10,0.5,0,0,-1,3,1,2,5,1.27332,1
4,0,0,2,159384,163805,15696,102908,185875,161595,1.15026,0.881266,1.01368,0,1,0,0,0,0,0,0,0,-1,1,0,0,2,0.512821,0
4,2,4,41,406713,497351,30312,422242,560050,540520,1.03613,0.888047,0.920133,1,1,0,6.32456,1.06066,6.32456,1.06066,0,0,-1,3,2,2,2,0.65625,1
4,2,0,29,278422,342532,24010,285224,366843,340321,1.07793,0.933729,1.0065,1,5,0,0,0,0,0,0,0,-1,3,0,2,5,1.25765,1
4,0,0,4,203606,212449,15990,122878,220907,210238,1.05074,0.961713,1.01052,0,3,0,0,0,0,0,0,0,-1,3,0,1,5,0.885417,1
4,0,0,4,76627,85469.7,12245,60665,106078,83259,1.27407,0.805724,1.02655,0,3,0,0,0,0,0,0,0,-1,3,0,0,2,0.40625,0
4,0,0,1,114250,116461,15167,96475,144554,114250,1.26524,0.805656,1.01935,0,3,0,0,0,0,0,0,0,-1,3,0,0,0,0,0
4,0,0,1,126309,128520,12104,79750,157708,126309,1.24859,0.814923,1.0175,0,3,0,0,0,0,0,0,0,-1,3,0,1,1,0.25,0
4,0,0,3,129596,136228,15537,103691,156659,134017,1.16895,0.869582,1.0165,0,3,-1,0,0,0,0,0,0,-1,2,0,1,1,0.605263,0
4,1,2,8,283774,301459,27951,334787,588610,493869,1.19183,0.512155,0.610403,0,1,-1,0,0,0,0,0,0,-1,2,0,2,4,1.16064,1
4,1,5,17,157748,195330,14612,114028,194898,204550,0.952817,1.00221,0.954924,0,1,0,26.0192,0.790569,26.0192,0.790569,0,0,-1,3,2,2,6,1.63891,1
4,1,6,15,305069,338229,27617,399871,656925,748819,0.877282,0.514867,0.451684,0,1,0,26.0192,0.790569,26.0192,0.790569,0,0,-1,3,2,2,6,1.55463,1
4,1,2,29,791854,855964,35415,678047,891066,977930,0.911175,0.960606,0.875281,0,1,0,10.6301,0.790569,10.6301,0.790569,0,0,-1,3,2,2,6,1.76874,1
4,1,1,63,310418,449691,31214,619348,533357,671953,0.793743,0.843132,0.66923,0,3,0,8.48528,0.559017,7.2111,0.5,2.23607,0.901388,0,3,2,2,6,1.59056,1
4,0,0,2,116645,121066,16058,103420,156437,118856,1.31619,0.773897,1.0186,0,1,0,0,0,0,0,0,0,-1,3,0,0,2,0.880413,0
4,0,0,3,122037,128669,15739,102627,156329,126458,1.23621,0.823066,1.01748,0,1,0,0,0,0,0,0,0,-1,1,0,0,2,0.492424,0
4,0,0,1,142712,144923,14978,96316,171369,144923,1.18249,0.845675,1,0,1,0,0,0,0,0,0,0,-1,1,0,0,3,0.659091,0
4,0,0,2,134669,139090,15841,107825,164995,136880,1.2054,0.842998,1.01615,0,1,0,0,0,0,0,0,0,-1,1,0,0,3,0.333333,0
4,0,0,1,159789,162000,15343,111359,188528,162000,1.16375,0.859288,1,0,1,0,0,0,0,0,0,0,-1,1,0,0,1,0.166667,0
4,0,0,1,87144,89354.7,13085,73395,115883,87144,1.32979,0.771078,1.02537,0,1,0,0,0,0,0,0,0,-1,1,0,0,0,0,0
4,0,0,1,111797,114008,8621,39057,163514,114008,1.43423,0.697237,1,0,1,0,0,0,0,0,0,0,-1,3,0,1,1,0.359375,0
4,0,0,2,169442,173863,16275,119761,250605,173863,1.44139,0.693774,1,0,3,-1,0,0,0,0,0,0,-1,2,0,1,1,0.605263,0
4,0,0,2,98983,103404,13481,79951,132143,101194,1.30584,0.782518,1.02185,0,3,-1,0,0,0,0,0,0,-1,2,0,2,4,0.991178,0
4,1,4,15,167905,201065,19717,180253,364236,289245,1.25927,0.552019,0.695139,0,1,0,26.0192,0.790569,26.0192,0.790569,0,0,-1,3,2,2,5,1.10197,1
4,2,0,36,484483,564067,36161,684767,579195,559646,1.03493,0.973882,1.0079,1,1,0,1,0.25,1,0.25,0,0,-1,3,2,2,6,1.53544,1
4,0,0,6,486869,500133,24549,315919,527731,495712,1.06459,0.947704,1.00892,0,3,0,12.0416,0.559017,12.0416,0.559017,0,0,-1,3,2,2,6,1.64267,1
4,2,4,37,372249,454044,34976,535740,614844,547366,1.12328,0.738471,0.829507,2,4,0,9.43398,0,9.43398,0,0,0,-1,3,0,2,6,1.43411,1
4,0,0,2,114073,118494,14957,99443,150343,116284,1.2929,0.788159,1.01901,0,1,0,2.23607,0.901388,2.23607,0.901388,0,0,-1,3,2,0,2,0.567476,0
4,0,0,1,123411,125622,15894,106828,151638,123411,1.22873,0.828429,1.01791,0,1,0,2.23607,0.901388,2.23607,0.901388,0,0,-1,3,2,0,0,0,0
4,0,0,2,146900,151321,16331,114581,174187,151321,1.15111,0.868727,1,0,1,0,0,0,0,0,0,0,-1,1,0,0,0,0,0
4,0,0,1,197642,199853,17890,137612,223812,199853,1.11989,0.892947,1,0,1,0,0,0,0,0,0,0,-1,1,0,0,0,0,0
4,0,0,1,116112,118323,13808,84476,134721,118323,1.13859,0.87828,1,0,1,0,0,0,0,0,0,0,-1,1,0,0,0,0,0
4,0,0,1,247944,250155,18006,150854,265445,250155,1.06112,0.942396,1,0,1,0,0,0,0,0,0,0,-1,1,0,2,2,0.4,0
4,0,0,3,101426,108058,10179,48457,130165,108058,1.20458,0.830163,1,0,1,-1,0,0,0,0,0,0,-1,2,0,1,1,0.403846,0
4,0,0,1,161795,164006,13588,93754,185964,164006,1.13389,0.881921,1,0,1,-1,0,0,0,0,0,0,-1,2,0,1,1,0.166667,0
4,0,0,1,72811,75021.7,11228,60596,99439.1,75021.7,1.32547,0.754448,1,0,1,-1,0,0,0,0,0,0,-1,2,0,1,1,0.333333,0
4,0,0,1,94643,96853.7,13664,83008,123382,94643,1.30365,0.784992,1.02336,0,1,-1,0,0,0,0,0,0,-1,2,0,0,2,0.333333,0
4,0,0,3,523527,530159,26012,333090,638875,527948,1.21011,0.829832,1.00419,0,6,0,2.23607,0.25,2.23607,0.25,0,0,-1,3,2,2,5,1.12483,1
4,0,0,3,172189,178821,17887,136919,193891,174400,1.11177,0.922274,1.02535,0,2,0,2.23607,0.25,2.23607,0.25,0,0,-1,3,2,2,6,1.29829,0
4,1,1,44,191306,288576,34466,598372,402058,424643,0.946814,0.717747,0.679573,0,5,0,2.82843,0.75,3.60555,0.25,0,0.353553,1,1,2,2,5,0.970935,0
4,1,1,33,472593,545545,28003,425087,571673,562868,1.01564,0.954295,0.969225,0,1,0,2.82843,0.75,2.82843,0.75,0,0,-1,1,2,2,3,0.895719,1
4,1,7,12,215129,241657,18670,161400,269901,312706,0.863115,0.895353,0.772793,0,1,0,4.24264,0.901388,4.24264,0.901388,0,0,-1,3,2,1,2,0.439394,1
4,0,0,3,109240,115872,14525,96363,133557,113661,1.17505,0.867582,1.01945,0,1,0,0,0,0,0,0,0,-1,1,0,0,1,0.166667,0
4,0,0,1,181636,183847,16424,131900,209865,183847,1.14152,0.876023,1,0,1,0,0,0,0,0,0,0,-1,1,0,1,1,0.166667,0
4,0,0,1,283644,285855,20922,199522,310172,285855,1.08507,0.9216,1,0,1,0,0,0,0,0,0,0,-1,1,0,0,0,0,0
4,0,0,1,166923,169134,18167,137263,194313,169134,1.14887,0.870418,1,0,1,0,0,0,0,0,0,0,-1,1,0,0,0,0,0
4,0,0,1,90229,92439.7,13000,69340,118968,92439.7,1.28698,0.777014,1,0,1,-1,0,0,0,0,0,0,-1,2,0,0,0,0,0
4,0,0,5,168120,179173,14442,92204,199218,179173,1.11187,0.899383,1,0,1,1,0,0,0,0,0,0,-1,3,0,1,1,0.166667,0
4,0,0,1,100489,102700,12226,80610,127100,102700,1.23759,0.808022,1,0,1,1,0,0,0,0,0,0,-1,3,0,0,0,0,0
4,0,0,3,100336,106968,14335,88911,128799,106968,1.20409,0.830505,1,0,2,-1,0,0,0,0,0,0,-1,2,0,0,0,0.289474,0
4,0,0,3,141211,147843,17161,128663,174439,145632,1.19781,0.847532,1.01518,0,1,0,2.23607,0.25,2.23607,0.25,0,0,-1,3,2,1,3,0.545884,0
4,0,0,3,147079,153711,14668,100238,170368,153711,1.10837,0.902227,1,0,1,0,1,0.25,1,0.25,0,0,-1,3,2,1,2,0.529057,0
4,1,1,31,204873,273404,21037,210339,304571,296124,1.02852,0.897671,0.923276,0,1,0,12.2066,0.707107,18.6011,0.790569,5.83095,0.790569,1,1,1,2,2,0.666667,1
4,2,2,135,923132,1.22157e+06,36411,602833,1.27832e+06,1.36112e+06,0.939167,0.955607,0.897474,1,6,0,7.2111,0.559017,8.544,1.06066,2.23607,0.901388,1,1,2,2,5,1.22059,1
4,1,2,37,338588,420383,23126,315950,583393,563832,1.03469,0.720583,0.745582,0,6,0,5.83095,0.353553,6.7082,0.75,1.41421,0.559017,1,3,2,2,6,1.06974,1
4,0,0,2,218091,222512,19555,165365,246584,222512,1.10818,0.902379,1,0,1,0,1,0.25,1,0.25,0,0,-1,3,2,1,3,0.649123,0
4,0,0,2,162072,166493,16921,130747,188600,166493,1.13278,0.882785,1,0,1,0,0,0,0,0,0,0,-1,1,0,1,1,0.166667,0
4,0,0,2,148816,153237,16693,128459,177555,153237,1.15869,0.863043,1,0,1,0,0,0,0,0,0,0,-1,1,0,0,0,0,0
4,0,0,4,167038,175881,17550,132542,201786,175881,1.14729,0.871619,1,0,1,1,0,0,0,0,0,0,-1,3,0,0,0,0,0
1,2,0,36,109054,115520,17720,129498,115539,115341,1.00172,0.999835,1.00156,1,2,0,0,0,0,0,0,0,-1,3,0,0,0,0,0
1,2,0,22,306269,310221,28246,362018,310221,440196,0.704734,1,0.704734,1,1,0,1,0.25,1,0.5,1,0.25,0,3,2,0,0,0,0
1,2,0,24,463754,468065,36483,581465,469681,468065,1.00345,0.996558,1,2,1,0,1,0.25,1,0.25,0,0,-1,3,2,1,1,0.807692,1
1,2,1,50,469360,478341,37269,611273,483008,485989,0.993866,0.990338,0.984263,1,3,0,1,0.25,1,0.25,0,0,-1,3,2,1,2,1.21875,1
1,2,0,36,354314,360780,32086,465312,360601,457092,0.788901,1.0005,0.789294,1,12,0,1,0.25,1,0.5,1,0.25,0,1,2,1,2,1.66,0
1,2,2,35,280635,286922,23694,275856,294310,320493,0.918305,0.974896,0.895252,1,1,0,1,0.25,1,0.25,0,0,-1,1,2,1,1,0.75,1
1,2,1,53,168736,178256,21369,208233,187170,192300,0.973326,0.952371,0.926967,2,4,1,1,0.25,1,0.5,1,0.25,1,1,2,1,2,1.26923,1
1,2,0,20,110590,114182,15622,108240,116040,114003,1.01787,0.98399,1.00158,1,1,0,1,0.25,1,0.25,0,0,-1,1,2,0,1,0.5,0
1,2,0,11,82921,84896.8,15052,93870,85734.1,84896.8,1.00986,0.990233,1,1,2,0,1,0.25,1,0.25,0,0,-1,1,2,1,1,0.5,0
1,2,2,133,128679,152568,17523,127853,197354,338601,0.582851,0.773068,0.450583,1,30,0,0,0,0,0,0,0,-1,3,0,1,1,0.96,1
1,2,0,451,205241,286249,19184,166996,286069,289771,0.987223,1.00063,0.987843,1,7,1,2,0.901388,4.12311,0.25,2,0.707107,0,3,2,1,2,1.69355,1
1,2,2,988,259498,436960,21569,194685,447019,449661,0.994126,0.977497,0.971755,1,11,0,4.47214,0.790569,8.94427,0.707107,4.47214,0.790569,1,3,2,0,1,0.928571,1
1,0,0,2,122257,122616,14252,81636,125785,122437,1.02735,0.974804,1.00147,0,1,0,0,0,0,0,0,0,-1,3,0,0,1,1.175,0
1,1,0,15,166606,169300,14409,133371,169121,170173,0.993818,1.00106,0.994873,0,1,0,1,0.559017,1,0.901388,1,0.353553,0,3,2,0,0,0,0
1,1,2,27,392982,397832,23664,262588,404569,404660,0.999776,0.983347,0.983126,0,2,0,1,0.353553,1,0.559017,0,0.25,1,3,2,1,1,0.4875,0
1,0,0,4,554072,554790,28714,354928,561574,554611,1.01256,0.98792,1.00032,0,2,1,1,0.25,1,0.25,0,0,-1,3,2,1,3,0.707692,1
1,0,0,7,479449,480706,27451,339443,482290,480347,1.00404,0.996717,1.00075,0,2,1,0,0,0,0,0,0,-1,1,0,1,5,1.1188,1
1,2,0,10,69893,71689.2,14309,89663,72565.9,71689.2,1.01223,0.987918,1,1,3,0,1,0.25,1,0.25,0,0,-1,3,2,0,2,0.6875,0
1,0,0,2,62420,62779.2,11623,54161,64651.7,62779.2,1.02983,0.971037,1,0,1,0,1,0.25,1,0.25,0,0,-1,3,2,0,2,0.4,0
1,2,0,464,164010,247353,18285,151069,247173,284534,0.868694,1.00073,0.869325,1,2,1,2.23607,0.559017,5,0.5,2.23607,0.559017,1,3,2,1,4,0.723077,1
1,2,2,563,243646,344771,19412,177876,379484,371164,1.02242,0.908526,0.928891,2,7,0,61.327,0.5,59.6154,0,2,0.5,0,1,1,0,2,0.523077,1
1,2,0,37,150856,157502,18126,139024,164960,157322,1.04855,0.95479,1.00114,1,16,0,1,0.25,1,0.25,0,0,-1,3,2,1,2,0.87907,0
1,2,0,268,175923,224061,18543,145953,223881,371871,0.602039,1.0008,0.602522,2,2,1,66.8506,0.901388,134.261,0.75,67.7791,0.5,1,1,2,1,3,0.971429,1
1,2,0,821,262929,410395,22584,220818,410215,464081,0.883932,1.00044,0.884319,1,4,1,1.41421,0.353553,1.41421,0.559017,1,0.25,0,1,2,1,5,1.69693,1
1,2,0,509,206709,298134,20056,170530,299032,297955,1.00362,0.996997,1.0006,2,1,0,0,0,0,0,0,0,-1,3,0,0,4,1.20506,1
1,2,0,31,140177,145745,19007,145299,148523,145566,1.02032,0.981297,1.00123,1,2,0,0,0,0,0,0,0,-1,3,0,0,2,1.14395,0
1,2,2,31,250400,255968,26198,293126,259275,257299,1.00768,0.987245,0.994826,1,7,0,1,0.559017,1,0.559017,0,0,-1,3,2,0,0,0,0
1,1,5,16,180489,183363,18099,145579,188065,249638,0.753352,0.974996,0.734515,0,2,1,1,0.25,1,0.25,0,0,-1,3,2,1,1,0.547368,0
1,2,2,43,598070,605794,39501,642289,620091,677362,0.91545,0.976943,0.894343,1,2,0,1,0.5,1,0.5,0,0,-1,3,1,1,3,1.03487,1
1,2,1,65,398826,410501,28153,385243,416905,572679,0.727992,0.984638,0.716809,2,3,0,1,0.559017,1.41421,0.25,0,0.5,1,3,2,1,5,1.38287,1
1,2,0,18,119933,123166,17026,122782,122998,122986,1.0001,1.00136,1.00146,1,1,1,0,0,0,0,0,0,-1,1,0,1,3,1.06639,0
1,2,1,445,183270,263200,18419,146985,318039,348024,0.913842,0.827571,0.75627,2,9,1,6.7082,0.901388,13.9284,0.5,6.32456,0.25,1,3,2,1,1,0.820374,1
1,3,0,1966,455812,808940,106770,4531826,875119,860224,1.01732,0.924377,0.940383,1,11,-1,0,0,0,0,0,0,-1,0,0,1,4,1.59517,1
1,2,1,755,265690,401301,21847,215441,410879,408394,1.00609,0.976689,0.982633,1,1,0,1,0.25,1,0.25,0,0,1,1,2,0,4,1.32033,1
1,2,2,175,140280,171713,17372,138842,202546,232293,0.87194,0.847774,0.739209,2,1,0,1,0.25,1,0.25,0,0,0,1,2,1,3,1.63978,1
1,2,2,164,143707,173164,17882,144294,197892,177398,1.11553,0.875042,0.976133,2,2,0,53.9073,0.790569,108.467,0.901388,54.5619,0.25,0,3,2,1,4,1.17421,1
1,2,0,366,253873,319613,23863,246425,319254,334528,0.954341,1.00113,0.955414,2,1,0,4.24264,0.901388,9.89949,0.5,4.24264,0.901388,1,3,2,1,5,1.6713,1
1,2,0,72,76416,89348.5,14137,81697,98023.6,88989.2,1.10152,0.9115,1.00404,1,1,0,1,0.25,1,0.25,0,0,-1,1,2,0,4,1.2088,1
1,2,0,39,109770,116775,16827,115551,119917,116595,1.02849,0.973798,1.00154,1,3,0,1,0.25,1,0.25,0,0,-1,1,2,0,2,0.806452,0
1,2,2,133,114388,138277,15121,126159,144288,164727,0.875926,0.958339,0.839435,1,2,0,3,0.901388,7.07107,0.5,3,0.901388,1,3,2,1,1,0.333333,1
1,1,0,15,122928,125622,16075,109669,125443,129282,0.970304,1.00143,0.971693,0,1,0,4.12311,0.5,5.09902,0.559017,0,0.901388,0,3,1,1,2,0.934868,0
1,2,1,129,168276,191447,16945,148425,191938,242875,0.790274,0.997442,0.788253,1,1,0,1,0.707107,1,0.707107,0,0,1,1,1,1,3,0.914773,1
1,2,0,27,158046,162896,19514,185906,165751,162536,1.01978,0.982775,1.00221,1,7,1,0,0.353553,0,0.353553,0,0,-1,3,2,1,5,1.16573,0
1,2,1,182,140251,172941,16513,121565,189729,289669,0.654985,0.911518,0.597031,1,1,1,42.4853,0.707107,83.6301,0,42.4853,0.707107,1,1,1,1,2,1.02727,1
1,3,0,854,258235,411628,93504,4855932,478822,598347,0.800242,0.859669,0.687943,1,10,-1,0,0,0,0,0,0,-1,0,0,1,4,1.62532,1
1,3,0,1644,403374,698665,194144,14277376,722279,779804,0.926232,0.967306,0.89595,1,5,-1,0,0,0,0,0,0,-1,0,0,1,5,2.23355,1
1,2,0,281,121674,172147,17246,120090,194015,171967,1.12821,0.887284,1.00104,1,1,0,0,0,0,0,0,0,-1,3,0,0,4,1.7319,1
1,2,0,87,109194,124821,17755,137195,124641,125106,0.996285,1.00144,0.99772,1,2,1,1.41421,0.790569,1.41421,0,1.41421,0.790569,1,3,2,0,4,1.26466,0
1,2,0,36,121351,127817,18407,149331,132290,127638,1.03645,0.966192,1.00141,1,6,0,1,0.25,1,0.25,0,0,-1,1,2,0,3,0.8,0
1,2,4,35,118820,125107,17111,129161,132313,125510,1.05421,0.945532,0.996788,1,5,0,1,0.25,1,0.25,0,0,-1,1,2,0,3,0.8,0
1,2,0,44,143985,151888,20799,196095,156945,151709,1.03452,0.96778,1.00118,1,3,0,1,0.25,1,0.25,0,0,-1,1,2,0,3,0.6,0
1,2,0,68,79464,91678,14589,87675,93242.6,91678,1.01707,0.983221,1,1,1,0,1,0.25,1,0.25,0,0,-1,1,2,0,1,0.25,0
1,2,2,69,96960,109354,14877,98471,123042,118664,1.0369,0.88875,0.921543,1,9,0,4.12311,0.353553,4.12311,0.353553,0,0,-1,3,2,1,3,0.958333,1
1,2,6,38,157700,164525,20444,196096,172522,170248,1.01336,0.953646,0.966386,1,1,0,3,0.901388,3,0.901388,0,0,-1,3,2,1,3,1.15395,1
1,1,5,18,91176,94409.1,13986,85784,94436.7,94982.1,0.994258,0.999708,0.993968,0,1,0,0,0,0,0,0,0,-1,3,0,1,4,0.6875,1
1,2,0,17,79557,82610.5,13879,83243,84665.9,82610.5,1.02488,0.975723,1,1,6,1,0,0.353553,0,0.353553,0,0,-1,3,2,1,3,0.9875,0
1,2,2,170,158546,189081,19666,164602,288521,336999,0.856148,0.655345,0.561072,1,1,1,0,0.353553,0,0.353553,0,0,-1,3,2,1,3,1.15781,1
1,3,0,681,192139,314459,83718,3645590,339609,445432,0.762427,0.925943,0.705964,1,3,-1,0,0,0,0,0,0,-1,0,0,1,5,2.01778,1
1,3,0,895,250833,411591,74086,2108890,424832,448014,0.948257,0.968832,0.918701,1,7,-1,0,0,0,0,0,0,-1,0,0,1,5,2.2013,1
1,2,2,571,220320,322882,20158,169168,331953,330986,1.00292,0.972672,0.975516,2,4,0,68.2495,0.353553,133.686,1.06066,65.437,0.707107,0,1,2,0,4,1.36295,1
1,2,0,56,111241,121300,18634,142072,124222,121120,1.02561,0.976475,1.00148,1,5,0,1,0.25,1,0.25,0,0,-1,1,2,0,2,0.778947,0
1,2,0,53,124745,134265,18359,147313,146054,134085,1.08926,0.919284,1.00134,1,7,1,1.41421,0.790569,1.41421,0.790569,0,0,-1,3,2,0,0,0,0
1,2,4,48,168350,176972,18541,174857,180528,180192,1.00186,0.980302,0.98213,1,6,1,1.41421,0.790569,1.41421,0.790569,0,0,-1,3,2,0,0,0,0
1,2,0,57,98663,108901,18107,134695,110449,108901,1.01421,0.985989,1,1,8,0,1,0.25,1,0.25,0,0,-1,1,2,0,0,0,0
1,2,2,628,274284,387084,23467,264777,413089,401023,1.03009,0.937047,0.96524,1,7,0,1.41421,0.559017,1.41421,0.901388,1.41421,0.353553,0,3,2,1,1,0.25,1
1,2,0,39,83776,90781.1,15093,100461,90601.5,98659.4,0.918326,1.00198,0.920147,1,6,1,2.23607,0.901388,5.09902,0.707107,2,0.75,1,3,2,1,3,1.35096,1
1,2,2,56,145344,155403,20632,208642,162209,169015,0.959731,0.95804,0.919461,1,38,1,0,0.353553,3,0.707107,3,0.353553,1,3,2,1,5,1.0875,0
1,2,0,58,78132,88549.8,13564,84178,89641.2,88370.2,1.01438,0.987825,1.00203,1,4,0,1,0,1,0,0,0,-1,1,0,1,4,0.6,0
1,2,0,20,100254,103846,15714,109434,106724,103846,1.02771,0.973036,1,1,3,1,0,0.353553,0,0.353553,0,0,-1,3,2,0,1,0.4875,0
1,2,1,230,164619,205931,20790,171716,226110,301420,0.750148,0.910756,0.683202,1,2,1,96.2549,0.707107,149.883,0.25,54.5619,0.901388,1,1,1,1,3,1.18906,1
1,2,6,97,149540,166963,17931,143361,175179,202733,0.864089,0.953098,0.823562,1,1,0,0,0,0,0,0,0,-1,3,0,1,5,1.79815,1
1,3,0,970,295917,470146,113510,5218316,507619,491320,1.03317,0.926179,0.956903,2,1,-1,0,0,0,0,0,0,-1,0,0,1,5,1.87,1
1,3,0,923,228578,394365,77477,3076351,482090,501013,0.962231,0.818032,0.787135,2,3,-1,0,0,0,0,0,0,-1,0,0,1,5,1.79771,1
1,3,0,136,158689,183117,23397,234275,234597,290851,0.806586,0.780561,0.62959,1,13,-1,0,0,0,0,0,0,-1,0,0,1,3,1.19927,1
1,2,0,56,117060,127119,17959,136587,128839,127119,1.01354,0.986645,1,1,1,0,1,0.25,1,0.25,0,0,-1,1,2,0,1,0.2,0
1,2,2,89,147779,163765,19518,173046,165011,163753,1.00768,0.992451,1.00007,1,17,0,0,0.75,1,0.5,0,0.75,1,3,2,1,1,0.2,1
1,2,0,55,218145,228024,23994,251908,229281,227844,1.00631,0.994516,1.00079,1,1,0,1,0.25,1,0.25,0,0,-1,1,2,0,1,0.631579,0
1,2,0,1354,369644,612846,22962,251602,617993,612846,1.0084,0.991672,1,2,6,1,0,0,0,0,0,0,-1,3,0,0,2,0.539474,1
1,2,0,32,80951,86698.8,15220,97930,89707.6,86519.1,1.03685,0.96646,1.00208,1,1,1,0,0.353553,0,0.353553,0,0,-1,3,2,0,2,0.333333,0
1,2,7,199,169023,204767,20693,180269,209293,207023,1.01096,0.978375,0.9891,1,5,1,0,0.353553,0,0.353553,0,0,-1,3,2,1,2,0.4,1
1,2,0,594,166054,272747,17072,135630,272684,272567,1.00043,1.00023,1.00066,2,1,0,1,0,1,0,0,0,-1,1,0,0,1,0.375,1
1,3,0,839,212934,363633,136838,7716072,400575,393301,1.01849,0.907779,0.924568,1,21,-1,0,0,0,0,0,0,-1,0,0,0,1,0.784163,1
1,2,0,155,146644,174485,20101,160685,175609,174125,1.00852,0.993599,1.00206,2,8,0,1,0.5,1,0.5,0,0,-1,1,1,1,4,1.33038,1
1,2,1,85,125568,140835,18540,165752,151979,142307,1.06796,0.926677,0.989658,1,2,0,5.83095,0.75,12.53,0.5,5.83095,0.75,1,3,2,1,5,1.64404,1
1,3,0,1001,321778,501575,112283,4397925,523324,522811,1.00098,0.958442,0.959382,2,4,-1,0,0,0,0,0,0,-1,0,0,1,5,1.74942,1
1,2,2,1609,422083,711088,26459,314669,725167,817226,0.887352,0.980585,0.870124,1,19,0,81.4002,0.901388,162.61,0.5,81.4002,0.901388,0,1,2,1,5,2.08685,1
1,3,0,258,174397,220738,27360,381326,256477,291793,0.878968,0.860655,0.756489,2,7,-1,0,0,0,0,0,0,-1,0,0,1,5,1.576,1
1,2,2,34,194235,200342,24014,248498,202580,201143,1.00714,0.988954,0.996019,1,7,0,0,0,0,0,0,0,-1,3,0,1,3,1.06645,0
1,2,0,34,143275,149382,20453,182007,152069,149202,1.01921,0.982329,1.0012,1,1,0,0,0,0,0,0,0,-1,3,0,1,3,0.4,0
1,2,0,62,142613,153749,19574,170432,155533,153749,1.0116,0.988533,1,1,1,0,1,0.25,1,0.25,0,0,-1,1,2,0,1,0.690323,0
1,2,0,1259,390636,616775,26510,326986,632830,616595,1.02633,0.974629,1.00029,1,4,0,0,0,0,0,0,0,-1,3,0,0,2,0.612903,1
