4,0,0,1,3311,3484.63,647,2589,4956.34,3311,1.49693,0.703066,1.05244,0,8,0,0,0,0,0,0,0,-1,3,0,0,0,1.875,0
4,0,0,0,2636,2636,504,1802,3894.34,2636,1.47737,0.67688,1,0,8,0,0,0,0,0,0,0,-1,3,0,0,0,1.875,0
4,0,0,1,2997,3170.63,629,2337,5280.24,3170.63,1.66536,0.600471,1,0,8,0,0,0,0,0,0,0,-1,3,0,0,0,1.875,0
4,1,5,22,4428,8247.95,739,4169,8986.02,25196.9,0.356631,0.917864,0.327339,0,8,0,2,0.5,2,0.5,0,0,-1,3,1,2,2,1.875,0
4,0,0,1,12327,12500.6,890,9474,13588.7,12500.6,1.08704,0.91993,1,0,3,0,0,0,0,0,0,0,-1,3,0,1,1,1.42024,1
4,1,0,15,5980,8584.51,661,3839,8410.87,8534.8,0.98548,1.02064,1.00582,0,3,0,2,0.25,2,0.25,0,0,1,3,2,1,2,1.42024,0
4,1,7,39,6899,13670.7,1120,12542,19961.7,17888.9,1.11587,0.684848,0.764203,0,9,0,3,0.559017,7,0.5,3,0.559017,0,3,2,2,4,1.42024,1
4,0,0,2,6092,6439.27,529,1877,7085.71,6265.63,1.13088,0.908769,1.02771,0,6,0,2,0.25,2,0.25,0,0,-1,3,2,0,2,1.42024,0
4,0,0,1,1848,2021.63,477,1487,3410.71,2021.63,1.6871,0.592732,1,0,21,0,0,0,0,0,0,0,-1,3,0,0,0,0.839286,0
4,0,0,1,1471,1644.63,439,1247,3384.97,1644.63,2.05819,0.485863,1,0,21,0,0,0,0,0,0,0,-1,3,0,0,0,0.839286,0
4,0,0,1,1956,2129.63,470,1456,4385.87,2129.63,2.05945,0.485567,1,0,21,0,0,0,0,0,0,0,-1,3,0,0,0,0.839286,0
4,1,2,22,12737,16556.9,1127,10813,18551.6,25777.9,0.71967,0.892482,0.642292,0,3,0,1.41421,0.790569,1,0.75,0,0.25,1,3,2,2,2,0.839286,0
4,0,0,1,6022,6195.63,687,3611,9173.68,6022,1.52336,0.675371,1.02883,0,6,0,0,0,0,0,0,0,-1,3,0,1,1,0.839286,0
4,1,0,16,27381,30159.1,1787,22145,30159.1,35495.9,0.849651,1,0.849651,0,3,0,1.41421,0.901388,1.41421,0.790569,0,0.25,1,3,2,2,2,0.839286,0
4,0,0,1,2948,3121.63,582,2372,4784.97,3121.63,1.53284,0.652383,1,0,1,0,0,0,0,0,0,0,-1,3,0,0,0,0.839286,0
4,0,0,1,2623,2796.63,554,2184,4742.24,2796.63,1.6957,0.589728,1,0,1,0,0,0,0,0,0,0,-1,3,0,0,0,0.839286,0
4,0,0,1,8226,8399.63,919,6055,10309.6,8399.63,1.22739,0.814739,1,0,4,0,1,0.790569,1,0.790569,0,0,-1,3,2,1,1,1.24911,0
4,0,0,1,1342,1515.63,459,1229,2965.71,1515.63,1.95674,0.511053,1,0,3,0,1,0.790569,1,0.790569,0,0,-1,3,2,0,0,1.24911,0
4,1,5,14,14636,17066.9,1320,14314,20071.5,18239.6,1.10043,0.850304,0.935703,0,1,0,1,0.790569,1,0.790569,0,0,-1,3,2,1,1,1.24911,1
4,0,0,5,2807,3675.17,569,2235,6720.21,3501.54,1.91922,0.546883,1.04959,0,1,0,1,0.790569,1,0.790569,0,0,-1,3,2,1,2,1.24911,0
4,1,2,5,23288,24156.2,1834,23858,37382.1,46529.5,0.803407,0.646196,0.519158,0,1,0,1.41421,0.901388,1.41421,0.901388,0,0,-1,3,2,2,2,1.24911,0
4,1,1,36,21274,27524.8,2424,52222,35770.3,55472.5,0.64483,0.769488,0.496189,0,13,0,0,0.5,0,0.5,0,0,-1,3,1,2,2,1.24911,1
4,0,0,6,8348,9389.8,945,7157,11423.7,9216.17,1.23953,0.82196,1.01884,0,24,0,1,0.353553,1,0.353553,0,0,-1,3,2,0,0,1.24911,0
4,1,4,34,14387,20290.6,1601,17007,21198.7,21374.9,0.991756,0.957161,0.94927,0,2,0,1,0.559017,1,0.559017,0,0,-1,3,2,1,3,1.24911,0
4,2,4,73,20197,32872.3,1982,26214,34499.3,32848.2,1.05026,0.952839,1.00073,0,2,0,1,0.790569,1,0.790569,0,0,-1,3,2,2,5,1.24911,0
4,0,0,3,3527,4047.9,648,2986,6262.14,3874.27,1.61634,0.646408,1.04482,0,2,0,1,0.790569,1,0.790569,0,0,-1,3,2,1,2,1.24911,0
4,1,4,27,19093,23781.1,2209,30623,27020.3,28235,0.956981,0.88012,0.842258,0,5,0,1,0.790569,1,0.790569,0,0,-1,3,2,1,2,1.24911,0
4,0,0,1,2009,2182.63,499,1667,3619.34,2182.63,1.65824,0.603048,1,0,1,1,2,0,2,0,0,0,-1,3,0,0,0,1.24911,0
4,0,0,3,16515,17035.9,1535,16281,17276.5,17035.9,1.01412,0.986075,1,0,1,0,1,1.06066,1,1.06066,0,0,-1,3,2,2,2,1.83758,0
4,0,0,3,2322,2842.9,443,1431,4963.87,2842.9,1.74606,0.572718,1,0,1,0,2,0.901388,2,0.901388,0,0,-1,3,2,1,1,1.83758,0
4,1,7,21,14159,17805.3,1427,18595,27535.1,26797.3,1.02753,0.646642,0.664443,0,4,0,0,0,0,0,0,0,0,1,0,1,1,1.83758,1
4,0,0,3,1771,2291.9,448,1220,4008.97,2291.9,1.74919,0.571693,1,0,1,0,2,0.901388,2,0.901388,0,0,-1,3,2,0,1,1.83758,0
4,0,0,2,3401,3748.27,659,3041,5504.97,3574.63,1.54001,0.680888,1.04857,0,16,0,2,0.901388,2,0.901388,0,0,-1,3,2,1,1,1.61423,0
4,0,0,4,8380,9074.54,1032,6502,12260,8900.9,1.37739,0.740173,1.01951,0,16,0,3,0.5,3,0.5,0,0,-1,3,1,1,1,1.61423,1
4,0,0,2,1789,2136.27,460,1444,4137.87,2136.27,1.93696,0.516272,1,0,16,0,2,0.901388,2,0.901388,0,0,-1,3,2,0,0,1.61423,0
4,0,0,4,9908,10602.5,885,5261,10911.6,10428.9,1.04628,0.971677,1.01665,0,2,0,2,0.901388,2,0.901388,0,0,-1,3,2,2,4,1.61423,1
4,1,2,19,8567,11866,1063,8127,16527,11960.6,1.38179,0.717977,0.992092,0,1,0,2,0.901388,2,0.901388,0,0,-1,3,2,1,2,1.61423,1
4,0,0,3,2501,3021.9,598,2236,5234.14,2848.27,1.83766,0.577344,1.06096,0,1,0,0,0,0,0,0,0,-1,3,0,0,1,1.61423,0
4,0,0,3,6511,7031.9,754,4184,10313.2,6684.63,1.54282,0.681834,1.05195,0,1,0,3,0.5,3,0.5,0,0,-1,3,1,2,6,1.61423,0
4,0,0,2,5112,5459.27,732,3552,6781.97,5459.27,1.24229,0.804967,1,0,4,0,0,0,0,0,0,0,-1,3,0,0,1,1.61423,0
4,0,0,3,6142,6662.9,899,5717,10829.2,6662.9,1.6253,0.615271,1,0,11,0,1,0.353553,1,0.353553,0,0,-1,3,2,2,2,1.46372,0
4,0,0,3,8839,9359.9,1174,8424,11504.4,9186.27,1.25235,0.813592,1.0189,0,11,0,0,0.75,0,0.75,0,0,-1,3,2,2,2,1.46372,0
4,0,0,4,4063,4757.54,676,3414,7012.78,4757.54,1.47404,0.67841,1,0,11,0,0,0,0,0,0,0,-1,3,0,1,1,1.46372,0
4,0,0,2,7209,7556.27,984,6748,11344.1,7556.27,1.50129,0.666094,1,0,11,0,0,0.75,0,0.75,0,0,-1,3,2,1,1,1.46372,0
4,0,0,2,21002,21349.3,1584,17040,22986,21175.6,1.08549,0.928793,1.0082,0,11,1,2,0,2,0,0,0,-1,3,0,0,0,1.46372,0
4,0,0,2,2933,3280.27,599,2323,6578.14,3106.63,2.11745,0.498662,1.05589,0,2,1,2,0,2,0,0,0,-1,3,0,0,0,1.46372,0
4,0,0,2,25666,26013.3,1779,22027,38274.7,25839.6,1.48124,0.679647,1.00672,0,2,0,0,0.75,0,0.75,0,0,-1,3,2,1,1,1.46372,0
4,0,0,4,7364,8058.54,833,7165,9643.87,8058.54,1.19673,0.835612,1,0,4,0,0,0.75,0,0.75,0,0,-1,3,2,1,1,1.46372,0
4,0,0,2,24152,24499.3,1687,19731,26610.9,24499.3,1.08619,0.920646,1,0,1,0,0,0.75,0,0.75,0,0,-1,3,2,2,2,1.46372,0
4,0,0,2,9432,9779.27,835,7987,11235.7,9605.63,1.1697,0.870376,1.01808,0,2,0,0,0.75,0,0.75,0,0,-1,3,2,1,1,1.46372,1
4,0,0,3,4071,4591.9,627,2817,8384.85,4591.9,1.82601,0.547643,1,0,2,0,0,0.25,0,0.25,0,0,-1,3,2,1,1,1.46372,0
4,0,0,2,4093,4440.27,599,2891,6055.87,4266.63,1.41936,0.733217,1.0407,0,2,0,0,0.25,0,0.25,0,0,-1,3,2,1,3,1.46372,0
3,0,0,1,1789,1856.89,508,1606,2316.13,1856.89,1.24732,0.801722,1,0,12,0,0,0,0,0,0,0,-1,3,0,0,0,2.00893,0
3,0,0,1,2008,2075.89,532,1830,2619.02,2075.89,1.26164,0.792621,1,0,12,0,0,0,0,0,0,0,-1,3,0,0,0,2.00893,0
3,0,0,1,2327,2394.89,555,2119,3001.91,2394.89,1.25346,0.797789,1,0,12,0,0,0,0,0,0,0,-1,3,0,0,0,2.00893,0
3,1,2,12,2305,3119.69,548,2034,3859.04,3219,1.19883,0.808412,0.96915,0,12,0,0,0,0,0,0,0,-1,3,0,1,1,2.00893,1
3,0,0,1,3262,3329.89,636,2576,3876.91,3262,1.18851,0.858903,1.02081,0,17,0,0,0,0,0,0,0,-1,3,0,0,0,2.00893,0
3,1,2,35,5378,7754.19,807,5965,9394.63,12496.1,0.751806,0.825386,0.62053,0,1,0,0,0,0,0,0,0,-1,3,0,1,3,2.00893,0
3,1,0,12,2893,3707.69,581,2041,3707.69,3824.89,0.969359,1,0.969359,0,10,1,0,0,0,0,0,0,0,1,0,0,0,2.00893,1
3,0,0,5,7199,7538.46,876,5388,8432.04,7470.56,1.1287,0.894025,1.00909,0,1,0,3,0.75,3,0.75,0,0,-1,3,2,2,3,2.00893,0
3,0,0,2,2582,2717.78,606,2416,3172.8,2649.89,1.19733,0.856587,1.02562,0,3,0,3,0.75,3,0.75,0,0,-1,3,2,0,1,2.11262,0
3,0,0,4,6345,6616.56,873,5437,7203.04,6616.56,1.08864,0.918579,1,0,2,0,4,0.25,4,0.25,0,0,-1,3,2,1,1,2.11262,0
3,0,0,6,4975,5382.35,656,3528,5720.82,5382.35,1.06289,0.940834,1,0,1,0,3,0.75,3,0.75,0,0,-1,3,2,1,1,2.11262,0
3,2,1,72,9884,14772.2,1256,10062,16904.1,17904.9,0.944103,0.873882,0.825035,1,2,0,4,0.25,4,0.25,0,0,-1,3,2,1,1,2.11262,1
3,1,1,18,4153,5375.04,679,3881,5685.82,6521.67,0.871835,0.945341,0.824181,0,4,-1,0,0,0,0,0,0,-1,2,0,2,2,1.48553,1
3,1,1,18,4627,5849.04,893,5925,7021.26,5989.46,1.17227,0.833047,0.976556,0,3,0,1.41421,0.901388,1.41421,0.901388,0,0,-1,3,2,1,2,1.48553,0
3,1,7,14,4655,5605.48,698,3728,7168.48,6489.56,1.10462,0.781962,0.863768,0,4,0,0,0,0,0,0,0,-1,1,0,1,3,1.48553,1
3,2,0,45,7196,10251.1,1397,12885,10794.2,10183.2,1.06,0.949683,1.00667,1,95,0,1.41421,0.901388,1.41421,0.901388,0,0,-1,3,2,1,3,1.48553,1
3,1,5,12,3007,3821.69,724,3458,5465.04,3948.46,1.3841,0.699298,0.967896,0,1,-1,0,0,0,0,0,0,-1,2,0,2,2,1.48553,1
3,0,0,2,2048,2183.78,525,1927,2769.8,2115.89,1.30905,0.788425,1.03209,0,1,-1,0,0,0,0,0,0,-1,2,0,0,1,1.48553,0
3,1,1,29,4330,6298.84,946,10064,10050.1,9135.12,1.10016,0.626747,0.689519,0,3,0,1.41421,0.901388,1.41421,0.901388,0,0,-1,3,2,2,5,1.48553,1
3,0,0,2,1878,2013.78,491,1671,2489.02,1945.89,1.27912,0.809066,1.03489,0,11,-1,0,0,0,0,0,0,-1,2,0,0,2,1.48553,0
3,0,0,2,5694,5829.78,829,4259,6712.37,5761.89,1.16496,0.868514,1.01178,0,4,0,0,0,0,0,0,0,-1,3,0,1,1,2.13691,0
3,0,0,1,4813,4880.89,728,3254,5641.69,4880.89,1.15587,0.865146,1,0,4,0,0,0,0,0,0,0,-1,3,0,1,1,2.13691,0
3,0,0,2,2877,3012.78,616,2524,3708.59,2944.89,1.25933,0.81238,1.02305,0,1,0,0,0,0,0,0,0,-1,3,0,0,0,2.13691,0
3,1,7,20,5547,6904.82,888,5344,7270.91,7320.89,0.993173,0.94965,0.943167,0,2,0,0,0,0,0,0,0,-1,3,0,1,1,2.13691,0
3,2,4,151,7874,18125.6,1054,7562,19814.6,23468.1,0.844321,0.914759,0.77235,1,1,1,1,0.25,2,0.5,1,0.25,0,3,2,2,4,2.13691,1
3,0,0,5,6723,7062.46,743,4025,7304.93,6994.56,1.04437,0.966806,1.00971,0,1,0,3,0.75,3,0.75,0,0,-1,3,2,1,3,2.13691,0
3,2,1,43,4518,7437.32,1019,6835,7498.21,7485.76,1.00166,0.991879,0.99353,1,3,-1,0,0,0,0,0,0,-1,2,0,2,4,2.13691,1
3,1,0,23,6553,8114.5,727,3867,8046.61,11137.7,0.722467,1.00844,0.728563,0,1,0,4,0.25,4,0.559017,0,0.353553,1,3,2,0,2,2.13691,0
3,0,0,1,3810,3877.89,738,3564,4604.69,3810,1.20858,0.84216,1.01782,0,5,0,0,0,0,0,0,0,-1,3,0,0,0,2.13691,0
3,1,7,23,6287,7848.5,1069,9811,9927.25,9792.82,1.01373,0.790601,0.801454,0,1,0,0,0,0,0,0,0,-1,3,0,1,1,2.13691,0
3,0,0,2,4234,4369.78,746,3456,5021.8,4301.89,1.16735,0.870162,1.01578,0,2,0,0,0,0,0,0,0,-1,3,0,0,0,2.13691,0
3,0,0,1,6270,6337.89,797,4525,6754.91,6270,1.07734,0.938264,1.01083,0,2,0,0,0,0,0,0,0,-1,3,0,1,1,2.13691,1
3,1,0,31,4042,6146.63,811,3961,6078.74,7490.39,0.811538,1.01117,0.820602,0,1,0,4.24264,0.25,6.7082,0.353553,3,0.25,0,3,2,1,3,2.13691,1
3,0,0,4,1086,1357.56,319,767,2239.59,1289.67,1.73655,0.606168,1.05264,0,3,0,4,0.25,4,0.25,0,0,-1,3,2,0,2,2.13691,0
3,2,1,97,6860,13445.4,1062,8256,17780,18064.9,0.984231,0.756212,0.744287,0,1,0,2,0.559017,1,0.25,2,0.5,1,3,2,1,4,2.13691,0
3,0,0,1,2269,2336.89,572,2062,3338.69,2336.89,1.42869,0.699942,1,0,1,0,3,0.901388,3,0.901388,0,0,-1,3,2,0,1,2.13691,0
3,0,0,5,3804,4143.46,650,3106,4634.04,4075.56,1.13703,0.894134,1.01666,0,3,0,4,0.25,4,0.25,0,0,-1,3,2,1,1,1.82099,0
3,1,4,14,5041,5991.48,744,4590,6634.61,6309.89,1.05146,0.903064,0.949537,0,1,0,3.16228,0.75,3.16228,0.75,0,0,-1,3,2,1,3,1.82099,0
3,0,0,6,6137,6544.35,755,5023,7087.72,6476.46,1.09438,0.923337,1.01048,0,1,0,4,0.25,4,0.25,0,0,-1,3,2,1,1,1.82099,0
3,1,0,29,7226,9194.84,825,6267,9126.95,11298.5,0.807804,1.00744,0.813813,0,2,0,4.12311,0.901388,5.38516,0.5,0,0.901388,1,3,2,1,1,1.82099,0
3,0,0,5,3228,3567.46,515,1667,4153.82,3499.56,1.18695,0.858837,1.0194,0,1,0,5.09902,0.559017,5.09902,0.559017,0,0,-1,3,2,1,1,1.82099,1
3,2,0,74,11282,16305.9,970,6622,18314.6,16238.1,1.12788,0.890324,1.00418,0,5,0,4,0.25,4,0.25,0,0,-1,3,2,2,3,1.82099,1
3,1,0,26,5423,7188.17,796,5006,7120.28,14111.9,0.504559,1.00953,0.50937,0,2,0,5.09902,0.75,6.08276,0.901388,1,0.5,1,3,2,1,3,1.82099,0
3,2,0,99,12277,18998.2,1358,11444,18930.3,21378.3,0.885495,1.00359,0.88867,1,10,0,4,0.901388,5,0.901388,0,0.790569,1,3,2,1,4,1.82099,0
3,0,0,4,2224,2495.56,545,2001,3106.59,2427.67,1.27966,0.803314,1.02797,0,8,-1,0,0,0,0,0,0,-1,2,0,1,2,1.82099,0
3,0,0,1,1837,1904.89,512,1650,2651.69,1904.89,1.39205,0.718368,1,0,1,-1,0,0,0,0,0,0,-1,2,0,0,0,1.82099,0
3,1,5,19,5040,6329.93,1062,8734,7614.39,7148.52,1.06517,0.831312,0.885489,0,4,0,4,0.901388,4,0.901388,0,0,-1,3,2,2,3,1.82099,1
3,0,0,3,2205,2408.67,569,2051,3167.48,2340.78,1.35317,0.760439,1.029,0,1,0,0,0,0,0,0,0,-1,3,0,0,1,1.82099,0
3,0,0,2,1746,1881.78,476,1428,2560.69,1881.78,1.36078,0.734872,1,0,2,1,0,0,0,0,0,0,-1,1,0,0,0,1.06942,0
3,0,0,2,1565,1700.78,459,1369,2379.69,1632.89,1.45735,0.714706,1.04158,0,2,1,0,0,0,0,0,0,-1,1,0,0,0,1.06942,0
3,0,0,2,1816,1951.78,472,1420,2579.69,1883.89,1.36934,0.756594,1.03604,0,2,1,0,0,0,0,0,0,-1,1,0,0,0,1.06942,0
3,2,2,64,9473,13818,932,6668,15401.9,24022.5,0.641144,0.897165,0.575212,1,3,0,3.16228,0.559017,3.16228,0.5,1,0.25,1,3,2,2,2,1.06942,1
3,1,5,25,2913,4610.28,565,2477,6473.5,6261.76,1.03381,0.712178,0.73626,0,2,0,1.41421,0.559017,1.41421,0.5,1.41421,0.559017,0,3,2,1,1,1.06942,1
3,2,6,145,18985,28829.2,1427,12679,34278.9,44349.4,0.77293,0.841019,0.650048,2,4,0,2.82843,0.25,4.24264,0.559017,2.23607,0.353553,1,3,2,2,5,1.06942,0
3,0,0,2,2842,2977.78,597,2321,3724.59,2909.89,1.27997,0.799494,1.02333,0,1,1,0,0,0,0,0,0,-1,1,0,0,2,1.06942,0
3,1,4,34,3759,6067.3,634,2782,6261.95,7773.67,0.805533,0.968915,0.780493,0,3,1,0,0.25,0,0.5,0,0.25,0,3,2,1,2,1.06942,0
3,1,5,17,5345,6499.15,868,5690,6606.93,7103.67,0.930073,0.983686,0.9149,0,1,0,1.41421,0.901388,1.41421,0.901388,0,0,-1,3,2,1,3,1.59148,1
3,1,7,42,8345,11196.4,1008,6718,13257,14834.6,0.893659,0.844565,0.754753,0,3,1,4.47214,0.5,4.12311,0.790569,0,0.790569,1,3,1,1,5,1.59148,1
3,2,6,89,10392,16434.3,1055,8501,18736.9,19024.7,0.984872,0.87711,0.863841,1,3,0,3.60555,0.790569,3.60555,0.559017,0,0.25,0,1,2,1,4,1.59148,0
3,2,7,24,13474,15103.4,1477,13779,15962.5,22185.5,0.7195,0.946181,0.680777,0,5,-1,0,0,0,0,0,0,-1,2,0,1,4,1.59148,0
3,2,6,52,7495,11025.3,1126,8544,10961.8,11964.7,0.916179,1.00579,0.921488,2,1,0,1.41421,0.901388,1.41421,0.901388,0,0,-1,3,2,2,6,1.59148,1
3,0,0,1,1495,1562.89,491,1371,2190.8,1562.89,1.40176,0.713387,1,0,2,0,1.41421,0.901388,1.41421,0.901388,0,0,-1,3,2,0,2,1.59148,0
3,2,2,81,8069,13568.2,1249,9441,15285.6,19908.1,0.76781,0.887644,0.681542,1,5,0,1.41421,0.75,2.23607,0.901388,1,0.5,0,3,2,2,5,1.59148,0
3,0,0,2,3196,3331.78,624,2782,5216.59,3263.89,1.59827,0.63869,1.0208,0,1,0,2.82843,0.25,2.82843,0.25,0,0,-1,3,2,2,3,1.59148,0
3,2,2,345,20599,44021.5,1354,10938,59139.7,56071.5,1.05472,0.744365,0.785095,1,21,0,4.12311,0.790569,5.09902,1.06066,2,0.5,0,3,2,2,3,1.59148,1
3,2,1,228,14689,30168.2,1415,13019,38126.5,40293.7,0.946215,0.791265,0.748707,2,2,0,1.41421,0.353553,0,0.901388,1,0.901388,1,3,2,2,3,1.59148,1
3,2,4,62,6816,11025.3,1102,7502,12189.6,11626.6,1.04843,0.904479,0.948278,1,1,0,1.41421,0.790569,3,0.353553,2.23607,0,0,1,2,1,3,1.59148,0
3,2,0,119,13412,21491.1,1448,12816,21491.1,26648.8,0.806455,1,0.806455,2,11,0,1.41421,0.559017,1.41421,0.901388,0,0.5,0,3,2,1,4,1.59148,0
3,2,0,197,12505,25879.6,1369,12035,25879.6,29218.5,0.885724,1,0.885724,2,2,0,1.41421,0.353553,1,0.25,0,0.25,0,3,2,2,3,1.59148,1
3,1,2,30,3123,5159.74,690,3154,6371.39,7856.8,0.81094,0.809829,0.656722,0,5,0,2.23607,0.5,3.16228,0.75,0,0.559017,1,3,1,2,3,1.59148,1
3,2,0,199,11895,25405.3,1327,10261,25337.5,28356.5,0.893533,1.00268,0.895927,2,2,1,4.12311,0,4.12311,0.559017,0,0.559017,0,3,0,2,5,1.59148,0
3,0,0,3,1810,2013.67,497,1693,2642.69,1945.78,1.35817,0.761977,1.03489,0,11,0,0,0,0,0,0,0,-1,3,0,1,4,1.59148,0
3,2,6,116,8725,16600.4,975,6787,22968,20238.9,1.13485,0.722761,0.820222,2,2,0,0,0,0,0,0,0,-1,3,0,2,3,2.18982,0
3,0,0,5,931,1270.46,413,1059,2079.69,1202.56,1.72938,0.610886,1.05646,0,1,0,5.09902,0.75,5.09902,0.75,0,0,-1,3,2,0,0,2.18982,0
3,2,2,24,4975,6604.39,752,3836,11013.8,13287.7,0.828875,0.599646,0.497032,0,1,1,0,0,0,0,0,0,0,1,0,1,1,2.18982,0
3,0,0,3,1734,1937.67,469,1357,2684.48,1937.67,1.38541,0.721807,1,0,2,0,5.09902,0.75,5.09902,0.75,0,0,-1,3,2,0,0,2.18982,0
3,2,6,63,3948,8225.15,773,4979,10361.3,11265.6,0.919732,0.793834,0.730115,0,1,1,0,0,0,0,0,0,-1,1,0,1,1,2.18982,0
3,0,0,3,1151,1354.67,373,823,2299.37,1354.67,1.69736,0.58915,1,0,2,0,5.09902,0.75,5.09902,0.75,0,0,-1,3,2,0,0,2.18982,0
3,2,6,45,3130,6185.1,728,3604,7621.23,6438,1.18379,0.811562,0.960719,0,5,1,0,0,0,0,0,0,-1,1,0,1,1,2.18982,0
3,0,0,3,1700,1903.67,420,1200,2384.93,1903.67,1.25281,0.798208,1,0,3,0,5.09902,0.75,5.09902,0.75,0,0,-1,3,2,1,1,2.18982,0
3,2,0,67,5196,9744.71,1066,7454,10084.2,9676.82,1.0421,0.966338,1.00702,1,2,-1,0,0,0,0,0,0,-1,2,0,1,3,1.86348,1
3,0,0,2,2484,2619.78,585,2197,3298.69,2551.89,1.29265,0.794188,1.0266,0,4,-1,0,0,0,0,0,0,-1,2,0,0,2,1.86348,0
3,2,2,37,4589,7100.97,1036,6572,9496.97,8352.06,1.13708,0.747709,0.850206,1,6,0,6.08276,0,6.08276,0,0,0,-1,3,0,1,3,1.86348,1
3,0,0,2,4972,5107.78,720,3446,5854.59,5039.89,1.16165,0.872441,1.01347,0,1,-1,0,0,0,0,0,0,-1,2,0,0,2,1.86348,0
3,1,0,26,2658,4423.17,570,2070,4355.28,5482.67,0.794372,1.01559,0.806754,0,1,0,7,0,7.28011,0.75,2,0.75,1,3,0,1,1,1.86348,0
3,1,1,36,10697,13141.1,1199,9755,14248.4,17756.4,0.802435,0.922286,0.740074,0,3,0,6.08276,0.559017,6.08276,0.5,1.41421,0.559017,0,3,2,2,2,1.86348,1
3,1,0,18,2570,3792.04,568,2052,3792.04,4024.78,0.942173,1,0.942173,0,2,-1,0,0,0,0,0,0,-1,2,0,1,1,1.86348,0
3,2,1,51,9947,13409.5,1196,9490,14866.6,19554.9,0.760252,0.901984,0.685735,0,6,0,7.07107,0.790569,8.06226,0.559017,1,0.559017,1,3,2,1,3,1.86348,0
3,2,1,30,7946,9982.74,1062,6966,13363.3,12657.1,1.0558,0.747026,0.788708,0,3,0,6.08276,0.790569,6.08276,0.790569,0,0,-1,3,2,1,4,1.86348,1
3,0,0,2,2248,2383.78,499,1809,3062.69,2315.89,1.32247,0.778329,1.02932,0,1,-1,0,0,0,0,0,0,-1,2,0,0,2,1.86348,0
3,2,2,138,6688,16057,957,6121,16979.1,18656.5,0.910089,0.945692,0.860663,1,4,0,8.06226,0.5,8.06226,0.75,1,0.901388,1,1,1,1,4,1.86348,1
3,0,0,2,1623,1758.78,421,1203,2437.69,1690.89,1.44166,0.721494,1.04015,0,2,-1,0,0,0,0,0,0,-1,2,0,0,2,1.86348,0
3,1,1,43,8499,11418.3,1301,13087,13136.6,15048.7,0.87294,0.8692,0.75876,0,1,0,1,0,0,0.901388,1,0.559017,1,3,0,2,2,1.70197,0
3,2,5,50,9307,12701.6,1317,10377,12835.3,12771.6,1.00499,0.989577,0.994512,1,2,0,1,0.25,1,0.25,0,0,-1,3,2,2,2,1.70197,0
3,1,2,14,3278,4228.48,653,2921,5032.59,6001.67,0.83853,0.84022,0.70455,0,2,0,1,0,1,0,0,0,-1,3,0,2,2,1.70197,0
3,2,0,71,6601,11421.3,1171,8903,13014.2,11353.4,1.14628,0.877602,1.00598,2,12,0,0,0.75,0,0.75,0,0,-1,3,2,2,2,1.70197,0
3,2,2,182,18694,31050.2,1307,11153,32163.8,40467.4,0.794807,0.965377,0.767288,0,2,0,1.41421,0.790569,2,0.25,0,0.559017,1,3,2,1,1,1.70197,0
3,0,0,3,2439,2642.67,555,2063,3276.48,2574.78,1.27253,0.80656,1.02637,0,2,0,0,0,0,0,0,0,-1,3,0,0,0,1.70197,0
3,2,5,311,20635,41749.2,1414,12680,44630.4,50758.5,0.879269,0.935443,0.822506,2,1,1,4.47214,0.790569,5.83095,0.559017,1,0.75,1,3,2,2,2,1.70197,1
3,1,0,22,4765,6258.61,686,4358,6190.72,8098.91,0.764389,1.01097,0.772772,0,4,0,1,0.901388,2.23607,0.5,1,0.901388,1,3,2,2,3,1.70197,1
3,1,1,19,3663,4952.93,652,3100,5338.59,5031.67,1.061,0.927761,0.984351,0,4,0,0,0.75,0,0.75,0,0,-1,3,2,2,2,1.70197,0
3,2,7,129,10745,19503,1356,11288,30470,29284.9,1.04047,0.640072,0.665973,1,3,0,0,0.5,0,0.25,1,0.25,1,3,1,1,1,1.70197,0
3,1,1,12,2214,3028.69,508,1902,3567.04,3337.56,1.06876,0.849077,0.907456,0,3,0,1,0.790569,1,0.790569,0,0,-1,1,2,2,2,1.70197,1
3,1,0,21,4855,6280.72,774,3928,6212.82,7719.78,0.804793,1.01093,0.813587,0,2,0,1,0.353553,1,0.707107,1,0.353553,0,3,2,1,2,1.70197,0
3,2,1,283,16906,36119.2,1468,13616,42668.5,51870.8,0.822593,0.846507,0.696331,1,2,0,3.16228,0,3.16228,0.25,0,0.25,0,3,0,2,4,1.70197,1
3,1,1,31,6430,8534.63,799,8317,11060.9,10899.3,1.01483,0.7716,0.783044,0,5,0,1.41421,1.06066,1.41421,0.901388,0,0.25,0,3,2,1,5,1.70197,0
3,1,1,27,5364,7197.06,912,5128,9546.89,16428.1,0.581133,0.753865,0.438096,0,3,0,1,0.707107,1,0.707107,0,0,-1,3,1,2,4,1.70197,0
3,1,1,12,2431,3245.69,573,2825,4026.59,3582.56,1.12394,0.806066,0.905969,0,13,0,1.41421,0.75,1.41421,0.75,0,0,-1,3,2,2,3,1.70197,0
4,0,0,1,3320,3493.63,624,2594,4975.34,3320,1.4986,0.70219,1.0523,0,11,0,0,0,0,0,0,0,-1,3,0,0,0,1.9375,0
4,0,0,4,4902,5596.54,738,4372,8266.04,5422.9,1.52428,0.677051,1.03202,0,5,0,1,0.75,1,0.75,0,0,-1,3,2,0,0,1.9375,0
4,0,0,0,2997,2997,637,2377,5173.24,2997,1.72614,0.579327,1,0,5,0,0,0,0,0,0,0,-1,3,0,1,1,1.9375,0
4,0,0,4,6001,6695.54,806,4644,9104.41,6695.54,1.35977,0.735417,1,0,2,0,1,0.75,1,0.75,0,0,-1,3,2,1,1,1.9375,0
4,2,7,62,7462,18227.3,1016,7246,18674.6,24039.7,0.776821,0.976049,0.758216,1,2,0,0,0.25,0,0.5,0,0.25,0,1,2,2,2,1.55393,1
4,0,0,2,5953,6300.27,711,3647,8073.41,6126.63,1.31776,0.780373,1.02834,0,3,0,2,0,2,0,0,0,-1,3,0,0,1,1.55393,0
4,1,2,14,7703,10133.9,865,6401,14282.3,11321.9,1.26147,0.709542,0.895068,0,3,0,1,0.25,1,0.25,0,0,-1,3,2,2,4,1.55393,0
4,0,0,1,5554,5727.63,665,3181,8319.14,5727.63,1.45246,0.688488,1,0,1,0,2,0,2,0,0,0,-1,3,0,0,1,1.55393,0
4,0,0,2,1780,2127.27,478,1452,3516.34,1953.63,1.7999,0.604967,1.08888,0,15,0,0,0,0,0,0,0,-1,3,0,0,0,0.839286,0
4,0,0,1,1486,1659.63,441,1277,3223.34,1486,2.16914,0.51488,1.11685,0,15,0,0,0,0,0,0,0,-1,3,0,0,0,0.839286,0
4,0,0,1,1843,2016.63,463,1341,3910.61,1843,2.12187,0.515683,1.09421,0,15,0,0,0,0,0,0,0,-1,3,0,0,0,0.839286,0
4,1,2,12,12085,14168.6,978,8298,14294.9,17691.9,0.807994,0.991162,0.800853,0,3,0,1.41421,0.5,1.41421,0.5,0,0,-1,3,1,2,2,0.839286,1
4,0,0,4,5174,5868.54,794,4278,6585.97,5694.9,1.15647,0.891066,1.03049,0,9,0,1,0.790569,1,0.790569,0,0,-1,3,2,1,1,1.29126,0
4,0,0,1,9036,9209.63,1017,6839,11640.5,9209.63,1.26395,0.791171,1,0,2,0,1,0.790569,1,0.790569,0,0,-1,3,2,1,1,1.29126,0
4,1,6,13,12612,14869.2,1407,23557,24240.1,22128.3,1.09544,0.613414,0.671957,0,6,0,1.41421,0.75,1.41421,0.75,0,0,-1,3,2,1,2,1.29126,0
4,0,0,1,13078,13251.6,1206,9734,15404.8,13251.6,1.16249,0.860225,1,0,2,0,1,0.790569,1,0.790569,0,0,-1,3,2,0,0,1.29126,0
4,1,2,5,28646,29514.2,2412,47008,62713.7,63003.4,0.995401,0.470618,0.468454,0,7,0,1.41421,0.75,1.41421,0.75,0,0,-1,3,2,2,3,1.29126,1
4,1,1,26,17374,21888.5,2555,56999,32679.6,43105.7,0.758126,0.669791,0.507786,0,7,0,1,0.790569,1,0.790569,0,0,-1,3,2,2,3,1.29126,0
4,0,0,6,6660,7701.8,867,5969,10637,7528.17,1.41297,0.724055,1.02306,0,1,0,1,0.559017,1,0.559017,0,0,-1,3,2,0,2,1.29126,0
4,1,4,12,17413,19496.6,1633,18453,25545.6,26168.1,0.97621,0.763208,0.745051,0,2,0,1,0.790569,1,0.790569,0,0,-1,3,2,0,1,1.29126,1
4,1,0,24,7315,11482.2,850,4796,11308.6,14764.3,0.765942,1.01535,0.777703,0,1,0,3,0.5,4,0.75,0,0.901388,0,3,1,1,1,1.42091,1
4,0,0,3,2265,2785.9,497,1793,4679.87,2612.27,1.7915,0.595294,1.06647,0,1,0,0,0,0,0,0,0,-1,3,0,0,1,1.42091,0
4,1,1,17,7547,10498.8,1005,14449,13879,14965,0.927434,0.756448,0.701556,0,4,0,4.12311,0.25,4.12311,0.25,0,0,-1,3,2,2,4,1.42091,1
4,0,0,3,1689,2209.9,442,1264,4236.51,2209.9,1.91706,0.521633,1,0,2,0,0,0,0,0,0,0,-1,3,0,0,2,1.42091,0
4,0,0,3,8381,8901.9,1015,7245,10956.6,8901.9,1.23082,0.812469,1,0,16,0,1,0.559017,1,0.559017,0,0,-1,3,2,1,1,1.44737,0
4,0,0,2,10390,10737.3,1297,9935,13097,10563.6,1.23982,0.819824,1.01644,0,16,0,1,0.559017,1,0.559017,0,0,-1,3,2,1,3,1.44737,0
4,0,0,5,4529,5397.17,705,4079,8814.02,5223.54,1.68737,0.612339,1.03324,0,1,0,0,0,0,0,0,0,-1,3,0,1,1,1.44737,0
4,0,0,2,8657,9004.27,1125,8917,11921,9004.27,1.32393,0.755325,1,0,1,0,1,0.559017,1,0.559017,0,0,-1,3,2,1,1,1.44737,0
4,1,5,12,23674,25757.6,1786,20646,27821.6,25991.3,1.07042,0.925814,0.99101,0,19,0,1,0.790569,1,0.790569,0,0,-1,3,2,0,1,1.44737,0
4,0,0,2,2512,2859.27,546,2142,5329.78,2859.27,1.86404,0.53647,1,0,2,0,1,0.790569,1,0.790569,0,0,-1,3,2,0,0,1.44737,0
4,1,2,41,26637,33756,1915,27189,35904.1,53157.4,0.67543,0.940171,0.635019,0,5,0,1.41421,0.353553,2.23607,0.25,0,0.75,0,3,2,2,2,1.44737,0
4,0,0,4,4478,5172.54,697,3443,9318.31,4998.9,1.86407,0.555094,1.03473,0,3,0,1,1.06066,1,1.06066,0,0,-1,3,2,2,2,1.44737,0
4,0,0,3,4110,4630.9,546,2064,6865.51,4457.27,1.5403,0.674517,1.03896,0,6,0,0,0,0,0,0,0,-1,3,0,1,1,1.44737,0
4,1,7,10,11623,13359.3,1343,13613,18624.3,15966.3,1.16648,0.717306,0.836723,0,2,0,1,0.559017,1,0.559017,0,0,-1,3,2,0,0,1.44737,0
4,0,0,2,2560,2907.27,534,2298,4351.97,2907.27,1.49693,0.668034,1,0,2,0,0,0,0,0,0,0,-1,3,0,2,2,1.44737,0
4,0,0,3,5303,5823.9,797,4559,8009.97,5823.9,1.37536,0.727081,1,0,2,0,0,0,0,0,0,0,-1,3,0,1,1,1.44737,0
4,1,6,18,32142,35267.4,2109,34535,45389.6,39629.5,1.14535,0.776992,0.889929,0,4,-1,0,0,0,0,0,0,-1,2,0,2,2,1.44737,1
4,0,0,4,7873,8567.54,749,6265,11682.2,8393.9,1.39175,0.733381,1.02069,0,2,0,1.41421,0.5,1.41421,0.5,0,0,-1,3,1,1,2,1.44737,0
4,0,0,4,4555,5249.54,710,3798,10413.4,5249.54,1.98368,0.504113,1,0,2,0,0,0.790569,0,0.790569,0,0,-1,3,2,1,3,1.44737,0
4,0,0,3,3691,4211.9,592,3314,6017.87,4038.27,1.49021,0.699899,1.043,0,2,0,0,0.790569,0,0.790569,0,0,-1,3,2,1,2,1.44737,0
4,1,5,34,7546,13449.6,1043,12469,14723.5,19303.6,0.762731,0.913476,0.696737,0,2,0,1,0.5,3,0,1,0.5,0,3,1,2,2,1.45986,1
4,0,0,3,6162,6682.9,749,4145,9089.78,6509.27,1.39644,0.735211,1.02667,0,3,0,1,0.75,1,0.75,0,0,-1,3,2,1,2,1.45986,0
4,0,0,4,4481,5175.54,561,2267,6630.78,5001.9,1.32565,0.780532,1.03471,0,16,0,1,0.75,1,0.75,0,0,-1,3,2,2,4,1.45986,0
4,0,0,1,6885,7058.63,813,4555,9285.78,7058.63,1.31552,0.760155,1,0,16,0,1,0.75,1,0.75,0,0,-1,3,2,0,1,1.45986,0
4,0,0,2,3765,4112.27,744,3514,5647.97,3938.63,1.43399,0.728096,1.04408,0,3,0,0,0,0,0,0,0,-1,3,0,0,0,1.45986,0
4,1,7,12,8042,10125.6,1049,7573,13922.8,13050,1.06688,0.727269,0.775909,0,3,0,0,0,0,0,0,0,-1,3,0,1,1,1.45986,0
4,0,0,1,4099,4272.63,725,3293,6015.97,4272.63,1.40802,0.710215,1,0,2,0,0,0,0,0,0,0,-1,3,0,0,0,1.45986,0
4,0,0,1,4762,4935.63,738,3474,6825.71,4935.63,1.38294,0.723095,1,0,2,0,0,0,0,0,0,0,-1,3,0,2,2,1.45986,0
4,0,0,5,3188,4056.17,522,2004,7294.12,4056.17,1.79828,0.556088,1,0,2,0,1,0.5,1,0.5,0,0,-1,3,1,1,1,1.45986,0
4,0,0,2,1294,1641.27,354,890,3244.97,1467.63,2.21102,0.505788,1.11831,0,2,0,1,0.5,1,0.5,0,0,-1,3,1,0,0,1.45986,0
4,1,6,9,8638,10200.7,921,6723,11961.3,12638.9,0.946389,0.852808,0.807088,0,3,0,0,0,0,0,0,0,-1,3,0,0,0,1.45986,0
4,0,0,1,2339,2512.63,554,1922,4987.78,2339,2.13244,0.503758,1.07423,0,1,0,1,0.5,1,0.5,0,0,-1,3,1,0,0,1.45986,0
4,0,0,4,3177,3871.54,548,1960,6593.04,3871.54,1.70295,0.587215,1,0,30,0,1,0.75,1,0.75,0,0,-1,3,2,2,2,1.26026,0
4,0,0,1,12634,12807.6,1104,10522,16747,12807.6,1.30758,0.76477,1,0,30,0,1,0.75,1,0.75,0,0,-1,3,2,2,2,1.26026,0
4,0,0,5,5920,6788.17,796,4494,8852.14,6788.17,1.30405,0.766839,1,0,3,0,2,0.5,2,0.5,0,0,-1,3,1,1,1,1.26026,0
4,0,0,4,10353,11047.5,1131,8357,14416.7,11047.5,1.30497,0.766302,1,0,8,0,2,0,2,0,0,0,-1,3,0,1,1,1.26026,0
4,0,0,2,1818,2165.27,474,1464,3894.61,1991.63,1.95548,0.555966,1.08718,0,8,0,0,0,0,0,0,0,-1,3,0,0,0,0.852941,0
4,0,0,1,1539,1712.63,456,1320,3289.34,1539,2.13732,0.520662,1.11282,0,8,0,0,0,0,0,0,0,-1,3,0,0,0,0.852941,0
4,0,0,1,1700,1873.63,463,1409,3284.71,1700,1.93218,0.570412,1.10214,0,8,0,0,0,0,0,0,0,-1,3,0,0,0,0.852941,0
4,1,0,25,5259,9599.85,921,6969,9599.85,9657.9,0.993989,1,0.993989,0,1,0,2.23607,0.707107,2,0.559017,0,0.75,1,3,1,2,2,0.852941,1
4,0,0,6,7911,8952.8,932,7230,11307.4,8779.17,1.28798,0.791764,1.01978,0,1,0,1,0.707107,1,0.707107,0,0,-1,3,1,2,2,1.32697,1
4,0,0,1,1450,1623.63,484,1322,3327.97,1623.63,2.04971,0.487875,1,0,1,0,1,0.790569,1,0.790569,0,0,-1,3,2,0,1,1.32697,0
4,1,2,14,9060,11490.9,972,7914,13277.2,14391.2,0.922595,0.865458,0.798467,0,3,0,1,0.790569,1,0.790569,0,0,-1,3,2,1,3,1.32697,1
4,0,0,2,1952,2299.27,507,1749,4193.51,2125.63,1.97283,0.548292,1.08169,0,3,0,1.41421,0.559017,1.41421,0.559017,0,0,-1,3,2,1,3,1.32697,0
4,2,2,82,35787,50025,2182,30216,76034.6,79219.8,0.959793,0.657924,0.631471,1,5,0,2.23607,0.25,2.23607,0.25,0,0,-1,3,2,2,3,1.32697,0
4,1,1,21,20170,23816.3,1690,19972,30231.8,34491.8,0.876492,0.787791,0.690492,0,2,0,1,0.707107,1,0.707107,0,0,-1,3,1,2,2,1.32697,0
4,0,0,6,12623,13664.8,1030,10756,16162.5,13664.8,1.18278,0.845464,1,0,3,0,1,0.559017,1,0.559017,0,0,-1,3,2,1,1,1.32697,1
4,0,0,1,18561,18734.6,1523,17091,19666,18561,1.05954,0.952639,1.00935,0,1,0,0,0.25,0,0.25,0,0,-1,3,2,1,2,1.32697,1
4,1,1,28,16243,21104.7,1431,18337,23998,25964.9,0.924249,0.879436,0.812818,0,4,0,1,0.790569,1,0,0,0.353553,0,3,2,2,4,1.32697,1
4,0,0,3,3085,3605.9,603,2403,6000.41,3432.27,1.74823,0.600943,1.05059,0,5,0,1.41421,0.559017,1.41421,0.559017,0,0,-1,3,2,2,4,1.32697,0
4,2,2,108,18996,37748.5,1850,25702,41288.1,43404.9,0.951231,0.914269,0.869682,0,1,1,1.41421,0.75,2.82843,0.25,1,0.353553,0,3,2,1,4,1.32697,0
4,0,0,1,1827,2000.63,498,1680,3731.97,2000.63,1.8654,0.536079,1,0,2,0,1,0.559017,1,0.559017,0,0,-1,3,2,1,2,1.32697,0
4,0,0,5,8741,9609.17,997,7319,12741.1,9435.54,1.35033,0.754187,1.0184,0,27,0,3,0.5,3,0.5,0,0,-1,3,1,1,1,1.40727,0
4,0,0,4,6175,6869.54,850,4890,9994.95,6695.9,1.4927,0.687301,1.02593,0,3,0,2,0.5,2,0.5,0,0,-1,3,1,1,1,1.40727,0
4,1,1,12,6709,8792.61,887,6229,11612.8,12299.5,0.944167,0.757147,0.714873,0,7,0,3,0.5,3,0.5,0,0,-1,3,1,1,1,1.40727,1
4,0,0,4,5508,6202.54,729,3395,8650.04,6028.9,1.43476,0.717052,1.0288,0,4,0,3,0.5,3,0.5,0,0,-1,3,1,1,2,1.40727,0
4,0,0,3,4125,4645.9,608,2874,8452.12,4472.27,1.88989,0.549673,1.03882,0,1,0,3.16228,0.707107,3.16228,0.707107,0,0,-1,3,1,1,3,1.40727,0
4,0,0,2,9561,9908.27,943,5717,12361,9734.63,1.2698,0.801572,1.01784,0,4,0,3.16228,0.707107,3.16228,0.707107,0,0,-1,3,1,2,3,1.40727,1
4,0,0,2,2465,2812.27,524,1874,4496.24,2812.27,1.5988,0.625471,1,0,3,0,3.16228,0.707107,3.16228,0.707107,0,0,-1,3,1,1,1,1.40727,0
4,2,1,58,16769,26839.8,1937,25381,29138.3,27803.3,1.04802,0.921115,0.965345,1,8,0,4.12311,0.5,4.12311,0.5,0,0,-1,3,1,1,3,1.40727,1
4,0,0,3,6255,6775.9,753,5169,11192.2,6602.27,1.69521,0.605411,1.0263,0,1,0,4.12311,0.5,4.12311,0.5,0,0,-1,3,1,2,3,1.40727,1
4,0,0,2,2256,2603.27,503,1801,4165.97,2429.63,1.71465,0.624888,1.07147,0,1,0,0,0,0,0,0,0,-1,3,0,0,1,1.40727,0
4,2,0,67,6482,18115.5,1460,12894,22941.2,17768.2,1.29114,0.789646,1.01954,1,1,0,4.12311,0.5,4.12311,0.5,0,0,-1,3,1,1,5,1.40727,1
4,0,0,3,1616,2136.9,424,1178,3525.97,1963.27,1.79597,0.606046,1.08844,0,1,0,0,0,0,0,0,0,-1,3,0,0,2,1.40727,0
4,0,0,3,9590,10110.9,1049,7337,11217.7,9937.27,1.12885,0.901336,1.01747,0,6,0,0,0.25,0,0.25,0,0,-1,3,2,1,3,1.53424,1
4,0,0,3,9570,10090.9,1150,8768,12348.1,9743.63,1.2673,0.8172,1.03564,0,6,0,0,0.75,0,0.75,0,0,-1,3,2,1,5,1.53424,0
4,0,0,3,3391,3911.9,560,2584,5779.24,3738.27,1.54597,0.676889,1.04645,0,2,0,0,0.75,0,0.75,0,0,-1,3,2,1,3,1.53424,0
4,0,0,2,9574,9921.27,1110,8838,12638.4,9921.27,1.27387,0.785009,1,0,2,0,0,0.75,0,0.75,0,0,-1,3,2,1,2,1.53424,0
4,0,0,2,28167,28514.3,1882,24328,45263.1,28514.3,1.58738,0.629967,1,0,3,0,0,0.75,0,0.75,0,0,-1,3,2,1,2,1.53424,0
4,0,0,2,2409,2756.27,550,2100,4598.24,2582.63,1.78045,0.599418,1.06723,0,3,0,0,0.75,0,0.75,0,0,-1,3,2,0,0,1.53424,0
4,1,2,34,32747,38650.6,2195,32949,45975.7,72183.5,0.636929,0.840673,0.535449,0,5,0,1.41421,0.559017,1.41421,0.790569,1,0.25,1,3,2,2,2,1.53424,1
4,0,0,2,3048,3395.27,581,2225,4756.24,3221.63,1.47634,0.713855,1.0539,0,2,0,1.41421,1.06066,1.41421,1.06066,0,0,-1,3,2,2,3,1.53424,0
4,0,0,2,3378,3725.27,563,2095,5982.51,3725.27,1.60593,0.622693,1,0,10,0,0,0.75,0,0.75,0,0,-1,3,2,1,1,1.53424,0
4,1,7,13,17338,19595.2,1589,17291,28395.9,29813.2,0.952463,0.690072,0.657268,0,6,0,0,0.75,0,0.75,0,0,-1,3,2,1,1,1.53424,1
4,0,0,2,2140,2487.27,474,1688,4300.97,2313.63,1.85897,0.578304,1.07505,0,2,0,0,0,0,0,0,0,-1,3,0,2,2,1.53424,0
4,0,0,2,4143,4490.27,700,3070,6160.61,4316.63,1.42718,0.728868,1.04022,0,2,0,0,0,0,0,0,0,-1,3,0,0,2,1.53424,0
4,1,1,28,28819,33680.7,1969,28523,38262.3,59299.6,0.645237,0.880259,0.567976,0,3,0,1.41421,0.901388,1.41421,0.790569,0,0.25,1,3,2,2,5,1.53424,1
4,0,0,3,4078,4598.9,489,2145,6190.14,4425.27,1.39882,0.74294,1.03924,0,2,0,1.41421,1.06066,1.41421,1.06066,0,0,-1,3,2,0,2,1.53424,0
4,0,0,5,5846,6714.17,850,4762,11147.3,6540.54,1.70434,0.602314,1.02655,0,2,0,0,0.790569,0,0.790569,0,0,-1,3,2,1,4,1.53424,0
4,0,0,2,2858,3205.27,504,2148,4945.97,3031.63,1.63145,0.648056,1.05727,0,2,0,0,0.790569,0,0.790569,0,0,-1,3,2,1,2,1.53424,0
1,0,0,1,1910,1927.82,524,1762,2070.38,1927.82,1.07395,0.931142,1,0,3,0,0,0,0,0,0,0,-1,3,0,0,0,2.14286,0
1,0,0,1,2007,2024.82,538,1876,2167.38,2024.82,1.07041,0.934224,1,0,3,0,0,0,0,0,0,0,-1,3,0,0,0,2.14286,0
1,0,0,1,2618,2635.82,576,2446,2691.48,2635.82,1.02112,0.979318,1,0,2,0,0,0,0,0,0,0,-1,3,0,0,0,2.14286,0
1,2,1,132,4457,6809.28,820,4366,7649.1,9099.15,0.840638,0.890208,0.748343,1,3,0,1,0.353553,1,0.707107,1,0.353553,0,1,2,1,1,2.14286,1
1,0,0,1,3331,3348.82,622,2488,3491.38,3348.82,1.04257,0.959167,1,0,16,0,0,0,0,0,0,0,-1,3,0,0,0,2.14286,0
1,0,0,1,3006,3023.82,631,2361,3166.38,3023.82,1.04715,0.954976,1,0,16,0,0,0,0,0,0,0,-1,3,0,0,0,2.14286,0
1,2,5,44,2482,3266.09,718,3276,3693.53,3889.96,0.949503,0.884274,0.839621,1,1,1,0,0,0,0,0,0,0,1,0,1,1,2.14286,1
1,0,0,6,2583,2689.92,579,2165,2832.48,2672.1,1.06002,0.949669,1.00667,0,11,0,1,0.25,1,0.25,0,0,-1,3,2,0,1,2.14286,0
1,0,0,2,3638,3673.64,682,3088,3816.2,3655.82,1.04387,0.962643,1.00487,0,1,0,0,0,0,0,0,0,-1,3,0,0,0,2.14286,0
1,2,4,147,3763,6382.59,760,3948,6423.31,7347.56,0.87421,0.993661,0.868668,2,2,0,8.06226,0.559017,9.05539,0.25,0,0.5,1,1,2,1,3,2.14286,0
1,2,1,145,3426,6009.95,756,3664,7123.32,7621.27,0.934664,0.8437,0.788576,1,7,0,0,0,0,0,0,0,-1,3,0,0,0,2.14286,1
1,2,1,235,5159,9346.78,663,3577,10065.6,13684.7,0.73554,0.928582,0.683009,2,1,0,9.05539,0.25,10.198,0.25,1.41421,0,1,1,2,1,2,2.14286,1
1,0,0,2,1570,1605.64,475,1463,1730.38,1587.82,1.08979,0.927911,1.01122,0,12,0,0,0,0,0,0,0,-1,3,0,0,0,2.34562,0
1,0,0,1,2144,2161.82,559,2051,2304.38,2161.82,1.06595,0.938134,1,0,12,0,0,0,0,0,0,0,-1,3,0,0,0,2.34562,0
1,2,1,125,3653,5880.54,795,4019,7321.02,7764.22,0.942917,0.803241,0.75739,1,3,0,0,0,0,0,0,0,-1,3,0,1,2,2.34562,1
1,2,4,25,2310,2755.51,634,2796,3911.32,3626.2,1.07863,0.704496,0.759889,0,11,0,0,0,0,0,0,0,-1,3,0,1,2,2.34562,0
1,2,5,169,4335,7346.63,823,4281,7697.2,7742.58,0.994139,0.954456,0.948861,2,2,0,8.06226,0.25,8.06226,0.25,0,0,-1,1,2,0,3,2.34562,1
1,2,6,195,4435,7909.96,854,4270,8609.42,8745.52,0.984438,0.918757,0.904459,2,13,0,7.07107,0.901388,6.08276,0.75,1.41421,0.790569,0,1,2,1,3,2.34562,1
1,2,1,414,7307,14684.6,923,5531,18423.5,18206.8,1.0119,0.797058,0.806545,2,4,0,8.06226,0.707107,8.06226,0.901388,0,0.25,1,1,1,1,4,2.34562,1
1,2,4,37,2529,3188.35,615,2593,4671.45,4368.65,1.06931,0.682519,0.729826,0,1,0,39,0.559017,39,0.559017,0,0,-1,3,2,1,5,2.34562,0
1,2,0,10,1970,2148.2,584,2040,2241.3,2130.38,1.05207,0.958461,1.00836,0,2,0,0,0,0,0,0,0,-1,1,0,1,2,2.34562,0
1,1,2,20,2181,2537.41,623,2579,2903.89,2813.46,1.03214,0.873795,0.901881,0,3,0,1,0.25,1.41421,0.353553,1,0.25,1,1,2,0,0,2.34562,0
1,0,0,6,1777,1883.92,503,1689,1923.56,1866.1,1.03079,0.979392,1.00955,0,1,0,0,0,0,0,0,0,-1,1,0,0,1,2.34562,0
1,0,0,1,1433,1450.82,438,1284,1593.38,1450.82,1.09826,0.910528,1,0,1,0,0,0,0,0,0,0,-1,1,0,0,0,2.34562,0
1,1,1,15,2722,2989.3,533,1893,3029.02,3229.71,0.937862,0.986887,0.925564,0,1,0,1,0.25,1,0.5,1,0.25,0,1,2,0,0,1.11538,0
1,0,0,2,2733,2768.64,524,1936,2875.56,2768.64,1.03862,0.962817,1,0,1,0,0,0,0,0,0,0,-1,1,0,0,0,1.11538,0
1,0,0,2,2433,2468.64,539,1927,2611.2,2468.64,1.05775,0.945403,1,0,1,0,0,0,0,0,0,0,-1,1,0,0,0,1.11538,0
1,0,0,1,2045,2062.82,472,1490,2223.2,2062.82,1.07775,0.92786,1,0,1,0,0,0,0,0,0,0,-1,1,0,0,0,1.11538,0
1,2,1,132,4180,6532.28,929,5427,8313.17,11151.2,0.745494,0.785776,0.585791,1,1,0,0,0,0,0,0,0,-1,1,0,1,1,1.11538,0
1,2,1,95,3080,4772.93,835,4505,5988.2,6246.15,0.958703,0.797055,0.76414,1,51,0,0,0,0,0,0,0,-1,1,0,1,1,1.11538,1
1,2,5,452,5997,14051.8,1052,6656,15886.1,17516.4,0.906926,0.884536,0.802209,2,1,0,8.24621,0.707107,10.0499,0.75,2,0.559017,1,1,1,1,1,1.11538,1
1,2,1,461,5821,14036.2,909,5003,15075.6,14523,1.03805,0.931051,0.96648,2,2,0,8.06226,0.901388,9.05539,0.707107,0,0.75,0,1,2,1,4,1.11538,1
1,1,7,33,6732,7320.07,943,5751,8357.02,8250.1,1.01296,0.875918,0.88727,0,3,1,0,0.790569,1,0,1,0.353553,0,3,2,1,3,2.28121,1
1,2,2,183,5723,8984.12,907,5115,9864,9757.08,1.01096,0.910799,0.920779,2,15,1,0,0.901388,1,0.5,0,0.25,0,3,2,1,3,2.28121,1
1,0,0,3,3196,3249.46,653,2951,3374.2,3231.64,1.04411,0.963031,1.00551,0,2,0,0,0.353553,0,0.353553,0,0,-1,1,2,0,2,2.28121,0
1,2,2,207,5938,9626.81,914,5310,12657.5,12586.2,1.00566,0.76056,0.764868,1,3,0,0,0.353553,0,0.353553,0,0,-1,1,2,1,4,2.28121,0
1,2,6,363,5867,12335.8,826,4296,13417.3,14458,0.92802,0.919391,0.853212,2,8,0,12.083,0.790569,14.7648,0.790569,2.82843,0.707107,0,1,2,1,4,2.28121,1
1,2,1,70,2652,3899.42,628,2466,4223.75,4913.75,0.859578,0.923213,0.793574,0,3,0,15,0.790569,15,0.75,1,0.901388,1,1,2,1,5,2.28121,0
1,2,2,302,4336,9717.74,764,3740,9727.41,10452.9,0.930591,0.999006,0.929665,0,9,0,53.9351,0.790569,109.659,1.06066,56.0357,0.5,0,1,2,1,4,2.28121,1
1,3,0,184,3683,6961.94,2037,57913,8426.41,7631.73,1.10413,0.826205,0.912236,1,4,-1,0,0,0,0,0,0,-1,0,0,0,2,2.28121,1
1,1,0,19,4210,4548.59,811,4155,4548.59,5303.64,0.857635,1,0.857635,0,1,0,1,0.25,1.41421,0.790569,1,0.75,1,3,2,0,0,2.28121,0
1,2,2,228,5947,10010,816,4368,12331.5,11444.2,1.07753,0.811745,0.874684,2,3,0,0,0.353553,0,0.353553,0,0,-1,1,2,1,1,2.28121,1
1,2,0,39,3742,4436.99,928,5178,4772.69,4419.17,1.08,0.929663,1.00403,0,1,0,1,0.25,1,0.25,0,0,-1,3,2,0,0,2.28121,0
1,2,2,317,5407,11056,888,4756,14432.1,13042,1.10659,0.766071,0.847724,1,5,1,1,0.559017,1,0.901388,0,0.353553,1,1,2,1,3,2.28121,1
1,3,0,74,2132,3450.7,660,3052,4091.09,3514.68,1.164,0.843469,0.981797,0,8,-1,0,0,0,0,0,0,-1,0,0,0,3,2.28121,0
1,2,2,115,2833,4882.34,572,1974,5493.64,6255.23,0.878248,0.888725,0.780521,1,1,0,18.1108,0.25,19.6469,1.06066,4.12311,0.901388,0,1,2,0,3,2.28121,0
1,2,7,153,3162,5888.51,769,3845,5864.77,8276.18,0.708632,1.00405,0.711501,1,6,0,15,0.25,30,0.5,15,0.25,0,1,2,0,2,2.28121,0
1,2,2,236,4999,9204.6,731,3655,9619.95,10803.3,0.890468,0.956824,0.852021,2,2,0,20.0998,0.901388,20.2237,0.901388,1,0,0,3,2,0,0,2.28121,1
1,3,0,154,2625,5369.33,1952,33770,6330.14,6760.99,0.936275,0.848216,0.794164,0,12,-1,0,0,0,0,0,0,-1,0,0,1,4,1.88078,1
1,2,6,68,2637,3848.78,679,3107,5236.62,4587.75,1.14143,0.734975,0.838926,0,1,1,54.0833,0.559017,57.2451,0.5,7.81025,0.559017,1,1,2,1,3,1.88078,1
1,3,0,196,3263,6755.78,1806,31558,6732.91,7943.42,0.847609,1.0034,0.850488,0,9,-1,0,0,0,0,0,0,-1,0,0,1,4,1.88078,1
1,3,0,59,3093,4144.4,1016,7652,5134.34,7455.76,0.68864,0.807193,0.555865,0,1,-1,0,0,0,0,0,0,-1,0,0,1,5,1.88078,0
1,2,2,353,5024,11314.6,744,3730,11728.6,12077.5,0.971108,0.964702,0.936829,2,4,0,14.0357,0.25,13.3417,0.5,1.41421,0.901388,0,3,2,1,4,1.88078,1
1,3,0,76,2621,3975.34,971,6101,4702.95,7635.83,0.615906,0.845287,0.520617,0,14,-1,0,0,0,0,0,0,-1,0,0,1,3,1.88078,0
1,3,0,442,6616,14492.6,2978,53806,16007.6,15552.7,1.02925,0.905358,0.931838,1,1,-1,0,0,0,0,0,0,-1,0,0,1,4,1.88078,1
1,3,0,88,3567,5135.19,1304,10706,6096.23,14426.9,0.42256,0.842355,0.355946,0,16,-1,0,0,0,0,0,0,-1,0,0,1,3,1.88078,0
1,0,0,3,1795,1848.46,508,1680,2005.48,1830.64,1.09551,0.921703,1.00973,0,47,0,0,0,0,0,0,0,-1,1,0,0,0,1.88078,0
1,0,0,2,2112,2147.64,563,1939,2361.48,2129.82,1.10877,0.909445,1.00837,0,1,0,0,0,0,0,0,0,-1,1,0,0,0,1.88078,0
1,3,0,58,2485,3518.58,702,3528,3800.94,3820.22,0.994953,0.925713,0.921041,0,11,-1,0,0,0,0,0,0,-1,0,0,1,1,1.88078,1
1,0,0,2,2412,2447.64,612,2238,2667.59,2429.82,1.09785,0.917549,1.00733,0,1,0,0,0,0,0,0,0,-1,1,0,0,1,1.88078,0
1,0,0,1,1708,1725.82,480,1448,1939.66,1708,1.13563,0.889752,1.01043,0,36,0,0,0,0,0,0,0,-1,1,0,0,0,0.923529,0
1,0,0,1,1662,1679.82,469,1459,1893.66,1662,1.13939,0.887074,1.01072,0,36,0,0,0,0,0,0,0,-1,1,0,0,0,0.923529,0
1,0,0,1,1695,1712.82,478,1430,1944.48,1712.82,1.13525,0.880861,1,0,1,0,0,0,0,0,0,0,-1,1,0,0,0,0.923529,0
1,3,0,79,3017,4424.81,594,2960,4616.27,6640.22,0.695199,0.958523,0.666364,1,3,-1,0,0,0,0,0,0,-1,0,0,1,1,0.923529,1
1,1,1,21,1821,2195.23,471,1587,2213.48,2198.28,1.00692,0.991752,0.998611,0,1,0,0,0,0,0,0,0,-1,1,0,0,0,0.923529,0
1,2,6,513,6961,16102.8,930,5216,16908.9,23957.5,0.705787,0.95233,0.672142,2,3,0,6.40312,0.790569,9.43398,0.559017,4,0.75,1,1,2,1,3,0.923529,1
1,0,0,2,2756,2791.64,589,2311,2943.95,2773.82,1.06133,0.948265,1.00642,0,1,1,0,0,0,0,0,0,-1,3,0,0,0,0.923529,0
1,2,0,201,3463,7044.88,732,3600,8422.57,7027.06,1.19859,0.836429,1.00254,2,2,0,0,0.75,0,0.75,0,0,-1,3,2,1,3,0.923529,1
1,2,6,515,8141,17318.5,975,6139,19078.9,19604.5,0.97319,0.907731,0.883394,2,4,0,7.28011,0.790569,6.32456,1.06066,1,0.5,1,1,2,1,3,1.27353,1
1,2,4,597,7177,17815.7,908,5108,20656,22159.4,0.932156,0.862495,0.80398,1,3,1,12.1655,0.25,11.0454,0.5,2.23607,0.559017,1,3,2,1,5,1.27353,1
1,2,7,773,7321,21096.1,1040,6722,21993.8,23288.1,0.944424,0.959183,0.905875,2,9,0,6.32456,0.353553,7.07107,1.06066,1,0.707107,0,3,2,0,3,1.27353,1
1,2,1,554,6235,16107.5,886,4892,16973.4,17408.8,0.974993,0.94898,0.925249,2,10,0,4.47214,0.559017,6.08276,0.559017,2.23607,0,0,3,2,1,5,1.27353,1
1,2,2,185,3536,6832.76,741,3567,7089.6,8865.28,0.799704,0.963772,0.770732,1,2,0,4,0.790569,4,0.901388,1,0.559017,0,1,2,1,3,1.27353,1
1,0,0,6,1351,1457.92,461,1267,1600.48,1422.28,1.12529,0.910925,1.02506,0,1,0,0,0,0,0,0,0,-1,1,0,0,1,1.27353,0
1,2,2,205,3611,7264.17,714,3156,8214.98,10416.6,0.788647,0.884259,0.697368,1,3,0,5,0.5,7.61577,0.559017,4.12311,0.901388,0,1,1,1,5,1.27353,1
1,0,0,3,1348,1401.46,434,1232,1544.02,1365.82,1.13047,0.907668,1.02609,0,2,0,0,0,0,0,0,0,-1,1,0,1,3,1.27353,0
1,3,0,677,8017,20081.4,8626,448430,22169.8,24597.2,0.901311,0.9058,0.816407,2,5,-1,0,0,0,0,0,0,-1,0,0,1,5,1.27353,1
1,2,6,616,7395,18372.3,997,5957,19332.7,24854.4,0.777839,0.950322,0.739198,2,2,0,5.38516,0.25,8.94427,0.790569,3.60555,0.559017,0,1,2,1,5,1.27353,1
1,2,7,387,6048,12944.5,877,4849,13733.9,17649.9,0.778132,0.942518,0.733403,2,1,1,5.09902,0.790569,11.0454,0.707107,5.09902,0.790569,0,1,2,1,5,1.27353,1
1,2,2,524,6167,15504.8,934,5332,15614.7,18980.9,0.822657,0.992962,0.816867,2,8,0,1.41421,0.353553,2.82843,0.707107,1.41421,0.353553,0,3,2,1,5,1.27353,1
1,2,5,484,5132,13757,863,4411,14606,14922.6,0.978782,0.941875,0.92189,2,1,0,6,0.75,12.0416,0.5,6,0.75,0,1,2,1,5,1.27353,1
1,0,0,6,2001,2107.92,542,1844,2222.3,2072.28,1.0724,0.94853,1.0172,0,16,0,0,0,0,0,0,0,-1,1,0,1,3,1.27353,0
1,2,2,400,5929,13057.1,805,4119,17247.1,15785.4,1.0926,0.757063,0.827168,2,1,0,2.23607,0.559017,6.7082,0.353553,5,0.901388,1,1,2,1,5,1.27353,1
1,0,0,5,1801,1890.1,503,1695,2014.84,1872.28,1.07614,0.938088,1.00952,0,1,0,0,0,0,0,0,0,-1,1,0,1,3,1.27353,0
1,2,2,73,2411,3711.88,647,3133,3793.95,4241.78,0.894423,0.97837,0.875076,1,3,0,1.41421,0.353553,1.41421,0.559017,1,0.25,0,1,2,0,0,2.32361,0
1,2,2,217,4426,8293.01,717,3351,12050.8,11325.8,1.06402,0.68817,0.732224,2,1,0,1,0.353553,1,0.353553,0,0,-1,1,2,1,3,2.32361,1
1,2,0,63,4715,5837.68,770,3938,5891.14,5819.86,1.01225,0.990925,1.00306,1,4,0,1,0.353553,1,0.353553,0,0,-1,3,2,0,0,2.32361,0
1,2,2,171,3687,6734.28,607,2619,9489.81,9512.21,0.997645,0.709632,0.707961,2,2,0,0,0.353553,0,0.707107,0,0.353553,1,1,2,0,2,2.32361,1
1,3,0,126,2674,4919.36,1330,15202,6636.93,7625.25,0.870388,0.74121,0.645141,1,2,-1,0,0,0,0,0,0,-1,0,0,1,3,2.32361,1
1,3,0,154,2612,5356.33,4395,116161,7880.33,7059.9,1.11621,0.679709,0.758698,0,8,-1,0,0,0,0,0,0,-1,0,0,0,3,2.32361,1
1,3,0,135,2453,4858.74,3436,113196,7948.28,8127.53,0.977945,0.611295,0.597813,1,3,-1,0,0,0,0,0,0,-1,0,0,0,4,2.32361,0
1,3,0,203,3156,6773.53,5217,123529,8613.75,8590.18,1.00274,0.786362,0.78852,2,7,-1,0,0,0,0,0,0,-1,0,0,0,3,2.32361,1
1,2,0,42,5706,6454.45,890,5010,6507.91,6454.45,1.00828,0.991785,1,0,3,0,0,0,0,0,0,0,-1,3,0,0,0,2.32361,0
1,2,2,161,4667,7536.07,752,3850,13028,12881.5,1.01138,0.578451,0.585033,1,1,0,0,0,0,0,0,0,-1,3,0,0,2,2.32361,1
1,2,0,34,5892,6497.89,904,4902,6569.17,6497.89,1.01097,0.989149,1,1,1,0,0,0,0,0,0,0,-1,3,0,0,0,2.32361,0
1,2,2,90,3515,5118.83,659,3063,9513.7,9373.03,1.01501,0.538048,0.546123,0,2,0,1,0.25,1,0.5,1,0.25,0,3,2,0,2,2.32361,1
1,3,0,151,2926,5616.87,1368,16300,7877.26,10667.1,0.738466,0.713049,0.526562,1,4,-1,0,0,0,0,0,0,-1,0,0,0,2,2.32361,0
1,3,0,491,5784,14533.8,4439,168247,14919,15392.4,0.969248,0.974177,0.944219,2,6,-1,0,0,0,0,0,0,-1,0,0,0,2,2.32361,1
1,3,0,149,2892,5547.23,1767,24453,7898.57,10373.7,0.761401,0.702308,0.534738,1,9,-1,0,0,0,0,0,0,-1,0,0,0,2,2.32361,0
1,3,0,420,6558,14042.5,9123,480111,17946.3,16872.4,1.06364,0.782477,0.832277,1,7,-1,0,0,0,0,0,0,-1,0,0,0,2,2.32361,1
1,2,1,236,4653,8858.6,751,3585,9345.96,10420.7,0.896861,0.947853,0.850093,1,6,0,21.8403,0.559017,23.4094,0.25,1,1.06066,1,3,2,1,5,2.20904,1
1,3,0,78,2590,3979.99,2106,25146,5393.82,5058.2,1.06635,0.737879,0.786838,0,13,-1,0,0,0,0,0,0,-1,0,0,1,3,2.20904,0
1,3,0,192,3993,7414.5,2278,63500,10206.4,10808.7,0.944278,0.726453,0.685973,1,4,-1,0,0,0,0,0,0,-1,0,0,1,5,2.20904,1
1,3,0,73,2343,3643.88,840,4714,4677.64,9269.78,0.504612,0.779,0.393093,0,14,-1,0,0,0,0,0,0,-1,0,0,1,3,2.20904,0
1,2,0,226,3349,7376.39,822,3976,7322.93,9803.01,0.747008,1.0073,0.752462,2,1,0,29.0689,0.901388,59.1354,0.5,29.0689,0.901388,0,1,2,1,5,2.20904,1
1,3,0,83,2063,3542.09,1136,8196,4439.36,6317.81,0.702674,0.797882,0.560651,0,1,-1,0,0,0,0,0,0,-1,0,0,1,3,2.20904,0
1,3,0,98,1851,3597.39,866,5330,3947.34,6690.94,0.589953,0.911346,0.537651,0,3,-1,0,0,0,0,0,0,-1,0,0,1,5,2.20904,0
1,3,0,54,2076,3038.3,699,3799,3844.21,9041.54,0.425172,0.790356,0.336038,1,3,-1,0,0,0,0,0,0,-1,0,0,1,2,2.20904,0
1,3,0,219,5292,9194.65,2005,25923,10312.4,14240.3,0.724166,0.891614,0.645677,2,17,-1,0,0,0,0,0,0,-1,0,0,1,4,1.62353,1
1,3,0,450,6880,14899.1,3633,124067,15549,16372,0.94973,0.958208,0.910038,2,1,-1,0,0,0,0,0,0,-1,0,0,1,5,1.62353,1
1,3,0,128,4126,6407,1653,17517,8108.84,10101.5,0.802738,0.790126,0.634264,1,11,-1,0,0,0,0,0,0,-1,0,0,1,3,1.62353,1
1,2,1,580,6293,16628.8,1005,6219,18463.9,18490.5,0.99856,0.90061,0.899313,2,4,0,3.16228,0.353553,6.08276,0.707107,3.16228,0.353553,0,3,2,1,5,1.62353,1
1,3,0,276,4221,9139.41,4257,242931,13245.4,13645.6,0.97067,0.690009,0.669771,2,1,-1,0,0,0,0,0,0,-1,0,0,1,5,1.62353,0
1,0,0,2,2176,2211.64,542,1966,2327.84,2211.64,1.05254,0.950081,1,0,1,0,0,0,0,0,0,0,-1,1,0,0,1,1.62353,0
1,3,0,371,4418,11029.3,3475,218923,11459.5,13602.9,0.842428,0.962464,0.810806,2,1,-1,0,0,0,0,0,0,-1,0,0,1,3,1.62353,1
1,0,0,6,2131,2237.92,498,1812,2362.66,2220.1,1.06421,0.947203,1.00803,0,1,0,0,0,0,0,0,0,-1,1,0,1,2,1.62353,0
1,2,1,135,4305,6710.74,817,4181,8626.14,8806.9,0.979475,0.777955,0.761987,1,2,0,2,0,4,0,2,0,0,1,0,1,3,1.62353,0
1,2,2,506,5624,14641.1,964,5744,18099.7,18516.1,0.977512,0.808913,0.790722,2,1,0,1.41421,0.353553,2.23607,0.901388,1.41421,0.559017,0,3,2,1,4,1.62353,1
1,0,0,5,2724,2813.1,574,2370,2884.38,2813.1,1.02534,0.975287,1,0,1,0,0,0,0,0,0,0,-1,3,0,1,1,1.62353,0
1,2,0,80,4683,6108.63,820,4282,6090.81,6187.88,0.984312,1.00293,0.987191,1,5,0,1,0.25,1,0.5,1,0.25,0,3,2,0,2,1.62353,0
1,2,4,406,5297,12532.1,794,4338,14248.5,14158.9,1.00633,0.879538,0.885103,2,1,1,15.1327,0.707107,11.1803,0.707107,4,0,1,1,1,1,5,1.62353,1
1,0,0,7,1469,1593.74,426,1096,1922.02,1575.92,1.21962,0.8292,1.01131,0,1,0,4.47214,0.75,4.47214,0.75,0,0,-1,3,2,0,2,1.62353,0
1,2,1,258,5386,9983.64,919,5539,10497.6,13683.8,0.767154,0.951044,0.729598,1,5,0,4.47214,0.901388,5.38516,0.75,0,0.5,1,1,2,1,4,1.62353,1
1,0,0,7,1203,1327.74,369,1029,1419.77,1309.92,1.08386,0.935184,1.0136,0,2,0,6,0.25,6,0.25,0,0,-1,3,2,1,3,1.62353,1
