4,0,0,6,34419,35460.8,8293,28091,36676.2,35460.8,1.03428,0.96686,1,0,1,1,0,0,0,0,0,0,-1,3,0,0,0,0,0
4,1,1,22,82268,86087.9,11353,64135,87607,87737.6,0.998512,0.98266,0.981197,0,1,1,0,0,0,0,0,0,-1,3,0,2,2,1.02564,1
4,1,1,23,118542,122536,14280,93728,141805,124706,1.13711,0.864116,0.982596,0,15,1,0,0,0,0,0,0,-1,3,0,2,3,1.63221,1
4,0,0,1,105380,105554,12790,70736,115162,105380,1.09283,0.916566,1.00165,0,6,1,0,0,0,0,0,0,-1,3,0,2,3,1.91686,1
4,1,0,16,86736,89514.1,12976,84170,89340.5,108846,0.820798,1.00194,0.822393,0,18,0,0,0,0,0,0,0,1,3,0,2,3,1.68609,0
4,0,0,3,65312,65832.9,10389,47849,67048.3,65659.3,1.02116,0.981872,1.00264,0,10,0,0,0,0,0,0,0,-1,3,0,2,2,1.13068,0
4,0,0,1,47371,47544.6,9166,35488,49107.3,47544.6,1.03287,0.968178,1,0,2,0,0,0,0,0,0,0,-1,3,0,2,2,1.13782,0
4,0,0,1,37610,37783.6,8254,28318,40582,37783.6,1.07406,0.931043,1,0,2,0,0,0,0,0,0,0,-1,3,0,0,0,0,0
4,2,1,117,63355,83670.2,14446,88130,94509.1,92396.3,1.02287,0.885314,0.905557,1,2,0,0,0,0,0,0,0,-1,3,0,2,2,1.16986,1
4,2,1,138,109078,133039,19522,170334,138999,140329,0.990525,0.957125,0.948056,2,6,0,8.544,0.75,8.544,0.75,0,0,-1,3,2,2,3,2.13489,1
4,0,0,2,56561,56908.3,9635,42945,58297.3,56734.6,1.02754,0.976173,1.00306,0,1,1,0,0,0,0,0,0,-1,1,0,1,2,1.19697,1
4,0,0,4,46707,47401.5,8999,33519,48353.1,47227.9,1.02383,0.98032,1.00368,0,2,0,0,0,0,0,0,0,-1,3,0,1,2,0.846154,0
4,0,0,1,39823,39996.6,8826,31270,41472.1,39996.6,1.03689,0.964422,1,0,2,0,0,0,0,0,0,0,-1,3,0,0,0,0,0
4,0,0,1,44286,44459.6,7817,28829,46617,44459.6,1.04853,0.953721,1,0,2,1,0,0,0,0,0,0,-1,3,0,1,1,0.5,0
4,1,2,25,106069,110410,12934,81616,120696,122500,0.98528,0.914773,0.901308,0,2,1,1,0.25,1,0.25,0,0,-1,3,2,2,4,1.08947,1
4,2,2,44,148803,156443,28767,361623,168924,209446,0.806526,0.926115,0.746936,1,5,0,0,0,0,0,0,0,0,3,0,2,6,1.53663,1
4,1,1,28,114044,118906,14882,101180,136814,129605,1.05562,0.869106,0.917449,0,11,-1,0,0,0,0,0,0,-1,2,0,2,6,1.30178,1
4,0,0,4,31664,32358.5,7659,25627,32573.8,32184.9,1.01208,0.993391,1.00539,0,11,0,0,0,0,0,0,0,-1,3,0,0,2,0.479167,0
4,0,0,1,32315,32488.6,8164,27984,35837.9,32488.6,1.10309,0.906543,1,0,11,0,0,0,0,0,0,0,-1,3,0,0,0,0,0
4,0,0,1,39089,39262.6,8777,32585,40685.7,39262.6,1.03624,0.965023,1,0,11,0,0,0,0,0,0,0,-1,3,0,0,0,0,0
4,0,0,1,46415,46588.6,9212,36270,47962.7,46588.6,1.02949,0.971351,1,0,11,0,0,0,0,0,0,0,-1,3,0,0,0,0.289474,0
4,2,7,337,105833,164348,16086,113016,210347,209463,1.00422,0.781315,0.784615,1,3,-1,0,0,0,0,0,0,-1,2,0,2,4,1.32602,1
4,2,1,402,170623,240424,18509,149019,250557,256616,0.97639,0.959557,0.936902,1,1,0,9.48683,0.75,9.84886,0,0,0.25,0,3,2,2,6,1.99848,1
4,2,0,46,52002,59989.2,17264,123834,60598.5,59641.9,1.01604,0.989944,1.00582,2,1,0,0,0,0,0,0,0,-1,3,0,1,5,1.25488,1
4,0,0,4,41589,42283.5,9237,35831,44361.1,42283.5,1.04914,0.953166,1,0,1,0,0,0.25,0,0.25,0,0,-1,3,2,0,2,0.56891,0
4,0,0,2,48306,48653.3,9328,36424,50521.4,48479.6,1.04212,0.963023,1.00358,0,1,0,0,0.25,0,0.25,0,0,-1,3,2,0,0,0,0
4,1,0,12,65650,67733.6,10205,45177,67560,75897.2,0.890151,1.00257,0.892439,0,2,1,1,0.25,1,0.25,0,0,0,3,2,2,2,1.1875,0
4,2,1,409,108540,179556,19415,170351,195482,188233,1.03851,0.918532,0.953903,1,3,1,1,0.353553,1,0.559017,0,0.25,0,3,2,2,4,1.22204,1
4,2,1,499,217579,304222,30121,389759,305291,334006,0.914029,0.996498,0.910828,1,6,1,1,0.353553,1,0.559017,1,0.25,1,3,2,2,6,1.95922,1
4,1,1,25,115770,120111,16238,155918,130341,149718,0.870578,0.921512,0.802248,0,3,0,0,0,0,0,0,0,0,3,0,2,6,1.72384,1
4,1,0,11,41431,43341,8805,33797,43167.3,43437.3,0.993786,1.00402,0.997783,0,4,0,0,0,0,0,0,0,0,1,0,1,3,0.88141,0
4,2,1,494,134483,220258,17018,133010,311109,294127,1.05774,0.707977,0.748854,1,1,0,6.32456,0.25,4.47214,0,4.12311,0.25,1,3,2,2,2,0.757576,1
4,2,1,384,95288,161963,18488,147462,181755,174596,1.041,0.891109,0.927648,2,1,0,0,0,0,0,0,0,1,1,0,2,3,1.01802,1
4,0,0,3,51079,51599.9,10237,42871,53857.1,51426.3,1.04727,0.958088,1.00338,0,1,0,0,0,0,0,0,0,-1,3,0,0,1,0.65625,0
4,2,1,413,177783,249494,20321,211213,265604,274665,0.967011,0.939345,0.908358,2,1,0,2.23607,0.25,0,1.06066,2.23607,0.25,1,3,2,2,4,1.41956,1
4,2,1,343,80891,140447,16932,137198,144255,147884,0.975462,0.973602,0.949712,2,1,0,1.41421,0.901388,2.23607,0.5,1.41421,0.901388,0,3,2,2,6,2.02657,1
4,0,0,2,44020,44367.3,8990,33710,50375.2,44020,1.14437,0.880736,1.00789,0,1,0,0,0,0,0,0,0,-1,3,0,0,4,0.995632,0
4,0,0,1,34990,35163.6,8419,29835,37420.9,35163.6,1.06419,0.93968,1,0,1,0,0,0,0,0,0,0,-1,3,0,0,1,0.3125,0
4,0,0,1,40521,40694.6,9099,34747,43452.8,40694.6,1.06778,0.936526,1,0,1,0,0,0,0,0,0,0,-1,3,0,0,0,0,0
4,2,6,181,60150,91577.7,14189,111177,103443,102401,1.01017,0.885301,0.894307,2,3,1,1,0.25,1,0.25,0,0,-1,3,2,2,2,1.2079,1
4,2,2,372,70845,135437,11355,65809,141990,162972,0.871255,0.953848,0.831045,2,1,-1,0,0,0,0,0,0,-1,2,0,2,5,1.48834,1
4,2,1,284,76371,125683,12728,74814,127280,128832,0.987949,0.987457,0.975557,1,4,0,25.2982,0.790569,24.0416,0.5,2.23607,0.353553,0,3,2,2,6,1.85647,1
4,2,0,102,62304,80014.7,17222,145614,81056.5,79667.4,1.01744,0.987147,1.00436,2,15,0,0,0,0,0,0,0,-1,1,0,2,6,1.5752,1
4,2,2,335,105739,163906,16076,116894,208735,209265,0.997466,0.785238,0.783249,1,2,0,0,0,0,0,0,0,-1,1,0,2,4,1.58576,1
4,2,1,450,211243,289378,21921,233853,367480,759703,0.483716,0.787466,0.38091,2,5,0,7.81025,0.901388,7.61577,0.353553,2,0.559017,1,3,2,2,5,1.82942,1
4,2,2,160,114885,142666,17996,145190,216045,236893,0.911993,0.660355,0.602239,1,4,0,5.83095,0,3,1.06066,3.60555,0.790569,1,3,0,2,6,1.73128,1
4,0,0,2,42968,43315.3,9901,39175,45572.5,43315.3,1.05211,0.950469,1,0,1,0,0,0,0,0,0,0,-1,3,0,1,3,1.19048,0
4,0,0,2,43977,44324.3,9736,39004,46581.5,44324.3,1.05093,0.951542,1,0,1,0,0,0,0,0,0,0,-1,3,0,0,2,0.68006,0
4,0,0,1,48073,48246.6,9774,39278,51318.1,48246.6,1.06366,0.940148,1,0,1,0,0,0,0,0,0,0,-1,3,0,0,3,0.68006,0
4,0,0,2,43577,43924.3,9510,37534,46355.1,43924.3,1.05534,0.94756,1,0,1,0,0,0,0,0,0,0,-1,3,0,0,1,0.322917,0
4,0,0,2,52697,53044.3,9997,41435,58119.9,52870.6,1.09929,0.912669,1.00328,0,1,0,0,0,0,0,0,0,-1,3,0,1,1,0.166667,0
4,0,0,1,36360,36533.6,8928,32034,38964.5,36533.6,1.06654,0.937613,1,0,1,0,0,0,0,0,0,0,-1,3,0,1,1,0.2,0
4,2,1,159,40459,68066.8,10735,60509,70772.5,81457.1,0.868831,0.961769,0.835615,2,1,-1,0,0,0,0,0,0,-1,2,0,1,3,1.3278,1
4,2,0,280,74419,123036,17674,147958,157752,122689,1.28579,0.779934,1.00283,2,1,-1,0,0,0,0,0,0,-1,2,0,2,6,1.61254,1
4,2,1,97,57780,74622.5,14091,87085,134853,135832,0.992793,0.553361,0.549373,2,10,0,24.3516,0.75,21.8403,0.707107,2.82843,0.559017,0,3,2,2,6,1.662,1
4,0,0,5,37770,38638.2,8959,33617,39680,38290.9,1.03628,0.973745,1.00907,0,3,0,0,0,0,0,0,0,-1,1,0,1,5,1.41604,0
4,2,7,383,132025,198527,20272,186510,249125,258385,0.964161,0.796896,0.768336,1,16,0,0,0,0,0,0,0,-1,3,0,2,5,1.71297,1
4,2,1,575,162244,262084,19508,188544,303999,325058,0.935216,0.862119,0.806268,1,1,0,7.61577,0.790569,7.61577,0.707107,0,0.353553,1,3,2,2,6,2.19211,1
4,2,1,281,112977,161768,16677,130849,176932,171760,1.03011,0.914295,0.941828,2,1,0,3.16228,0.901388,5.83095,0.5,3.16228,0.901388,1,3,2,2,6,1.64206,1
4,0,0,3,42417,42937.9,9432,37164,44847.9,42764.3,1.04872,0.957412,1.00406,0,2,0,0,0,0,0,0,0,-1,3,0,0,2,0.646667,0
4,0,0,2,43765,44112.3,9663,38531,45930.6,44112.3,1.04122,0.960411,1,0,2,0,0,0,0,0,0,0,-1,3,0,0,0,0,0
4,0,0,2,44767,45114.3,9794,39230,47197.9,44940.6,1.05023,0.955854,1.00386,0,2,0,0,0,0,0,0,0,-1,3,0,0,0,0,0
4,0,0,1,53078,53251.6,10133,43205,55508.9,53251.6,1.04239,0.959335,1,0,2,0,0,0,0,0,0,0,-1,3,0,1,1,0.166667,0
4,0,0,5,46234,47102.2,9790,40958,49763.5,47102.2,1.0565,0.94652,1,0,1,0,0,0,0,0,0,0,-1,3,0,0,0,0,0
4,2,0,32,67625,73181.3,19512,192584,76879.3,73181.3,1.05053,0.951898,1,1,18,0,0,0,0,0,0,0,-1,3,0,0,0,0,0
4,0,0,6,29104,30145.8,6887,21507,33586.4,29972.2,1.12059,0.89756,1.00579,0,4,0,0,0,0,0,0,0,-1,3,0,0,2,0.653846,0
4,1,0,14,40096,42526.9,8170,30024,42526.9,43506.9,0.977474,1,0.977474,0,4,-1,0,0,0,0,0,0,-1,2,0,0,3,0.692308,0
4,0,0,4,29740,30434.5,7870,26522,32329.9,30434.5,1.06228,0.941375,1,0,4,0,0,0,0,0,0,0,-1,1,0,0,3,0.525641,0
4,0,0,2,37149,37496.3,8914,33550,39579.9,37496.3,1.05557,0.947357,1,0,4,0,0,0,0,0,0,0,-1,3,0,0,1,0.589744,0
4,2,1,323,149925,206009,20911,199013,209793,223390,0.939135,0.981962,0.922195,1,7,0,0,0.75,1,0.5,0,0.75,0,3,2,2,4,1.46171,1
4,2,1,228,91085,130674,16920,127966,158831,159705,0.994529,0.822722,0.81822,2,1,0,13.6015,0.559017,18.0278,0.559017,4.24264,0.790569,0,3,2,2,6,1.97455,1
4,0,0,5,38505,39373.2,8744,33462,42177.9,39025.9,1.08077,0.933501,1.0089,0,1,0,0,0,0,0,0,0,-1,3,0,1,5,1.10281,0
4,2,2,264,99336,145175,19068,162832,154426,163875,0.94234,0.940095,0.885889,1,9,0,1.41421,0.353553,1.41421,0.707107,1.41421,0.353553,0,1,2,2,3,1.00726,1
4,2,2,209,113310,149599,17952,147428,208860,228761,0.913006,0.716266,0.653956,2,3,0,6.08276,0.790569,7.28011,0.75,1,0.559017,0,3,2,2,3,1.01155,1
4,0,0,2,40065,40412.3,9217,35661,43149.4,40412.3,1.06773,0.936566,1,0,3,0,0,0,0,0,0,0,-1,3,0,0,1,0.309524,0
4,0,0,2,47919,48266.3,9559,38385,50697.1,48092.6,1.05416,0.952051,1.00361,0,3,0,0,0,0,0,0,0,-1,3,0,1,1,0.166667,0
4,0,0,3,60983,61503.9,10374,44738,63761.1,61503.9,1.0367,0.964598,1,0,3,0,0,0,0,0,0,0,-1,3,0,1,1,0.166667,0
4,0,0,2,48952,49299.3,10066,42066,51173.2,49125.6,1.04168,0.96338,1.00353,0,2,0,0,0,0,0,0,0,-1,3,0,0,0,0,0
4,0,0,3,32499,33019.9,8063,27495,34582.6,33019.9,1.04733,0.954812,1,0,1,-1,0,0,0,0,0,0,-1,2,0,0,0,0,0
4,0,0,1,41076,41249.6,7888,27846,43949.7,41249.6,1.06546,0.938565,1,0,1,-1,0,0,0,0,0,0,-1,2,0,0,0,0,0
4,1,2,8,37707,39096.1,8647,32073,42265.8,40082.9,1.05446,0.925005,0.97538,0,1,-1,0,0,0,0,0,0,-1,2,0,0,0,0,0
4,2,1,239,68019,109518,13988,87168,114380,117208,0.975877,0.957487,0.93439,1,1,-1,0,0,0,0,0,0,-1,2,0,2,2,0.785548,1
4,2,1,352,90982,152101,18269,140083,164248,166733,0.985096,0.926045,0.912243,1,1,0,0,0,0,0,0,0,-1,3,0,2,5,1.56966,1
4,2,2,41,53077,60196,16825,132149,61481.5,67458.4,0.911398,0.979092,0.892342,1,2,-1,0,0,0,0,0,0,-1,2,0,1,5,1.17459,1
4,2,2,42,39062,46354.6,13962,84504,48016.8,47165.3,1.01805,0.965384,0.982813,1,6,0,0,0,0,0,0,0,-1,3,0,2,4,1.1188,1
4,2,2,436,184498,260202,16644,139396,279145,296162,0.942541,0.932141,0.878581,2,39,0,9.43398,0.559017,18.6815,0.559017,10,0,1,3,2,2,5,1.61931,1
4,2,1,266,161855,208042,17701,140157,212105,218715,0.969778,0.980842,0.951199,1,6,0,4.12311,0.75,4.12311,0.707107,1,0.559017,0,3,2,2,6,1.77287,1
4,2,2,65,68475,79761.2,21921,211489,79805,92174.4,0.865805,0.999451,0.86533,1,13,-1,0,0,0,0,0,0,-1,2,0,1,3,0.97619,1
4,0,0,2,49980,50327.3,9757,40377,51435.8,50327.3,1.02203,0.978449,1,0,4,0,0,0,0,0,0,0,-1,3,0,0,1,0.295455,0
4,0,0,2,45608,45955.3,9837,40569,47422,45955.3,1.03192,0.969071,1,0,4,0,0,0,0,0,0,0,-1,3,0,0,0,0,0
4,0,0,3,49026,49546.9,9890,39788,51160,49546.9,1.03256,0.96847,1,0,4,0,0,0,0,0,0,0,-1,3,0,0,0,0,0
3,1,0,17,35285,36439.2,8993,33985,36439.2,40796.3,0.893196,1,0.893196,0,2,0,1,0.353553,1,0.707107,1,0.353553,1,3,2,1,1,0.5,0
3,1,0,23,76361,77922.5,12657,85033,77854.6,84920.8,0.916791,1.00087,0.91759,0,14,1,0,0.25,0,0.75,0,0.5,1,3,2,2,2,1.23212,1
3,2,5,86,122177,128016,20129,183709,128816,140043,0.919834,0.993784,0.914117,2,1,1,0,0.25,0,0.25,0,0,-1,3,2,2,3,2.01719,1
3,2,4,85,103716,109487,20843,188297,116301,115623,1.00587,0.941405,0.946933,1,7,1,0,0.25,0,0.25,0,0,-1,3,2,2,3,1.9798,1
3,1,2,13,87371,88253.6,12189,71307,91117.9,93390.2,0.975669,0.968565,0.944999,0,1,1,0,0.25,0,0.25,0,0,-1,3,2,2,3,2.06169,1
3,2,1,53,69806,73404.2,15733,117329,75193.8,95186,0.789968,0.9762,0.771167,1,2,0,0,0,0,0,0,0,0,3,0,2,3,1.98252,1
3,1,2,26,51315,53080.2,9931,51119,54546.6,61364.8,0.88889,0.973116,0.864994,0,13,-1,0,0,0,0,0,0,-1,2,0,2,3,1.49767,1
3,1,0,11,35647,36393.8,8156,27980,36325.9,36421.9,0.997365,1.00187,0.999229,0,1,0,0,0,0,0,0,0,0,1,0,1,2,0.991987,0
3,1,2,15,37025,38043.4,8946,37950,43195.2,44642.1,0.967589,0.880732,0.852186,0,2,0,0,0,0,0,0,0,-1,1,0,2,2,1.19799,0
3,2,2,879,107467,167143,14202,84150,169656,210764,0.804958,0.985189,0.793036,1,13,0,19.6469,0.790569,19.9249,1.06066,1.41421,0.5,1,3,2,2,2,1.61593,1
3,2,2,254,76469,93713.4,13870,79488,162876,165512,0.984072,0.575366,0.566201,2,9,0,18.0278,0.25,18.9737,0.25,1.41421,0.353553,0,3,2,2,3,2.14166,1
3,1,0,11,45554,46300.8,8940,33278,46300.8,46570.8,0.994203,1,0.994203,0,2,0,0,0,0,0,0,0,0,1,0,0,1,0.613333,0
3,0,0,3,39029,39232.7,8747,30595,39640,39232.7,1.01038,0.989724,1,0,2,0,0,0,0,0,0,0,-1,1,0,0,0,0,0
3,0,0,3,45783,45986.7,7895,29381,46004.3,45986.7,1.00038,0.999617,1,0,1,0,1,0.353553,1,0.353553,0,0,-1,3,2,1,1,0.828125,0
3,1,1,42,109053,111904,15114,138566,127836,156283,0.817974,0.875378,0.716037,0,31,1,0,0.353553,0,0.559017,0,0.25,1,3,2,2,4,1.30886,1
3,2,2,168,168870,180276,20967,180259,182700,182021,1.00373,0.986733,0.990413,2,23,0,0,0.25,0,0.25,0,0,0,3,2,2,6,1.91756,1
3,2,1,99,111745,118466,19588,160782,132759,133273,0.996143,0.892339,0.888897,1,2,1,0,0.25,0,0.25,0,0,-1,3,2,2,6,1.89858,1
3,0,0,4,33177,33448.6,7972,27114,33877,33380.7,1.01487,0.987353,1.00203,0,1,1,0,0.25,0,0.25,0,0,-1,3,2,0,4,1.03022,0
3,0,0,2,32486,32621.8,8095,28183,32949.1,32553.9,1.01214,0.990065,1.00209,0,1,1,0,0.25,0,0.25,0,0,-1,3,2,0,3,0.679487,0
3,2,0,172,43088,54765.3,12714,69922,55036.9,54697.4,1.00621,0.995066,1.00124,1,21,0,0,0,0,0,0,0,-1,1,0,1,4,0.692308,1
3,1,0,14,45823,46773.5,9507,37511,46705.6,47463.6,0.98403,1.00145,0.985461,0,2,0,0,0,0,0,0,0,0,3,0,1,3,0.712551,0
3,2,7,145,54863,64707.2,13215,74311,68617.5,66044,1.03897,0.943013,0.979759,1,10,0,0,0,0,0,0,0,-1,3,0,2,2,1.03651,1
3,2,1,2541,142178,314690,15814,105512,320417,329417,0.972678,0.982125,0.955292,2,1,0,19.9249,0.790569,21.1896,0.75,2,0.559017,1,3,2,2,5,1.7838,1
3,2,1,329,64451,86787.2,13726,81834,88451.8,87147.9,1.01496,0.981181,0.995861,1,1,0,0,0,0,0,0,0,1,3,0,2,6,1.7726,1
3,0,0,4,41292,41563.6,9116,34962,43086,41495.7,1.03833,0.964664,1.00164,0,2,0,0,0,0,0,0,0,-1,3,0,1,3,0.836078,0
3,0,0,2,46510,46645.8,9262,35296,46900.2,46577.9,1.00692,0.994576,1.00146,0,1,0,0,0,0,0,0,0,-1,3,0,1,1,0.2,0
3,2,0,114,65258,72997.6,15887,106581,72997.6,77177.8,0.945837,1,0.945837,1,10,0,0,0,0,0,0,0,1,3,0,2,2,1.34322,0
3,1,1,20,52410,53767.8,12344,99120,62050.9,67947,0.913225,0.866511,0.79132,0,3,0,0,0,0,0,0,0,-1,3,0,2,4,1.32744,1
3,2,2,1822,181238,304936,20230,166960,331046,351547,0.941683,0.921129,0.867411,2,2,1,0,0.25,0,0.25,0,0,-1,3,2,2,6,2.06716,1
3,2,1,1492,138827,240121,15562,109976,303433,317619,0.955339,0.791346,0.756003,2,8,1,0,0.353553,0,0.353553,0,0,0,3,2,2,6,1.93835,1
3,1,1,17,42518,43672.2,8982,34958,45484.4,44533.9,1.02134,0.960157,0.98065,0,3,1,0,0.25,0,0.25,0,0,-1,3,2,2,4,1.44608,1
3,2,1,1465,141470,240931,15011,99133,299309,257801,1.16101,0.804956,0.934559,2,17,0,13.6015,1.06066,17,0.790569,5.65685,0.5,1,3,2,2,3,1.38905,1
3,2,2,577,75364,114537,13512,78608,174890,194410,0.899597,0.654908,0.589153,2,1,0,20.6155,0.25,21.095,0,3.60555,0.75,0,3,2,2,5,1.42619,1
3,0,0,4,49398,49669.6,10029,40749,50348.5,49601.7,1.01506,0.986516,1.00137,0,1,0,0,0,0,0,0,0,-1,3,0,1,3,1.10838,0
3,2,1,900,95891,156993,15388,104652,158127,157312,1.00518,0.992831,0.997974,1,8,1,34.6554,0.25,68.593,0.75,34.6554,0.5,1,3,2,2,4,1.38542,1
3,2,0,746,60973,111620,14527,92207,111484,120880,0.922274,1.00122,0.923398,2,13,-1,0,0,0,0,0,0,-1,2,0,2,6,2.02321,1
3,2,1,73,48039,52995.1,13914,85214,56700.2,59560.2,0.95198,0.934654,0.889773,1,7,0,0,0,0,0,0,0,0,1,0,1,5,1.4225,1
3,0,0,2,34877,35012.8,8502,30336,35759.6,34944.9,1.02331,0.979116,1.00194,0,1,0,0,0,0,0,0,0,-1,3,0,0,2,0.529412,0
3,2,0,13,41939,42821.6,13755,78907,44467.1,42821.6,1.03843,0.962995,1,1,1,0,0,0,0,0,0,0,-1,3,0,0,0,0,0
3,2,0,132,34538,43499.6,9338,41956,44689.2,43431.7,1.02895,0.973382,1.00156,2,3,0,0,0,0,0,0,0,-1,3,0,2,2,1.30405,1
3,1,6,15,46479,47497.4,9890,40740,48166.4,48337.7,0.996456,0.986111,0.982616,0,2,0,0,0,0,0,0,0,-1,3,0,2,5,1.56396,0
3,2,1,484,55545,88404.3,9061,37803,105956,116657,0.908265,0.834351,0.757812,1,11,0,51.4198,0.25,51.5461,0.707107,4.12311,0.559017,1,3,2,2,5,1.61081,1
3,2,1,506,55601,89953.9,9563,42987,91355.7,111007,0.822976,0.984656,0.810348,1,7,0,49.4773,0.559017,44.9222,0.5,5,0.75,0,3,2,2,6,2.15229,1
3,2,7,334,68839,91514.7,13687,79065,113099,112112,1.0088,0.809158,0.816278,1,1,0,0,0,0,0,0,0,-1,1,0,2,6,2.19241,1
3,2,1,2671,155947,337284,16912,123602,361796,403978,0.895583,0.93225,0.834907,2,1,0,19.4165,0.559017,20.1246,0.5,2.23607,0.75,1,3,2,2,6,2.2211,1
3,2,2,1555,96681,202252,14772,97436,222975,258584,0.862294,0.90706,0.782153,2,8,0,13.6015,0.559017,26.6271,0.5,13.6015,0.559017,0,3,2,2,6,2.03562,1
3,2,0,54,41756,45422.1,13862,80708,48489.4,45354.2,1.06913,0.936744,1.0015,1,4,0,0,0,0,0,0,0,-1,3,0,1,3,1.31092,0
3,0,0,3,40216,40419.7,9249,35279,41166.5,40351.8,1.02019,0.981859,1.00168,0,1,0,0,0,0,0,0,0,-1,3,0,1,3,0.897634,0
3,2,0,27,45058,46891.1,13885,87985,47434.2,46823.2,1.01305,0.98855,1.00145,1,5,0,0,0,0,0,0,0,-1,3,0,1,4,1.15404,0
3,2,0,61,40737,44878.4,13985,84565,45489.4,44878.4,1.01362,0.986568,1,1,1,0,0,0,0,0,0,0,-1,3,0,1,4,0.76625,0
3,2,0,54,48593,52259.1,14272,92346,57274.4,52259.1,1.09597,0.912434,1,1,9,0,0,0,0,0,0,0,-1,3,0,1,2,0.423077,0
3,2,0,24,34384,36013.4,12120,61326,36692.3,36013.4,1.01885,0.981497,1,1,1,0,0,0,0,0,0,0,-1,3,0,0,0,0,0
3,0,0,2,24644,24779.8,5642,15386,25048.8,24779.8,1.01086,0.989259,1,0,1,0,0,0,0,0,0,0,-1,3,0,2,4,1.34923,0
3,1,2,11,46431,47177.8,9211,35105,50239.7,49905,1.00671,0.939055,0.945353,0,1,0,0,0,0,0,0,0,-1,3,0,2,3,1.26933,1
3,2,0,158,39652,50378.8,11930,63086,50243,50405.9,0.99677,1.0027,0.999463,1,16,-1,0,0,0,0,0,0,-1,2,0,2,5,1.52841,1
3,2,6,377,45645,71240,12551,69421,73792.7,73385.3,1.00555,0.965407,0.970766,2,10,0,0,0,0,0,0,0,-1,3,0,2,6,1.88647,1
3,2,1,1023,97499,166952,16150,114126,178030,177186,1.00477,0.937771,0.942242,2,20,1,20.5913,1.06066,41.1825,0.707107,20.5913,1.06066,0,3,2,2,6,2.18428,1
3,2,1,1343,118367,209545,14186,88896,217973,261542,0.833415,0.961335,0.801191,2,6,0,19.7231,0.707107,22.8254,0.559017,2.23607,0.75,1,3,1,2,6,2.38309,1
3,2,2,844,85416,142716,14613,98067,158279,152180,1.04008,0.901674,0.937813,1,1,1,24.4131,1.06066,50.2195,0.707107,24.4131,1.06066,0,3,2,2,6,1.89859,1
3,2,0,30,43098,45134.7,14789,92085,45689,45066.8,1.01381,0.987869,1.00151,1,12,0,0,0,0,0,0,0,-1,3,0,1,3,0.877451,0
3,2,0,20,42924,44281.8,14942,97336,44960.7,44281.8,1.01533,0.9849,1,1,1,0,0,0,0,0,0,0,-1,3,0,1,1,0.166667,0
3,2,0,22,44061,45554.6,14982,100032,46233.5,45486.7,1.01642,0.985316,1.00149,1,4,0,0,0,0,0,0,0,-1,3,0,1,1,0.239583,0
3,2,0,44,52874,55861.2,14878,99776,55861.2,55870.3,0.999837,1,0.999837,1,4,0,0,0,0,0,0,0,0,1,0,2,2,0.423077,0
3,2,5,68,40412,45028.6,12742,72324,46168,45557,1.01341,0.975321,0.988402,1,6,0,0,0,0,0,0,0,-1,3,0,1,1,0.166667,0
3,2,0,81,59671,65170.2,15536,109618,65170.2,67144.7,0.970593,1,0.970593,1,29,0,0,0.25,0,0.5,0,0.25,0,3,2,1,1,0.2,0
3,0,0,2,27888,28023.8,6457,19109,28153.6,28023.8,1.00463,0.995389,1,0,1,0,0,0,0,0,0,0,-1,3,0,1,1,0.5,0
3,1,0,21,37147,38572.7,7819,27277,38504.8,39863.8,0.96591,1.00176,0.967613,0,1,0,0,0,0,0,0,0,0,3,0,1,3,0.678977,0
3,0,0,3,30887,31090.7,8030,27038,31659.1,31090.7,1.01828,0.982047,1,0,1,0,0,0,0,0,0,0,-1,3,0,0,3,0.730811,0
3,2,0,25,36831,38528.3,12531,69319,39523.3,38528.3,1.02583,0.974824,1,1,17,0,0,0,0,0,0,0,-1,3,0,1,4,1.15984,0
3,2,2,1386,106580,200677,15568,101582,200935,204153,0.984234,0.998718,0.982972,2,21,0,0,0,0,0,0,0,-1,3,0,2,5,1.88246,1
3,2,2,244,55297,71862.5,13670,85568,75642.1,81022.6,0.933593,0.950032,0.886944,1,16,-1,0,0,0,0,0,0,-1,2,0,2,6,2.19792,1
3,2,0,154,38720,49175.2,11472,69170,49446.8,49039.5,1.00831,0.994508,1.00277,1,3,0,0,0,0,0,0,0,-1,1,0,2,6,1.60119,1
3,2,2,1231,105811,189385,15924,118190,237257,266735,0.889485,0.798227,0.710011,1,8,1,0,0,0,0,0,0,0,3,0,2,4,1.43516,1
3,2,2,527,88658,124437,15546,102490,170653,161740,1.05511,0.72918,0.769363,2,1,0,7.28011,1.06066,15.8114,0.707107,7.28011,1.06066,0,3,2,2,3,1.07849,1
3,2,0,34,39137,41445.3,13752,89758,41920.5,41445.3,1.01147,0.988663,1,1,3,0,0,0,0,0,0,0,-1,3,0,1,2,0.52451,0
3,2,0,32,46874,49046.5,15128,107690,49589.6,49046.5,1.01107,0.989048,1,1,23,0,0,0,0,0,0,0,-1,3,0,1,1,0.166667,0
3,2,0,37,60295,62807,17581,130153,63492.7,62807,1.01092,0.9892,1,1,7,0,0,0,0,0,0,0,-1,3,0,1,1,0.166667,0
3,2,0,76,47823,52982.7,15298,109380,53687.2,52982.7,1.0133,0.986878,1,1,1,0,0,0,0,0,0,0,-1,3,0,1,1,0.2,0
3,0,0,2,32009,32144.8,7956,27040,33356.9,32144.8,1.03771,0.963661,1,0,4,0,0,0,0,0,0,0,-1,3,0,1,1,0.25,0
3,1,0,21,38501,39926.7,7813,26833,39926.7,40154.6,0.994326,1,0.994326,0,1,0,1,0.25,1,0.5,1,0.25,0,3,2,1,1,0.166667,0
3,2,0,16,37095,38181.3,11173,57015,38678.8,38181.3,1.01303,0.987136,1,1,1,0,1,0.25,1,0.25,0,0,-1,3,2,1,1,0.239583,0
3,2,2,33,37536,39776.4,12754,72300,39967.1,45096,0.886267,0.99523,0.882039,1,17,0,0,0,0,0,0,0,-1,3,0,2,2,0.976648,1
3,2,5,33,52992,55232.4,14939,97361,57067,56134.9,1.01661,0.967852,0.983923,1,14,0,1,0.25,1,0.25,0,0,-1,3,2,2,5,1.6869,1
3,0,0,8,49334,49877.1,9703,39663,49751.6,49741.3,1.00021,1.00252,1.00273,0,1,0,1,0.25,1,0.25,0,0,-1,3,2,1,5,1.52722,0
3,2,0,407,47087,74718.7,11108,58830,74718.7,81438.9,0.917482,1,0.917482,2,16,1,0,0.353553,0,0.707107,0,0.353553,1,3,2,2,5,1.56249,1
3,2,1,1813,150999,274086,15112,102334,286755,349083,0.82145,0.955819,0.785158,2,36,0,9.21954,0.901388,7.07107,0.707107,2.82843,0.25,1,3,2,2,6,2.10157,1
3,2,2,992,90096,157444,13548,91156,220080,223056,0.986657,0.715394,0.705849,1,7,0,9.21954,0.353553,10.0499,0.5,4.12311,0.353553,0,3,2,2,6,1.87813,1
3,1,0,20,59677,61034.8,11237,50845,60966.9,61624.2,0.989334,1.00111,0.990435,0,1,0,0,0,0,0,0,0,1,3,0,1,3,1.05907,0
3,1,1,18,49415,50637,10160,43456,51259.4,50750,1.01004,0.987859,0.997774,0,1,0,0,0,0,0,0,0,-1,3,0,1,1,0.166667,0
3,0,0,7,47472,47947.2,10316,42810,48419.7,47879.3,1.01129,0.990242,1.00142,0,1,0,0,0,0,0,0,0,-1,3,0,0,0,0,0
3,2,0,30,50982,53018.7,15565,106339,53561.9,53018.7,1.01024,0.98986,1,1,1,0,0,0,0,0,0,0,-1,3,0,0,0,0,0
4,0,0,2,35051,35398.3,8324,28596,35425.4,35398.3,1.00077,0.999233,1,0,7,0,0,0,0,0,0,0,-1,3,0,0,0,0,0
4,1,2,29,105533,110568,14605,167421,114887,200715,0.57239,0.962408,0.550873,0,21,0,1,0.25,1,0.25,0,0,1,3,2,2,2,1.13782,1
4,2,1,116,169833,189975,27488,359160,205417,222994,0.921179,0.924822,0.851927,1,1,1,0,0.25,0,0.25,0,0,-1,3,2,2,3,1.84649,1
4,1,1,33,138919,144649,18079,181233,147244,236442,0.622747,0.982377,0.611773,0,16,1,0,0.25,1,0.559017,1,0.353553,1,3,2,2,3,1.70994,1
4,1,1,28,90714,95575.7,13483,94621,97309.9,120266,0.809125,0.982179,0.794706,0,35,0,1,0.25,1,0.5,1,0.25,0,3,2,2,3,2.00092,1
4,1,0,15,68478,71082.5,10952,54506,70908.9,73949.8,0.958878,1.00245,0.961226,0,1,0,0,0,0,0,0,0,0,3,0,2,3,1.31818,0
4,0,0,3,46493,47013.9,9110,35326,49105.2,46840.3,1.04836,0.957411,1.00371,0,1,0,0,0,0,0,0,0,-1,3,0,2,2,1.02564,0
4,0,0,1,36291,36464.6,8150,27622,38965.8,36464.6,1.06859,0.935812,1,0,2,0,0,0,0,0,0,0,-1,3,0,0,0,0,0
4,1,0,12,37936,40019.6,8790,34540,39846,44123.6,0.903053,1.00436,0.906988,0,1,-1,0,0,0,0,0,0,-1,2,0,1,1,0.578947,0
4,2,0,119,110728,131390,19740,168628,131390,137987,0.952195,1,0.952195,2,6,0,9.48683,0.559017,9.48683,0.790569,0,0.559017,1,3,2,2,2,1.51351,1
4,2,2,125,79771,101475,17111,126169,153720,163772,0.938617,0.660132,0.619612,2,5,0,9.21954,1.06066,9.21954,1.06066,0,0,-1,3,2,2,3,1.96182,1
4,1,0,17,45100,48051.8,9186,36346,47878.1,49887.6,0.95972,1.00363,0.9632,0,3,0,0,0.25,0,0.5,0,0.25,0,3,2,0,1,0.731183,0
4,0,0,2,38692,39039.3,8596,29874,40371.3,39039.3,1.03412,0.967005,1,0,3,0,0,0.25,0,0.25,0,0,-1,3,2,0,0,0,0
4,0,0,3,46222,46742.9,7864,29490,47012.8,46742.9,1.00577,0.99426,1,0,3,0,0,0,0,0,0,0,-1,3,0,0,0,0.46875,0
4,1,0,18,107946,111071,12696,83656,110898,115140,0.963159,1.00157,0.964667,0,3,0,1,0.25,1,0.5,1,0.25,0,3,2,2,4,1.21131,1
4,2,1,269,290224,336932,29129,369453,352776,404571,0.871976,0.955086,0.832812,1,5,1,1,0.559017,1.41421,0.75,1,0.707107,1,3,2,2,6,2.03044,1
4,2,2,200,183759,218486,27715,334887,241761,250797,0.96397,0.903728,0.871167,1,8,1,1,0.559017,0,0.5,0,0.25,0,3,2,2,6,1.87856,1
4,0,0,5,33052,33920.2,7833,26143,35528.9,33572.9,1.05826,0.954721,1.01034,0,3,1,0,0.25,0,0.25,0,0,-1,3,2,0,4,0.813283,0
4,0,0,2,31279,31626.3,8058,26924,33590.6,31452.6,1.06797,0.941521,1.00552,0,3,1,0,0.25,0,0.25,0,0,-1,3,2,0,1,0.166667,0
4,1,2,16,39760,42538.1,9789,51445,42942.9,54344.3,0.7902,0.990575,0.782752,0,8,0,0,0.25,0,0.5,0,0.25,0,1,2,1,1,0.289474,0
4,0,0,2,46817,47164.3,9297,36589,48947.1,46990.6,1.04164,0.963576,1.0037,0,2,0,0,0,0,0,0,0,-1,3,0,0,0,0,0
4,2,1,115,83610,103578,16165,114773,108998,107609,1.01291,0.950277,0.962543,1,6,-1,0,0,0,0,0,0,-1,2,0,2,2,0.991259,1
4,2,5,881,200363,353334,19418,171328,365114,359939,1.01438,0.967738,0.98165,1,7,0,9.21954,1.06066,9.21954,1.06066,0,0,-1,3,2,2,5,1.88353,1
4,2,6,85,63628,78386.9,17132,124122,83003.6,84124.8,0.986672,0.944379,0.931793,2,1,0,0,0,0,0,0,0,-1,1,0,2,6,1.81954,1
4,0,0,6,42092,43133.8,9209,35903,44572.5,42786.5,1.04174,0.967722,1.00812,0,1,0,0,0.25,0,0.25,0,0,-1,3,2,0,2,0.681381,0
4,0,0,2,47660,48007.3,9252,35588,51942.9,48007.3,1.08198,0.924231,1,0,1,0,0,0.25,0,0.25,0,0,-1,3,2,0,0,0,0
4,1,0,18,68846,71971.4,11873,63265,71797.8,81999,0.875593,1.00242,0.87771,0,1,0,1,0.25,1.41421,0.353553,1,0.25,0,3,2,1,1,0.802557,0
4,1,1,25,67174,71514.8,13059,109615,76008.8,97956.3,0.775947,0.940876,0.730069,0,2,1,0,0.25,0,0.5,0,0.25,1,3,2,2,4,1.17987,0
4,2,1,1155,340588,541135,26791,318579,546430,653879,0.835674,0.99031,0.827576,2,1,0,1,0.353553,1,0.559017,0,0.25,1,1,2,2,5,1.77391,1
4,2,0,518,231526,321468,21255,211697,321295,402695,0.79786,1.00054,0.798292,1,3,0,1,0.353553,1,0.707107,1,0.353553,1,3,2,2,6,1.87674,1
4,1,1,15,44711,47315.5,9030,35754,51556.6,47347.5,1.0889,0.917739,0.999324,0,4,0,1,0.25,1,0.25,0,0,-1,1,2,2,4,1.22775,1
4,2,1,342,143555,202938,17729,151153,268748,272716,0.98545,0.755124,0.744137,1,7,0,7.28011,0.901388,14.8661,0.790569,7.28011,0.75,0,3,2,2,3,0.969287,1
4,2,2,460,105440,185312,17631,135219,333847,254949,1.30947,0.55508,0.726859,2,3,0,10,0.353553,10,0.353553,0,0,-1,3,2,2,3,1.07325,1
4,0,0,3,51017,51537.9,10186,42434,53663.1,51364.3,1.04476,0.960397,1.00338,0,7,0,0,0,0,0,0,0,-1,3,0,0,1,0.607955,0
4,2,7,412,133680,205217,19039,175675,217914,215269,1.01229,0.941734,0.953306,1,1,0,0,0,0,0,0,0,-1,3,0,2,4,1.43399,1
4,2,2,602,92691,197219,16885,131349,201396,197639,1.01901,0.979259,0.997873,2,1,0,0,0,0,0,0,0,-1,3,0,2,6,2.05149,1
4,0,0,3,48995,49515.9,9418,38160,52124.3,49342.3,1.05638,0.949958,1.00352,0,6,0,0,0,0,0,0,0,-1,3,0,1,5,1.17544,0
4,0,0,4,35841,36535.5,8710,31550,39364,36361.9,1.08256,0.928145,1.00478,0,6,0,0,0.25,0,0.25,0,0,-1,3,2,0,1,0.315789,0
4,0,0,1,42251,42424.6,9321,35923,44183.6,42424.6,1.04146,0.960189,1,0,1,0,0,0.25,0,0.25,0,0,-1,3,2,0,0,0,0
4,0,0,3,37977,38497.9,7397,26979,40382,38324.3,1.05369,0.953342,1.00453,0,1,0,1,0.25,1,0.25,0,0,-1,3,2,2,2,0.938669,0
4,2,7,238,70517,111842,15828,105508,122257,121678,1.00476,0.914812,0.919164,1,1,-1,0,0,0,0,0,0,-1,2,0,1,1,0.81413,1
4,1,0,28,30694,35555.7,8933,37995,35382.1,49170.5,0.71958,1.00491,0.723111,0,2,0,27.4591,0.707107,28.2843,0.901388,1.41421,0.75,0,3,1,2,5,1.61699,0
4,2,2,344,62821,122551,13944,98050,216913,231863,0.935523,0.564978,0.52855,1,14,0,24.7386,0.75,21.8403,0.5,2,0.901388,0,3,2,2,5,1.63735,1
4,2,2,124,77398,98928.6,15199,104463,106598,104816,1.017,0.928051,0.94383,1,3,0,1,0.353553,1,0.353553,0,0,-1,3,2,2,6,1.7906,1
4,2,1,606,261197,366419,24355,286901,406592,561483,0.72414,0.901196,0.652592,2,5,0,8.60233,0.75,8.544,1.06066,2.23607,0.25,1,3,2,2,6,1.93818,1
4,2,2,128,128505,150730,18487,165501,198580,319918,0.620724,0.759039,0.471153,1,1,0,6.40312,1.06066,6.40312,0.707107,1,0.353553,0,3,2,2,6,1.75866,1
4,0,0,3,42519,43039.9,9869,38847,44910.8,42866.3,1.0477,0.958342,1.00405,0,3,0,0,0,0,0,0,0,-1,3,0,1,3,1.12067,0
4,0,0,2,42908,43255.3,9490,37182,44371.6,43255.3,1.02581,0.974841,1,0,1,0,0,0,0,0,0,0,-1,3,0,0,2,0.678885,0
4,0,0,3,47431,47951.9,9772,39676,49464.5,47778.3,1.03529,0.96942,1.00363,0,1,0,0,0,0,0,0,0,-1,3,0,0,3,0.678885,0
4,0,0,1,44412,44585.6,9539,38437,46526.8,44585.6,1.04354,0.958279,1,0,1,0,0,0,0,0,0,0,-1,3,0,0,1,0.315789,0
4,0,0,2,51343,51690.3,9682,39706,56671.9,51690.3,1.09638,0.912096,1,0,1,0,0,0,0,0,0,0,-1,3,0,0,0,0,0
4,0,0,3,34057,34577.9,8728,30698,36571.9,34404.3,1.063,0.945478,1.00505,0,1,0,0,0.25,0,0.25,0,0,-1,3,2,0,0,0,0
4,0,0,2,23981,24328.3,5354,13934,26679.8,24154.6,1.10454,0.911859,1.00719,0,1,0,1,0.25,1,0.25,0,0,-1,3,2,1,1,0.634615,0
4,1,2,12,47902,49985.6,9438,36220,57839.3,54349.1,1.06422,0.864215,0.919713,0,1,0,1,0.25,1,0.25,0,0,-1,3,2,2,4,0.572917,1
4,2,4,62,67949,78714.3,13884,85010,114622,124960,0.917268,0.686732,0.629917,2,8,0,27.4591,0.707107,27.4591,0.707107,0,0,-1,3,1,2,4,1.08049,1
4,2,6,194,53542,87227,13884,87794,92353.3,93045,0.992566,0.944492,0.937471,2,10,0,0,0,0,0,0,0,-1,3,0,2,5,1.39347,1
4,2,1,401,142734,212361,19507,174735,228735,231824,0.986679,0.928414,0.916047,1,5,0,2.23607,0.559017,3.16228,0.25,1.41421,0.5,0,3,2,2,6,1.72286,1
4,2,1,309,167842,221495,17360,142348,221580,308114,0.719149,0.999616,0.718873,1,5,0,9.43398,0.5,12.53,0,2.23607,0.5,1,3,1,2,6,2.17719,1
4,2,0,405,103415,173737,17486,139272,177607,173389,1.02432,0.97821,1.002,2,18,0,0,0,0,0,0,0,-1,3,0,2,6,1.70915,1
4,0,0,3,44187,44707.9,9746,39058,46195,44534.3,1.03729,0.967807,1.0039,0,2,0,0,0,0,0,0,0,-1,3,0,0,2,0.643939,0
4,0,0,3,45372,45892.9,9824,39070,48468,45719.3,1.06012,0.946869,1.0038,0,2,0,0,0,0,0,0,0,-1,3,0,0,0,0,0
4,0,0,2,46373,46720.3,9966,40380,48475.9,46720.3,1.03758,0.963784,1,0,2,0,0,0,0,0,0,0,-1,3,0,0,0,0,0
4,0,0,2,56950,57297.3,10073,43311,57338.8,57297.3,1.00072,0.999276,1,0,2,0,0,0,0,0,0,0,-1,3,0,1,1,0.166667,0
4,0,0,2,48284,48631.3,10062,41040,50766.8,48631.3,1.04391,0.957935,1,0,2,0,0,0,0,0,0,0,-1,3,0,0,0,0,0
4,0,0,2,66663,67010.3,10857,49477,67426.5,67010.3,1.00621,0.993827,1,0,2,0,0,0,0,0,0,0,-1,3,0,0,0,0,0
4,0,0,3,27442,27962.9,6760,20762,31961.7,27789.3,1.15015,0.874886,1.00625,0,16,0,1,0.25,1,0.25,0,0,-1,3,2,0,0,0.25,0
4,0,0,2,40473,40820.3,7898,27430,42167.6,40646.6,1.03742,0.968049,1.00427,0,16,0,1,0.25,1,0.25,0,0,-1,3,2,0,2,0.5,0
4,0,0,2,32183,32530.3,8243,28777,35026.4,32356.6,1.08251,0.928735,1.00537,0,16,0,1,0.25,1,0.25,0,0,-1,3,2,0,3,0.666667,0
4,0,0,2,38885,39232.3,9041,34563,41342.8,39058.6,1.05848,0.948951,1.00445,0,1,0,1,0.25,1,0.25,0,0,-1,3,2,0,3,0.845238,0
4,2,0,480,151457,234801,20132,176376,234628,253296,0.926298,1.00074,0.926984,1,15,0,0,0.559017,1,0.559017,0,0.790569,0,3,2,2,5,1.66964,1
4,2,0,244,79859,122226,17259,130997,152490,121878,1.25116,0.801535,1.00285,1,1,0,0,0,0,0,0,0,-1,3,0,2,6,2.14462,1
4,1,1,21,37868,41514.3,9354,40134,45844.1,45958.8,0.997505,0.905554,0.903295,0,3,0,0,0,0,0,0,0,-1,3,0,2,6,1.5009,0
4,2,2,214,138719,175877,19791,179209,263717,291297,0.905318,0.666915,0.60377,1,4,0,0,0.707107,1,0.75,0,0.559017,0,3,1,2,3,0.999905,1
4,2,2,109,113723,132649,19129,158721,181701,205178,0.885581,0.730039,0.646508,1,1,0,4.12311,0.25,4,1.06066,1,0.559017,0,3,2,2,3,1.0861,1
4,0,0,2,39705,40052.3,9254,35800,42525,39878.6,1.06636,0.941851,1.00435,0,2,0,0,0,0,0,0,0,-1,3,0,0,1,0.166667,0
4,0,0,2,49424,49771.3,9822,39494,52557,49597.6,1.05967,0.946995,1.0035,0,2,0,0,0,0,0,0,0,-1,3,0,0,0,0,0
4,1,0,18,62145,65270.4,11061,50585,65270.4,65483.6,0.996744,1,0.996744,0,1,0,0,0,0,0,0,0,0,3,0,0,0,0,0
4,0,0,2,53558,53905.3,10592,46226,55815.2,53731.6,1.03878,0.96578,1.00323,0,1,0,0,0,0,0,0,0,-1,3,0,0,0,0,0
4,0,0,2,33481,33828.3,8228,28732,37600.3,33654.6,1.11724,0.899681,1.00516,0,2,0,1,0.25,1,0.25,0,0,-1,3,2,0,0,0,0
4,1,0,16,38409,41187.1,7913,27867,41013.5,41768.2,0.981932,1.00423,0.986089,0,2,0,1,0.25,1,0.25,0,0,0,3,2,0,0,0,0
4,0,0,1,38846,39019.6,8358,30294,40063,39019.6,1.02674,0.973956,1,0,2,0,1,0.25,1,0.25,0,0,-1,3,2,0,0,0,0
4,1,0,11,40594,42504,10653,57657,42330.3,50818.3,0.832975,1.0041,0.836391,0,5,-1,0,0,0,0,0,0,-1,2,0,2,2,0.820136,1
4,0,0,3,55793,56313.9,10950,49530,57461.6,56140.3,1.02354,0.980027,1.00309,0,3,-1,0,0,0,0,0,0,-1,2,0,2,5,1.40332,1
4,1,0,18,49369,52494.4,9912,41398,52320.8,55020.2,0.950938,1.00332,0.954094,0,1,0,1,0.25,1.41421,0.559017,1.41421,0.353553,1,3,2,0,4,0.879515,0
4,2,4,214,63150,100308,13247,80065,104765,104115,1.00624,0.957455,0.963427,1,3,0,0,0.25,0,0.25,0,0,-1,1,2,2,3,1.14512,1
4,2,1,251,192068,235650,18477,160919,248740,262699,0.946861,0.947377,0.897034,1,4,0,4,1.06066,5,0.559017,1,0.559017,1,3,2,2,5,1.63706,1
4,2,2,409,135349,206365,15846,118552,232466,281455,0.825942,0.887724,0.733208,1,5,0,4.12311,0.5,4.47214,0.901388,1,0.75,0,3,1,2,6,1.62811,1
4,0,0,3,61410,61930.9,11220,51112,63493.4,61757.3,1.02811,0.975391,1.00281,0,4,0,0,0,0,0,0,0,-1,3,0,0,2,0.462121,0
4,0,0,2,50808,51155.3,10150,42274,55566.6,50981.6,1.08993,0.920612,1.00341,0,1,0,0,0,0,0,0,0,-1,3,0,0,0,0,0
4,0,0,3,47917,48437.9,10149,43215,50826.1,48437.9,1.04931,0.953012,1,0,1,0,0,0,0,0,0,0,-1,3,0,0,0,0,0
4,0,0,2,51529,51876.3,10196,42186,54327.1,51876.3,1.04724,0.954887,1,0,1,0,0,0,0,0,0,0,-1,3,0,0,0,0,0
4,0,0,2,34494,34841.3,8287,28357,37531.4,34841.3,1.07721,0.928323,1,0,4,0,0,0,0,0,0,0,-1,3,0,1,1,0.5,0
4,1,0,15,103994,106599,13087,111039,106599,115320,0.92437,1,0.92437,0,15,1,1,0.25,1,0.5,1,0.25,0,3,2,2,2,1.3443,1
4,2,1,113,171421,191042,27517,361941,205508,266018,0.772535,0.929605,0.718152,1,1,1,1,0.25,1,0.353553,1,0.559017,1,1,2,2,3,2.03403,1
4,1,2,27,147877,152565,18214,178712,161899,210754,0.768191,0.942347,0.723902,0,18,1,1,0.25,0,0.25,0,0.5,0,1,2,2,3,1.99308,1
4,1,0,16,90717,93495.1,13678,93502,93321.5,123246,0.757198,1.00186,0.758607,0,32,1,0,0,0,0,0,0,1,3,0,2,3,1.96737,0
4,1,0,11,66192,68102,10725,50775,68102,69068.8,0.986002,1,0.986002,0,6,0,0,0,0,0,0,0,1,3,0,2,2,1.15152,0
4,0,0,3,45645,46165.9,8972,33942,47207.7,46165.9,1.02257,0.977931,1,0,6,0,0,0,0,0,0,0,-1,3,0,2,2,1.16434,0
4,0,0,2,34753,35100.3,7911,26649,36831.9,35100.3,1.04933,0.952986,1,0,6,0,0,0,0,0,0,0,-1,3,0,1,1,0.479167,0
4,0,0,2,36640,36987.3,8440,29944,38973.8,36813.6,1.05868,0.94903,1.00472,0,6,0,0,0,0,0,0,0,-1,3,0,1,1,0.619048,0
4,2,2,214,101620,138778,18001,137445,157524,180845,0.871043,0.880994,0.767383,2,7,-1,0,0,0,0,0,0,-1,2,0,2,2,1.65197,1
4,2,2,189,88622,121439,17764,134394,179838,195343,0.92063,0.675266,0.62167,2,2,0,8.24621,0.25,8.24621,0.353553,0,0.75,0,3,2,2,3,2.10143,1
4,0,0,2,47234,47581.3,9019,33883,49145.5,47407.6,1.03666,0.968171,1.00366,0,1,0,0,0,0,0,0,0,-1,1,0,0,1,0.736842,0
4,0,0,1,38297,38470.6,8665,30109,41581,38470.6,1.08085,0.925196,1,0,1,0,0,0,0,0,0,0,-1,1,0,0,0,0,0
4,0,0,4,44834,45528.5,7962,30170,47942.2,45528.5,1.05302,0.949654,1,0,1,0,1,0.25,1,0.25,0,0,-1,3,2,1,1,0.819375,0
4,1,1,28,124336,129198,16990,179198,135593,211777,0.640266,0.952833,0.610066,0,17,1,1,0.25,1.41421,0.353553,1,0.25,1,3,2,2,4,1.30428,1
4,2,1,216,222015,259520,29109,366829,290466,330409,0.879113,0.893459,0.785452,1,5,1,1,0.707107,1,0.790569,0,0.353553,1,3,1,2,6,2.14331,1
4,1,1,25,184454,188795,17267,167719,203284,201547,1.00862,0.928725,0.936726,0,13,1,1,0.25,1,0.25,0,0,-1,3,2,2,6,1.80226,1
4,0,0,4,32998,33692.5,7915,26463,35291.2,33518.9,1.05288,0.9547,1.00518,0,2,1,0,0,0,0,0,0,-1,3,0,0,2,0.66,0
4,0,0,3,32453,32973.9,8233,27935,34184.3,32800.3,1.0422,0.964591,1.00529,0,2,1,0,0,0,0,0,0,-1,3,0,0,0,0,0
4,2,2,239,64693,106192,15793,103707,115164,114023,1.01,0.922092,0.931316,1,10,0,3.60555,0.790569,7.81025,0.707107,3.60555,0.790569,1,3,2,2,2,0.558704,1
4,0,0,6,45777,46818.8,9153,35357,47533.9,46645.2,1.01905,0.984957,1.00372,0,1,0,1,0.25,1,0.25,0,0,-1,3,2,1,2,0.491228,0
4,2,0,35,55127,61204.2,16274,114132,63722.7,61204.2,1.04115,0.960477,1,1,3,0,0,0,0,0,0,0,-1,3,0,2,2,0.905533,1
4,2,2,985,213641,384670,20377,187191,425885,423803,1.00491,0.903226,0.907663,1,7,0,7.61577,0.790569,6.40312,0.790569,2.23607,0,1,3,2,2,5,1.67234,1
4,2,6,217,93488,131167,16569,120537,206894,202409,1.02216,0.633979,0.648028,2,11,0,9.21954,0.790569,9.21954,0.790569,0,0,-1,3,2,2,6,1.80638,1
4,0,0,3,41686,42206.9,9108,35098,43596,42033.3,1.03718,0.968138,1.00413,0,1,0,0,0,0,0,0,0,-1,1,0,1,3,0.874373,0
4,0,0,2,47326,47673.3,9403,36213,48777.5,47499.6,1.0269,0.977362,1.00366,0,1,0,0,0,0,0,0,0,-1,1,0,1,1,0.2,0
4,1,2,19,68990,72289,10810,52400,76628.6,74892.3,1.02318,0.943369,0.96524,0,1,0,1,0.25,1,0.25,0,0,-1,3,2,1,1,1.03455,0
4,1,1,21,68270,71916.3,10853,61501,72947.8,73290.3,0.995327,0.98586,0.981253,0,1,1,1,0.25,1,0.25,0,0,1,3,2,2,4,1.16578,0
4,2,2,587,345726,447649,28999,354171,467339,517682,0.902752,0.957868,0.864718,1,3,-1,0,0,0,0,0,0,-1,2,0,2,5,1.80729,1
4,2,2,738,256373,384515,21463,218911,541788,434222,1.24772,0.709714,0.885526,1,6,0,1,0.25,1,0.25,0,0,1,3,2,2,6,1.87082,1
4,2,6,120,64849,85685.1,16219,113747,86366.7,86851.8,0.994415,0.992107,0.986566,1,12,0,25.02,0.25,25.02,0.25,0,0,-1,3,2,2,4,1.30587,1
4,2,2,562,153968,251550,19648,186992,343782,398528,0.862629,0.731714,0.631198,1,5,-1,0,0,0,0,0,0,-1,2,0,2,3,1.41133,1
4,2,7,296,130902,182298,17724,150254,244768,335449,0.729673,0.744777,0.543444,1,1,0,10,0.75,10,0.75,0,0,-1,3,2,2,5,1.42745,1
4,0,0,3,47995,48515.9,9831,39631,50426.1,48342.3,1.04311,0.962118,1.00359,0,6,0,1,0.25,1,0.25,0,0,-1,3,2,1,3,1.02099,0
4,2,0,358,109869,172030,18129,152431,177589,171856,1.03336,0.968696,1.00101,2,2,0,1,0.25,1,0.25,0,0,-1,3,2,2,4,1.26915,1
4,2,2,165,71089,99738.6,16404,122302,104300,115667,0.901726,0.956264,0.862288,1,13,-1,0,0,0,0,0,0,-1,2,0,2,6,1.90315,1
4,2,6,50,54412,63093.7,17593,157087,64196.7,66628.8,0.963497,0.982819,0.946943,2,2,0,1,0.25,1,0.25,0,0,-1,3,2,2,6,1.34821,1
4,0,0,2,35148,35495.3,8548,30738,37125.2,35321.6,1.05106,0.956095,1.00492,0,1,0,0,0,0,0,0,0,-1,3,0,0,2,0.651786,0
4,0,0,1,42665,42838.6,9294,36122,44785,42838.6,1.04543,0.95654,1,0,1,0,0,0,0,0,0,0,-1,3,0,0,0,0,0
4,0,0,5,36409,37277.2,7100,27024,37702.8,37103.5,1.01615,0.988712,1.00468,0,1,0,1,0.25,1,0.25,0,0,-1,3,2,2,2,0.884615,0
4,0,0,3,45510,46030.9,9585,38365,47197.9,45857.3,1.02923,0.975275,1.00379,0,1,0,1,0.25,1,0.25,0,0,-1,3,2,1,1,0.715152,0
4,2,2,229,92556,132318,13988,99224,221727,234205,0.946721,0.596762,0.564968,1,1,-1,0,0,0,0,0,0,-1,2,0,2,4,1.36461,1
4,1,0,25,36409,40749.8,11576,92756,40402.6,63069,0.640609,1.0086,0.646115,0,11,0,25.1794,0.790569,24.3311,0.25,1,0.901388,0,3,2,2,6,2.0416,0
4,2,6,165,95129,123779,14758,99480,186787,184720,1.01119,0.662673,0.670087,2,3,0,25.02,0.25,25.02,0.25,0,0,-1,3,2,2,5,1.71265,1
4,2,1,515,188743,278164,21426,221144,341435,370403,0.921795,0.814691,0.750978,2,6,0,10,0,9.43398,0.901388,1,0.559017,1,3,0,2,6,2.08931,1
4,2,1,198,144619,178999,19370,184754,275936,321972,0.85702,0.648695,0.555944,1,3,0,8.48528,0.707107,6.40312,0.25,3,0.559017,0,3,1,2,6,1.83839,1
4,0,0,4,41809,42503.5,9806,39316,44438.8,42329.9,1.04982,0.956452,1.0041,0,1,0,1,0.25,1,0.25,0,0,-1,3,2,0,2,1.08271,0
4,0,0,1,41583,41756.6,9376,36400,42920.6,41756.6,1.02788,0.972881,1,0,1,0,1,0.25,1,0.25,0,0,-1,3,2,1,3,0.684524,0
4,0,0,3,46070,46590.9,9682,38322,48500.9,46590.9,1.04099,0.96062,1,0,1,0,0,0,0,0,0,0,-1,3,0,1,4,1.08677,0
4,0,0,2,42142,42489.3,9224,35700,44746.5,42489.3,1.05312,0.949555,1,0,1,0,0,0,0,0,0,0,-1,3,0,1,4,0.71875,0
4,0,0,2,50360,50707.3,9350,37864,60105.6,50533.6,1.18942,0.843636,1.00344,0,3,0,0,0,0,0,0,0,-1,3,0,1,2,0.56891,0
4,0,0,1,32994,33167.6,8411,29119,35424.9,33167.6,1.06806,0.936281,1,0,1,0,0,0,0,0,0,0,-1,3,0,0,0,0,0
4,0,0,4,23226,23920.5,5296,13850,30397.5,23746.9,1.28006,0.786925,1.00731,0,1,0,1,0.25,1,0.25,0,0,-1,3,2,1,1,0.58,0
4,0,0,1,47798,47971.6,9270,35516,49990.9,47971.6,1.04209,0.959606,1,0,1,0,1,0.25,1,0.25,0,0,-1,3,2,2,2,0.89614,0
4,1,0,12,40528,42611.6,9144,36794,42611.6,48078.7,0.886288,1,0.886288,0,2,-1,0,0,0,0,0,0,-1,2,0,2,4,0.883224,1
4,2,4,66,55776,67235.8,14163,87147,116552,113343,1.02832,0.576873,0.593207,1,10,0,25.1794,0.790569,25.1794,0.790569,0,0,-1,3,2,2,4,1.57164,1
4,2,6,464,136661,217227,20592,190794,218263,225896,0.96621,0.995254,0.961624,1,6,1,0,0,0,0,0,0,-1,3,0,2,5,1.75152,1
4,2,1,390,152456,220173,16717,134609,234721,257807,0.910454,0.938019,0.854023,1,6,0,10.6301,0.353553,13.4536,0.5,3.16228,0.790569,1,3,2,2,6,2.23969,1
4,2,2,475,111637,194113,17813,143191,194100,200051,0.970256,1.00007,0.97032,2,17,0,3.60555,0.901388,8.60233,0.5,3.60555,0.901388,0,3,2,2,6,1.66913,1
4,0,0,2,42917,43264.3,9566,37504,45174.2,43090.6,1.04835,0.95772,1.00403,0,3,0,0,0,0,0,0,0,-1,3,0,1,3,0.911432,0
4,0,0,1,42329,42502.6,9467,36725,44635.5,42502.6,1.05018,0.952216,1,0,1,0,0,0,0,0,0,0,-1,3,0,1,1,0.166667,0
4,0,0,2,45204,45551.3,9716,39040,47797.5,45377.6,1.05333,0.953005,1.00383,0,1,0,0,0,0,0,0,0,-1,3,0,1,1,0.239583,0
4,0,0,1,53878,54051.6,10307,44563,56135.2,54051.6,1.03855,0.962882,1,0,1,0,0,0,0,0,0,0,-1,3,0,1,1,0.25641,0
4,0,0,1,42435,42608.6,9242,36038,45358.4,42608.6,1.06454,0.939377,1,0,1,0,0,0,0,0,0,0,-1,3,0,1,1,0.166667,0
4,1,0,19,59840,63139,10771,49183,63139,63996.9,0.986595,1,0.986595,0,2,0,1,0.25,1,0.5,1,0.25,0,3,2,1,1,0.2,0
4,0,0,2,28598,28945.3,6565,19667,30534,28771.6,1.06126,0.947967,1.00603,0,1,0,1,0.25,1,0.25,0,0,-1,3,2,1,1,0.25,0
4,1,0,24,38322,42489.2,8103,30039,42489.2,42555.6,0.998439,1,0.998439,0,1,1,0,0,0,0.75,0,0.75,0,3,0,1,1,0.512311,0
4,0,0,3,29160,29680.9,7832,26176,31243.6,29680.9,1.05265,0.949983,1,0,1,0,1,0.25,1,0.25,0,0,-1,3,2,0,2,0.572917,0
4,0,0,2,36039,36386.3,8737,31985,38499.1,36212.6,1.06314,0.945119,1.00479,0,1,0,1,0.25,1,0.25,0,0,-1,3,2,1,4,1.18227,0
4,2,0,537,137737,230978,20184,181682,230978,253896,0.909737,1,0.909737,2,1,0,0,0.790569,1,0.901388,1,0.25,0,3,2,2,5,1.7515,1
4,2,0,47,50017,58177.8,16896,127216,57830.5,64569.4,0.895634,1.006,0.901012,1,5,-1,0,0,0,0,0,0,-1,2,0,2,6,2.14382,0
4,2,2,254,60696,104799,13579,103287,116803,136921,0.853067,0.897227,0.765395,1,4,0,0,0,0,0,0,0,1,1,0,2,5,1.31851,1
4,2,2,218,150391,188243,20123,186999,221455,403846,0.548365,0.85003,0.466127,2,2,0,3.60555,0.707107,8.60233,0,3.60555,0.707107,1,3,1,2,4,1.31465,1
4,1,2,33,95247,100977,14981,143815,143079,183082,0.781501,0.705741,0.551538,0,14,0,4.47214,0.75,4.47214,0.25,1,0.790569,0,3,2,2,3,1.04883,1
4,0,0,3,40125,40645.9,9290,36126,42456.4,40472.3,1.04902,0.957356,1.00429,0,3,0,0,0,0,0,0,0,-1,3,0,1,2,0.333333,0
4,1,1,18,47507,50632.4,9823,40797,50851.8,51701.6,0.983562,0.995686,0.979319,0,3,0,0,0,0,0,0,0,-1,3,0,1,1,0.166667,0
4,1,0,15,61865,64469.5,11214,51994,64469.5,66463.6,0.969997,1,0.969997,0,2,0,0,0,0,0,0,0,0,3,0,1,1,0.166667,0
4,2,0,51,53197,62052.3,17737,144371,62052.3,62358.7,0.995087,1,0.995087,1,1,1,0,0,0,0,0,0,0,3,0,1,1,0.2,0
4,0,0,2,32637,32984.3,8033,26999,33833.3,32984.3,1.02574,0.974904,1,0,2,0,1,0.25,1,0.25,0,0,-1,3,2,1,1,0.25,0
4,0,0,3,40356,40876.9,7666,25592,42141.8,40876.9,1.03094,0.969985,1,0,2,1,0,0,0,0,0,0,-1,3,0,1,1,0.166667,0
4,1,0,11,37305,39215,8438,31656,39041.3,39381.3,0.991368,1.00445,0.995777,0,1,0,0,0,0,0,0,0,0,1,0,1,1,0.239583,0
4,0,0,4,36776,37470.5,8850,33132,38338.7,37470.5,1.02317,0.977355,1,0,1,0,0,0,0,0,0,0,-1,3,0,2,2,0.897059,0
4,0,0,3,52611,53131.9,10561,47087,54347.3,52958.3,1.02623,0.977636,1.00328,0,1,0,0,0,0,0,0,0,-1,3,0,2,4,0.988725,0
4,0,0,1,48282,48455.6,9515,38425,49594.6,48455.6,1.02351,0.977034,1,0,1,0,0,0,0,0,0,0,-1,3,0,1,2,0.943309,0
4,2,1,176,59905,90464.6,12884,73194,105680,103125,1.02478,0.856025,0.877234,1,2,0,13.0384,0,18.4391,0.901388,5.83095,0.901388,1,3,0,2,4,1.15934,1
4,2,1,822,221829,364556,19691,193525,440076,405013,1.08657,0.828393,0.90011,2,23,0,5,1.06066,6.40312,0.901388,1,0.75,1,3,2,2,6,1.87559,1
4,2,2,172,100916,130781,16489,136931,211900,229310,0.924074,0.617184,0.570323,1,5,0,4.47214,0.901388,4.47214,0.5,1,0.75,0,3,2,2,6,1.63618,1
4,1,0,18,60288,63413.4,11849,59401,63239.8,64809.9,0.975773,1.00275,0.978453,0,4,0,0,0,0,0,0,0,0,3,0,1,3,0.750336,0
4,0,0,4,49465,50159.5,10008,42142,51201.3,49985.9,1.02432,0.979653,1.00347,0,4,0,0,0,0,0,0,0,-1,3,0,1,1,0.166667,0
4,0,0,3,48599,49119.9,10214,43324,50509,49119.9,1.02828,0.972499,1,0,4,0,0,0,0,0,0,0,-1,3,0,0,0,0,0
4,2,0,17,50578,53529.8,18478,161062,55583,53356.1,1.04174,0.963059,1.00325,1,1,0,0,0,0,0,0,0,-1,3,0,0,0,0,0
1,2,0,142,33159,35689.5,9713,38421,35671.7,38038.7,0.937774,1.0005,0.938243,1,7,1,1,0.5,1,0,1,0.5,1,3,1,1,1,1,0
1,2,1,317,64769,70418,12547,66593,74279.6,85011.4,0.873761,0.948013,0.828337,1,12,0,1,0.25,1,0.5,1,0.25,0,1,2,1,1,1.07895,1
1,2,1,508,93517,102570,14910,88114,104946,120898,0.868048,0.97736,0.848395,2,9,1,0,0,0,0,0,0,-1,3,0,1,2,2.0397,1
1,2,1,618,92299,103312,14717,85887,114421,114314,1.00094,0.902913,0.903757,1,10,1,0,0,0,0,0,0,-1,3,0,1,2,2.26669,1
1,2,0,592,76245,86794.6,13182,69538,86776.8,98511.9,0.880877,1.00021,0.881058,2,7,0,1,0.25,1,0.25,0,0,1,1,2,1,2,2.30682,1
1,2,2,482,62473,71062.4,12473,67743,79614.7,85978,0.925989,0.892579,0.826518,2,8,0,1,0.5,1,0,1,0.5,0,3,1,1,2,2.33254,1
1,2,2,188,47438,50788.2,11714,57988,52798,56252,0.938597,0.961934,0.902869,2,19,1,1,0.25,1,0.5,1,0.25,0,1,2,1,2,2.0487,1
1,2,0,54,33396,34358.3,10023,41091,35204.5,34340.5,1.02516,0.975962,1.00052,1,1,0,0,0,0,0,0,0,-1,3,0,1,2,1.63875,0
1,2,0,63,34214,35336.7,9576,37958,35970.1,35336.7,1.01792,0.982391,1,1,1,0,0,0,0,0,0,0,-1,3,0,1,1,0.928571,0
1,2,2,677,47953,60017.4,10623,46227,82948.5,97045.5,0.854738,0.72355,0.618445,2,29,0,1,0.25,1,0.5,1,0.25,0,1,2,1,1,1.31579,1
1,2,0,1519,53820,80889.1,10750,48438,81013.6,80871.3,1.00176,0.998462,1.00022,2,6,1,1,0.25,1,0.25,0,0,-1,1,2,1,2,2.33214,1
1,2,2,2674,66067,113719,11352,52740,117234,117640,0.996551,0.970015,0.966669,1,48,1,3.60555,0.353553,7.2111,0.707107,3.60555,0.353553,1,3,2,0,1,1.1,1
1,2,0,52,37207,38133.7,10270,42526,38115.8,39849.6,0.956492,1.00047,0.956939,1,1,0,1,0.5,1,0,1,0.5,0,3,1,0,1,1.30769,0
1,2,2,70,39775,41022.4,10733,49703,41180,45716.8,0.900763,0.996174,0.897316,2,8,1,1,0.25,1,0.707107,1,0.559017,0,3,2,1,1,1.04327,1
1,2,2,262,79021,83689.9,13903,77027,84465,91395.7,0.924169,0.990824,0.915688,2,10,1,1,0.25,1,0.25,0,0,-1,3,2,1,4,1.42335,1
1,2,1,350,96712,102949,15296,91100,106095,110023,0.964297,0.970353,0.935708,2,60,1,1,0.25,1,0.25,0,0,-1,3,2,1,5,2.08718,1
1,2,1,221,88889,92827.3,14204,80944,97359.6,97660.4,0.99692,0.953448,0.950511,1,19,0,1,0.25,1,0.25,0,0,-1,3,2,1,5,2.25893,1
1,2,4,73,29368,30668.9,9399,36725,30805.7,31278.9,0.98487,0.99556,0.980497,2,20,0,0,0,0,0,0,0,-1,3,0,0,4,1.7951,0
1,2,0,30,30978,31512.6,9489,37561,31565.5,31494.8,1.00225,0.998324,1.00057,1,1,0,0,0,0,0,0,0,-1,3,0,0,3,1.23868,1
1,2,0,1213,50371,71987.1,10338,45858,71933.6,74303.1,0.96811,1.00074,0.968829,1,21,1,1.41421,0.901388,4.24264,0.559017,1.41421,1.06066,0,3,2,1,5,1.31965,1
1,2,2,2443,63228,106763,11000,51238,108611,108650,0.999645,0.982982,0.982633,2,13,0,0,1.06066,1.41421,0.559017,0,0.901388,1,3,2,1,3,0.906462,1
1,2,6,225,45760,49769.6,10658,46628,49994.3,49838.2,1.00313,0.995504,0.998623,2,8,0,1,0.25,1,0.25,0,0,-1,1,2,1,2,1.30395,1
1,3,0,1601,55931,84461.3,21965,236121,95054.3,111919,0.84931,0.888559,0.754662,1,1,-1,0,0,0,0,0,0,-1,0,0,1,4,1.755,1
1,2,2,2687,66782,114665,11655,55197,119811,120389,0.995201,0.957051,0.952458,2,17,1,1,0.25,1,0.25,0,0,-1,1,2,1,5,2.32214,1
1,2,2,1598,58014,86490.9,11517,53781,86508.7,86505.8,1.00003,0.999794,0.999828,1,2,0,1,0.25,1,0.25,0,0,-1,1,2,1,5,1.63676,1
1,2,0,80,47155,48580.6,11085,50099,48687.5,48562.8,1.00257,0.997804,1.00037,2,7,0,1,0.25,1,0.25,0,0,-1,1,2,1,3,1.4603,0
1,2,2,121,62368,64524.3,11718,56692,67262.8,66376.3,1.01336,0.959286,0.972098,1,11,0,1,0.353553,1,0.559017,0,0.25,0,3,2,1,3,1.67077,1
1,2,1,131,48930,51264.5,10986,49390,54702.1,67688.7,0.808142,0.937158,0.757356,2,1,0,1,0.5,1,0.75,1,0.25,0,3,1,1,5,1.73407,1
1,2,2,1022,111242,129454,15210,91288,134522,138454,0.971599,0.962326,0.934996,2,62,0,1,0.25,1,0.25,0,0,-1,3,2,1,5,2.20574,1
1,2,0,770,82125,95846.6,13119,72563,95900.1,95811,1.00093,0.999443,1.00037,2,15,1,0,0,0,0,0,0,-1,1,0,1,5,1.95546,1
1,2,4,90,39013,40616.8,10490,46032,40857.1,40768,1.00219,0.994119,0.996292,1,33,0,0,0,0,0,0,0,-1,3,0,1,3,1.54595,1
1,2,1,1588,57922,86220.7,11032,51306,102072,97305.6,1.04899,0.844702,0.886082,2,14,1,5.38516,0,9.84886,0.707107,4.47214,0.707107,1,3,0,1,4,1.24116,1
1,3,0,5652,94012,194732,198469,12557937,210834,203918,1.03391,0.923631,0.954954,1,3,-1,0,0,0,0,0,0,-1,0,0,1,5,1.95927,1
1,2,5,2335,62213,103823,11628,56132,104011,103868,1.00137,0.998197,0.999567,1,1,0,1,0.25,1,0.25,0,0,-1,1,2,1,5,1.99846,1
1,2,2,857,53599,68871,11344,57006,85658.1,72888.7,1.17519,0.804022,0.944879,2,1,0,1,0.25,1,0.25,0,0,-1,1,2,1,5,2.28241,1
1,2,6,599,47902,58576.4,11195,53049,67905,58821.3,1.15443,0.862622,0.995837,2,41,0,1,0.25,1,0.25,0,0,-1,1,2,1,5,2.00839,1
1,2,2,1768,65773,97279.3,12327,63021,97913.4,98828.9,0.990737,0.993524,0.984321,2,12,1,0,0.25,1,0,0,0.75,0,3,2,1,5,2.06605,1
1,2,0,279,34044,39015.9,9907,42329,39154.9,38980.2,1.00448,0.996449,1.00091,1,1,0,1,0.25,1,0.25,0,0,-1,1,2,0,4,1.35885,0
1,2,0,200,40136,43700.1,10992,51376,43958.8,43700.1,1.00592,0.994113,1,1,2,0,1,0.25,1,0.25,0,0,-1,1,2,0,1,0.556452,0
1,2,2,419,27985,35451.7,7110,24762,38129.6,47540.4,0.802047,0.929768,0.745717,1,1,0,2,0.353553,4,0.707107,2,0.353553,1,3,2,1,3,1.89744,1
1,2,0,106,43758,45647,10400,44066,45611.3,48817.3,0.934327,1.00078,0.935057,1,1,0,1,0,2,0,1,0,1,3,0,1,5,2.01384,0
1,2,1,690,53741,66037,10638,48670,67681.3,72871.9,0.928771,0.975706,0.906207,1,1,0,1,0.707107,1.41421,0.901388,1,0.25,1,1,1,1,4,1.73164,1
1,2,2,102,46815,48632.7,11160,53460,51092.9,50932.6,1.00315,0.951847,0.954844,1,42,1,0,0,0,0,0,0,-1,1,0,1,5,2.08928,1
1,2,2,727,49603,62558.4,10387,45831,86614.9,90635.2,0.955643,0.722259,0.690222,2,1,1,1,0.25,1,0.25,0,0,0,1,2,1,5,1.94576,1
1,3,0,2653,65976,113253,83362,3715752,131830,145304,0.907266,0.859089,0.779422,2,22,-1,0,0,0,0,0,0,-1,0,0,1,5,2.19613,1
1,3,0,4832,82265,168373,193681,14183741,179979,183603,0.980266,0.935512,0.91705,1,7,-1,0,0,0,0,0,0,-1,0,0,1,5,2.63889,1
1,2,0,704,42730,55275.5,11072,50914,70752.1,55204.2,1.28164,0.781256,1.00129,1,2,0,1,0.25,1,0.25,0,0,-1,1,2,0,4,2.02348,1
1,2,0,199,38651,42197.2,11029,51497,44289.2,42143.8,1.05091,0.952766,1.00127,1,61,0,1,0.25,1,0.25,0,0,-1,1,2,1,5,1.74656,0
1,2,0,192,43235,46656.5,11404,55912,48854.7,46638.7,1.04751,0.955005,1.00038,1,5,0,1,0.25,1,0.25,0,0,-1,1,2,1,4,1.36308,1
1,2,0,160,42344,45195.3,11120,53088,46168.4,45141.8,1.02274,0.978921,1.00118,1,1,0,1,0.25,1,0.25,0,0,-1,1,2,1,5,1.23519,1
1,2,0,179,45347,48536.8,11217,54421,49053,48519,1.01101,0.989477,1.00037,1,12,0,1,0.25,1,0.25,0,0,-1,1,2,1,3,0.947692,1
1,2,0,190,31946,35331.9,9654,39660,35296.2,36110.7,0.977445,1.00101,0.978432,1,1,1,0,0.25,1,0,0,0.75,0,3,2,0,1,0.25,1
1,2,2,281,22700,27707.5,7141,24839,28467.2,38231.5,0.744599,0.973315,0.724729,1,1,0,2.82843,0.75,5.65685,0.5,2.82843,0.75,1,3,2,1,3,1.31879,1
1,2,2,358,46805,53184.7,10575,46733,53344.6,53250.7,1.00176,0.997003,0.99876,1,1,0,1,0.25,1,0.5,0,0.25,1,3,2,1,3,1.62255,1
1,2,0,126,34475,36720.4,10271,45811,36666.9,38251.7,0.958569,1.00146,0.959967,1,2,0,1,0.353553,1.41421,0.707107,1.41421,0.790569,0,3,2,1,4,1.64,1
1,2,4,94,33849,35524.1,10065,44081,36053.7,36397.1,0.990565,0.985311,0.976015,1,1,1,1,0.25,1,0.25,0,0,-1,3,2,1,5,1.935,1
1,2,2,1247,53745,75966.9,11400,53106,92363.8,95319.4,0.968992,0.822476,0.796972,2,1,0,1,0.25,1,0.25,0,0,-1,3,2,1,5,2.04641,1
1,3,0,2145,59789,98013.6,75216,3037546,106078,127694,0.830724,0.923974,0.767568,1,2,-1,0,0,0,0,0,0,-1,0,0,1,5,2.5273,1
1,3,0,2803,61578,111528,75324,2158690,123227,126903,0.971036,0.905062,0.878848,2,22,-1,0,0,0,0,0,0,-1,0,0,1,5,2.5294,1
1,2,0,1936,57496,91996.1,11428,54026,94504.6,91942.7,1.02786,0.973456,1.00058,2,10,0,1,0.25,1,0.25,0,0,-1,1,2,1,5,1.73151,1
1,2,2,137,41638,44079.4,11730,56684,44053,44449.6,0.991077,1.0006,0.991671,1,1,1,1,0.25,1,0.707107,1,0.559017,0,3,2,1,3,1.31538,0
1,2,0,203,39523,43140.5,11466,56552,43265.3,43122.7,1.00331,0.997117,1.00041,1,81,0,1,0.25,1,0.25,0,0,-1,1,2,1,3,0.6875,0
1,2,1,263,47947,52633.7,11483,58003,52837.6,53896.8,0.980347,0.996142,0.976565,1,3,1,1,0.25,1,0.5,1,0.559017,1,3,2,1,4,0.907692,1
1,2,0,130,40152,42468.6,11044,53004,42886.5,42433,1.01069,0.990257,1.00084,1,1,0,0,0.25,0,0.25,0,0,-1,3,2,1,5,1,1
1,2,2,2167,68798,107415,12625,67919,108164,107838,1.00303,0.99307,0.996078,1,57,1,1,0.25,1,0.25,0,0,-1,3,2,1,5,1,1
1,2,6,66,26615,27791.1,8219,29753,28585.2,33155,0.862169,0.972222,0.83822,1,1,1,1.41421,0.559017,1.41421,0.559017,0,0,-1,3,2,1,3,1.54545,1
1,2,2,209,37897,41621.4,10106,41956,45422.7,45981.8,0.98784,0.916314,0.905172,2,5,0,1,0.25,1,0.5,0,0.25,1,3,2,1,5,1.45455,1
1,2,2,185,30476,33772.8,9782,43204,33808.4,33725.8,1.00245,0.998946,1.00139,2,2,1,0,0,0,0,0,0,-1,3,0,0,4,1.175,1
1,2,2,180,35430,38637.7,10345,46327,38810.4,39002.4,0.995076,0.99555,0.990647,1,1,0,1,0.25,1,0.25,0,0,-1,3,2,1,5,1.49519,1
1,3,0,1501,53381,80129.3,27575,363253,87869.6,100450,0.874759,0.911912,0.797703,1,8,-1,0,0,0,0,0,0,-1,0,0,1,5,2.00335,1
1,2,0,374,45073,51737.8,11101,53837,51684.3,53419.1,0.967525,1.00103,0.968525,1,1,0,0,0.25,1,0.75,0,1.06066,0,1,2,1,5,2.30839,1
1,3,0,3213,74959,132216,126746,7653968,141558,135834,1.04214,0.934006,0.973363,2,2,-1,0,0,0,0,0,0,-1,0,0,1,5,2.2026,1
1,3,0,2537,64534,109744,75338,2240116,136830,146157,0.936186,0.802046,0.750864,2,9,-1,0,0,0,0,0,0,-1,0,0,1,5,2.03871,1
1,2,2,1017,56489,74612.3,11646,55908,104212,87774.8,1.18726,0.715968,0.850042,1,107,1,89.4539,0.901388,181,0,90.4489,0.559017,1,1,2,1,3,1.48993,1
1,2,0,183,39594,42855.1,11563,58573,43035,42837.3,1.00462,0.99582,1.00042,1,77,0,1,0.25,1,0.25,0,0,-1,3,2,1,2,0.814286,0
1,2,2,206,41673,45344,12162,64098,45530.1,45441,1.00196,0.995913,0.997866,1,28,0,0,0.25,0,0.25,0,0,-1,3,2,1,3,0.6,1
1,2,7,218,53460,57344.8,12766,67004,57484.1,57359.4,1.00217,0.997577,0.999747,1,1,0,0,0.25,0,0.25,0,0,-1,3,2,1,5,1.248,1
1,2,0,4152,76362,150352,11997,59607,150487,150299,1.00126,0.999102,1.00036,2,9,0,0,0.25,0,0.25,0,0,-1,3,2,1,5,1.41938,1
1,2,5,99,31258,33022.2,9495,38243,33098,33360.2,0.992139,0.997712,0.989869,1,1,1,1.41421,0.559017,1.41421,0.559017,0,0,-1,3,2,1,3,1.29167,0
1,2,7,694,41214,53581.3,9541,39211,55604,55440.4,1.00295,0.963623,0.966466,2,5,1,1.41421,0.559017,1.41421,0.559017,0,0,-1,3,2,1,4,1.1625,1
1,2,0,1548,45115,72700.9,9650,40426,72647.4,74183.2,0.979297,1.00074,0.980018,2,2,0,5.38516,0,8.544,0,3.16228,0,1,3,0,1,5,1.80455,1
1,3,0,2581,57951,103945,136700,7560386,109110,109640,0.99517,0.952665,0.948064,1,50,-1,0,0,0,0,0,0,-1,0,0,1,5,1.99724,1
1,2,2,516,50587,59782.3,11397,53749,60076.4,60684.1,0.989986,0.995105,0.985139,2,1,0,1.41421,0.901388,1.41421,0.901388,0,0,-1,3,2,1,5,1.97244,1
1,2,0,338,43343,49366.3,10726,50594,49473.2,49330.6,1.00289,0.997839,1.00072,1,1,0,1,0.353553,1,0.353553,0,0,-1,3,2,1,5,1.8701,1
1,3,0,3474,73786,135694,55261,1482625,145995,147052,0.992811,0.92944,0.922758,2,2,-1,0,0,0,0,0,0,-1,0,0,1,5,1.87934,1
1,2,2,4732,96027,180353,12795,70391,183415,203131,0.902939,0.983304,0.887864,1,43,0,108.227,0.25,215.641,0.5,108.227,0.25,0,1,2,1,5,2.50663,1
1,2,2,1283,56094,78957.5,11061,54741,96553,90741.8,1.06404,0.817763,0.870134,1,11,1,103.788,0.790569,166.388,0.353553,62.9365,0.5,0,1,2,1,5,1.96485,1
1,2,1,159,54845,57678.4,12756,66470,58862.9,58661.7,1.00343,0.979878,0.983238,1,13,0,1,0.353553,1,0.559017,1,0.25,1,3,2,1,3,1.44862,1
1,2,4,121,45243,47399.3,12448,66738,48116.3,47586.8,1.01113,0.985099,0.996059,2,1,0,0,0,0,0,0,0,-1,3,0,1,4,0.995192,1
1,2,0,312,45859,51418.9,12190,64282,52726.5,51383.3,1.02614,0.975201,1.00069,1,1,0,0,0.25,0,0.25,0,0,-1,3,2,0,4,1.19464,1
1,2,5,4348,89818,167301,13073,72509,168272,168012,1.00155,0.994226,0.995764,2,2,0,0,0.25,0,0.25,0,0,-1,3,2,0,4,1.2433,1
