4,0,0,0,17356,17356,1413,12103,38230.5,17356,2.20272,0.453984,1,0,2,0,9.48683,0.5,9.48683,0.5,0,0,-1,3,1,0,0,0.588068,0
4,0,0,4,27157,35999.7,2228,39012,78468.6,35999.7,2.1797,0.458779,1,0,1,0,9.48683,0.5,9.48683,0.5,0,0,-1,3,1,1,1,0.588068,0
4,1,0,25,82799,138066,4684,164348,138066,160368,0.860933,1,0.860933,0,3,0,14,0.5,26.0192,0.353553,12,0.790569,1,1,1,0,0,0.588068,1
4,0,0,6,83497,96761.1,2862,62792,183352,94550.4,1.9392,0.527735,1.02338,0,1,0,3.16228,0.790569,3.16228,0.790569,0,0,-1,3,2,1,2,0.588068,0
4,0,0,1,43548,45758.7,2431,36329,68237.8,43548,1.56696,0.670577,1.05076,0,1,0,9.48683,0.5,9.48683,0.5,0,0,-1,3,1,0,0,0.794956,0
4,0,0,1,59947,62157.7,2548,44680,93819.1,59947,1.56503,0.662527,1.03688,0,1,0,9.48683,0.5,9.48683,0.5,0,0,-1,3,1,0,0,0.794956,0
4,0,0,1,94869,97079.7,3007,62009,126019,94869,1.32835,0.770355,1.0233,0,1,0,3.16228,0.790569,3.16228,0.790569,0,0,-1,3,2,0,0,0.794956,0
4,0,0,0,17206,17206,1407,13099,34653.4,17206,2.01403,0.496517,1,0,2,0,3.16228,0.790569,3.16228,0.790569,0,0,-1,3,2,0,0,0.794956,0
4,0,0,1,4713,6923.68,774,4104,26819.8,6923.68,3.87363,0.258156,1,0,1,-1,0,0,0,0,0,0,-1,2,0,0,0,0.589744,0
4,0,0,1,10345,12555.7,1093,7323,28287.1,12555.7,2.25293,0.443866,1,0,1,-1,0,0,0,0,0,0,-1,2,0,0,0,0.589744,0
4,0,0,1,4298,6508.68,759,3657,26404.8,6508.68,4.05686,0.246496,1,0,1,-1,0,0,0,0,0,0,-1,2,0,0,0,0.589744,0
4,0,0,1,90518,92728.7,2209,59771,116573,92728.7,1.25714,0.795454,1,0,2,-1,0,0,0,0,0,0,-1,2,0,0,0,0.589744,1
4,0,0,4,9692,18534.7,1047,7771,27377.4,18534.7,1.47709,0.677007,1,0,1,0,0,0,0,0,0,0,-1,1,0,0,0,0.780702,0
4,0,0,1,48934,51144.7,2036,27512,64767.8,51144.7,1.26636,0.789662,1,0,1,0,0,0,0,0,0,0,-1,1,0,1,1,0.780702,0
4,0,0,1,39541,41751.7,1257,10481,59959.5,41751.7,1.4361,0.696331,1,0,1,0,27.8927,0.559017,27.8927,0.559017,0,0,-1,1,2,0,0,0.780702,0
4,0,0,1,63679,65889.7,2520,51930,84039.2,63679,1.31973,0.784035,1.03472,0,1,0,27.8927,0.559017,27.8927,0.559017,0,0,-1,1,2,0,0,0.780702,0
4,0,0,1,58708,60918.7,2219,32955,75207.5,58708,1.28104,0.810008,1.03766,0,1,0,0,0,0,0,0,0,-1,1,0,0,0,0.780702,0
4,0,0,0,66542,66542,1873,22689,72236.5,66542,1.08558,0.921169,1,0,1,0,0,0,0,0,0,0,-1,1,0,1,1,0.780702,0
4,1,1,15,81043,114203,3830,135802,271485,186296,1.45728,0.420661,0.613021,0,1,0,0,0,0,0,0,0,-1,1,0,0,0,0.780702,1
4,0,0,4,51520,60362.7,1831,22059,82487.9,60362.7,1.36654,0.731777,1,0,8,0,0,0,0,0,0,0,-1,1,0,0,1,0.780702,0
4,0,0,1,15737,17947.7,961,6693,39669.5,17947.7,2.21028,0.452431,1,0,1,0,0,0,0,0,0,0,-1,1,0,0,0,0.601276,0
4,0,0,4,24599,33441.7,1383,13495,74423.2,33441.7,2.22546,0.449345,1,0,2,0,9.21954,0.790569,9.21954,0.790569,0,0,-1,3,2,0,0,0.601276,0
4,0,0,3,95932,102564,2507,37661,149082,102564,1.45355,0.687972,1,0,1,0,9.21954,0.790569,9.21954,0.790569,0,0,-1,3,2,2,2,0.601276,0
4,0,0,4,41586,50428.7,2115,26651,96408.9,50428.7,1.91179,0.523071,1,0,1,0,9.21954,1.06066,9.21954,1.06066,0,0,-1,3,2,1,1,0.601276,0
4,0,0,2,16479,20900.4,1275,10769,33405.4,18689.7,1.78737,0.625658,1.11828,0,7,0,0,0,0,0,0,0,-1,1,0,0,0,0.924268,0
4,0,0,1,15708,17918.7,1322,10196,39799.5,15708,2.53371,0.450224,1.14074,0,7,0,0,0,0,0,0,0,-1,1,0,0,0,0.924268,0
4,0,0,1,36111,38321.7,2322,31232,51698.5,38321.7,1.34907,0.741253,1,0,2,0,9.21954,0.790569,9.21954,0.790569,0,0,-1,3,2,1,1,0.924268,0
4,0,0,3,6366,12998,942,5998,24051.4,12998,1.85039,0.540427,1,0,1,0,0,0,0,0,0,0,-1,1,0,1,1,0.924268,0
4,0,0,1,26784,28994.7,1609,19667,59311.2,28994.7,2.04559,0.488857,1,0,1,0,9.21954,1.06066,9.21954,1.06066,0,0,-1,3,2,1,1,0.924268,0
4,0,0,3,14277,20909,1010,7436,34173.1,20909,1.63437,0.611856,1,0,6,0,0,0,0,0,0,0,-1,1,0,1,1,0.924268,0
4,0,0,1,70188,72398.7,2356,35578,81073.4,72398.7,1.11982,0.893001,1,0,1,0,9.21954,1.06066,9.21954,1.06066,0,0,-1,3,2,1,1,0.924268,1
4,0,0,3,12355,18987,972,7542,37674.1,16776.4,2.24567,0.503981,1.13177,0,1,0,0,0,0,0,0,0,-1,1,0,0,1,0.924268,0
4,1,2,11,174765,199082,5075,170077,227885,207687,1.09726,0.873608,0.958571,0,4,0,2.23607,0.353553,2.23607,0.353553,0,0,-1,3,2,1,1,1.03454,1
4,0,0,1,8302,10512.7,1004,6316,30545.8,10512.7,2.90561,0.344161,1,0,1,0,1.41421,0.790569,1.41421,0.790569,0,0,-1,3,2,0,1,1.03454,0
4,0,0,2,5815,10236.4,858,4622,33492.1,8025.68,4.17312,0.305635,1.27545,0,1,0,2.23607,0.353553,2.23607,0.353553,0,0,-1,3,2,0,2,1.03454,0
4,0,0,1,7404,9614.68,1108,6942,29684.8,9614.68,3.08744,0.323892,1,0,1,0,2.23607,0.353553,2.23607,0.353553,0,0,-1,3,2,0,1,1.03454,0
4,1,2,14,12560,43509.5,964,8798,70207.8,43679.7,1.60733,0.619724,0.996104,0,1,-1,0,0,0,0,0,0,-1,2,0,0,0,0.994602,1
4,0,0,3,46640,53272,3238,53942,52303.8,48850.7,1.07069,1.01851,1.09051,0,1,0,27.8927,0,27.8927,0,0,0,-1,3,0,0,3,0.994602,0
4,0,0,3,75506,82138,2307,43591,101856,79927.4,1.27436,0.806414,1.02766,0,1,0,27.8927,0,27.8927,0,0,0,-1,3,0,0,2,0.994602,0
4,0,0,1,8999,11209.7,1024,6476,60692.3,11209.7,5.41427,0.184697,1,0,1,0,27.8927,0,27.8927,0,0,0,-1,3,0,0,1,0.994602,0
4,1,6,14,37755,68704.5,1761,18449,118628,96273.6,1.23219,0.579161,0.713638,0,4,-1,0,0,0,0,0,0,-1,2,0,0,0,0.994602,0
4,0,0,1,3953,6163.68,636,2300,26546.4,6163.68,4.30691,0.232185,1,0,1,0,27.8927,0,27.8927,0,0,0,-1,3,0,0,0,0.994602,0
4,1,6,15,42341,75501.2,2706,46950,136663,110660,1.23498,0.552463,0.682283,0,2,-1,0,0,0,0,0,0,-1,2,0,0,0,0.994602,1
4,0,0,4,12933,21775.7,1351,11169,38538.8,19565,1.96978,0.565033,1.11299,0,1,0,27.8927,0,27.8927,0,0,0,-1,3,0,0,1,0.994602,0
4,0,0,1,36087,38297.7,1965,23513,70259.2,38297.7,1.83456,0.545091,1,0,1,0,27.8927,0,27.8927,0,0,0,-1,3,0,0,2,1.13162,1
4,2,1,32,87616,158358,4068,110656,164005,174549,0.939597,0.965564,0.907241,0,1,1,1,0.353553,1,0.353553,0,0,1,1,2,0,2,1.13162,1
4,0,0,1,7167,9377.68,949,5063,56846.2,7167,7.93166,0.164966,1.30845,0,1,0,27.8927,0,27.8927,0,0,0,-1,3,0,0,2,1.13162,0
4,0,0,1,10395,12605.7,1206,7806,67176.3,12605.7,5.32905,0.187651,1,0,1,0,27.8927,0,27.8927,0,0,0,-1,3,0,0,3,1.13162,0
4,0,0,1,32415,34625.7,1617,16413,63364.5,34625.7,1.82999,0.546452,1,0,1,-1,0,0,0,0,0,0,-1,2,0,0,2,0.798246,0
4,0,0,4,48525,57367.7,2019,33125,134528,57367.7,2.34501,0.426437,1,0,1,0,27.8927,0,27.8927,0,0,0,-1,3,0,0,1,0.798246,0
4,0,0,1,13962,16172.7,1287,11065,44911.5,16172.7,2.777,0.360101,1,0,1,-1,0,0,0,0,0,0,-1,2,0,0,0,0.798246,0
4,0,0,1,17111,19321.7,1633,20453,48060.5,19321.7,2.48739,0.402028,1,0,2,-1,0,0,0,0,0,0,-1,2,0,0,0,0.798246,0
4,0,0,1,8814,11024.7,855,7043,51982.9,11024.7,4.71514,0.212083,1,0,1,0,8.06226,0.559017,8.06226,0.559017,0,0,-1,3,2,0,0,0.888112,0
4,0,0,3,129025,135657,3583,117155,159009,135657,1.17214,0.853139,1,0,1,0,5.83095,0.559017,5.83095,0.559017,0,0,-1,3,2,1,1,0.888112,0
4,0,0,1,7151,9361.68,963,5679,32655.1,9361.68,3.48817,0.286683,1,0,1,0,8.06226,0.559017,8.06226,0.559017,0,0,-1,3,2,0,0,0.888112,0
4,0,0,3,60440,67072,2589,46575,119206,67072,1.77729,0.562655,1,0,1,0,5.83095,0.559017,5.83095,0.559017,0,0,-1,3,2,0,0,0.888112,0
4,0,0,4,36360,45202.7,2162,23830,62103.1,45202.7,1.37388,0.727865,1,0,3,0,11.4018,0.25,11.4018,0.25,0,0,-1,3,2,0,0,1.17898,0
4,0,0,1,26778,28988.7,1974,22290,58509.5,28988.7,2.01836,0.495453,1,0,1,0,11.4018,0.25,11.4018,0.25,0,0,-1,3,2,0,0,1.17898,0
4,0,0,2,34101,38522.4,1682,17342,86983.6,38522.4,2.258,0.442869,1,0,1,0,11.4018,0.25,11.4018,0.25,0,0,-1,3,2,0,0,1.17898,0
4,0,0,1,14123,16333.7,1603,15255,44036.5,16333.7,2.69606,0.370912,1,0,1,0,11.4018,0.25,11.4018,0.25,0,0,-1,3,2,0,0,1.17898,0
4,1,1,12,27258,53786.1,1827,19343,106816,53864.7,1.98305,0.503539,0.998542,0,1,0,8.06226,0.559017,8.06226,0.559017,0,0,-1,3,2,0,0,1.17898,1
4,0,0,1,11407,13617.7,952,5980,43463.2,13617.7,3.19167,0.313315,1,0,1,0,2.23607,0.707107,2.23607,0.707107,0,0,-1,3,1,0,1,1.17898,0
4,0,0,3,17012,23644,1054,7394,43710.5,23644,1.84869,0.540924,1,0,1,0,2.23607,0.707107,2.23607,0.707107,0,0,-1,3,1,0,2,1.17898,0
4,0,0,2,9150,13571.4,1170,7852,44924.9,11360.7,3.95442,0.30209,1.19459,0,1,0,2.23607,0.707107,2.23607,0.707107,0,0,-1,3,1,0,1,1.17898,0
4,0,0,1,7151,9361.68,867,6041,33679.1,9361.68,3.59755,0.277967,1,0,1,-1,0,0,0,0,0,0,-1,2,0,0,0,0.879583,0
4,0,0,1,13860,16070.7,1289,9337,43978.5,16070.7,2.73657,0.365421,1,0,1,-1,0,0,0,0,0,0,-1,2,0,0,0,0.879583,0
4,0,0,1,8873,11083.7,1029,6191,36197.1,11083.7,3.26581,0.306203,1,0,1,0,11.1803,0.5,11.1803,0.5,0,0,-1,1,1,0,0,0.879583,0
4,0,0,3,5083,11715,902,4450,36023.5,11715,3.07498,0.325205,1,0,3,-1,0,0,0,0,0,0,-1,2,0,0,0,0.879583,0
3,2,6,38,42111,76782.2,2463,47393,78367.6,130385,0.601048,0.97977,0.588888,0,1,-1,0,0,0,0,0,0,-1,2,0,0,0,0.739583,0
3,1,1,34,77541,108563,3790,93532,132815,152626,0.870199,0.817397,0.711298,0,2,0,17.088,0.5,18.0278,0.25,1,0.75,0,1,1,0,0,0.739583,0
3,3,0,41,132238,169646,5325,168307,212580,202907,1.04767,0.798037,0.83608,0,6,-1,0,0,0,0,0,0,-1,0,0,0,0,0.739583,0
3,3,0,39,122474,158058,8708,394074,246675,223501,1.10369,0.640752,0.707189,1,1,-1,0,0,0,0,0,0,-1,0,0,0,0,0.739583,0
3,0,0,5,53468,58030,2622,43624,58094.8,58030,1.00112,0.998885,1,0,7,0,18.6815,1.06066,18.6815,1.06066,0,0,-1,3,2,0,0,0.739583,0
3,1,0,17,34469,49979.8,1916,24772,49979.8,84775.4,0.589555,1,0.589555,0,2,-1,0,0,0,0,0,0,-1,2,0,0,0,0.739583,0
3,2,1,45,31938,72996,2824,49138,80140,94961.8,0.843918,0.910856,0.768688,0,5,0,18.6815,1.06066,18.6815,1.06066,0,0,-1,3,2,0,0,0.739583,0
3,1,4,13,12722,24583.2,1235,11021,43216.2,26104.4,1.65551,0.568842,0.941726,0,1,0,18.6815,1.06066,18.6815,1.06066,0,0,-1,3,2,0,0,0.739583,0
3,0,0,1,8943,9855.4,1043,7313,19559.8,9855.4,1.98468,0.50386,1,0,3,-1,0,0,0,0,0,0,-1,2,0,0,0,1.15789,0
3,0,0,1,50220,51132.4,2110,28870,54672.2,51132.4,1.06923,0.935254,1,0,3,-1,0,0,0,0,0,0,-1,2,0,1,1,1.15789,0
3,0,0,2,6727,8551.8,1000,5604,14938.6,8551.8,1.74684,0.572463,1,0,3,-1,0,0,0,0,0,0,-1,2,0,0,0,1.15789,0
3,2,2,47,57318,100201,2546,44778,125797,108314,1.1614,0.79653,0.925094,0,3,-1,0,0,0,0,0,0,-1,2,0,1,1,1.15789,0
3,2,6,32,64886,94082.8,4035,98597,110744,98807.6,1.12081,0.849549,0.952182,1,16,-1,0,0,0,0,0,0,-1,2,0,0,0,1.15789,0
3,1,1,37,64599,98357.8,6987,317765,203206,204853,0.991964,0.484029,0.480139,0,2,0,0,0,0,0,0,0,-1,3,0,1,1,1.15789,0
3,2,0,38,38483,73154.2,2219,29163,73154.2,92866.2,0.787738,1,0.787738,0,1,-1,0,0,0,0,0,0,-1,2,0,1,1,1.15789,0
3,2,0,8,18542,25841.2,2054,28142,30282.8,25841.2,1.17188,0.853329,1,0,4,-1,0,0,0,0,0,0,-1,2,0,0,0,1.15789,0
3,3,0,14,23931,36704.6,2476,80880,87708.4,104154,0.8421,0.418484,0.352406,0,5,-1,0,0,0,0,0,0,-1,0,0,0,0,1.24862,0
3,1,0,9,4337,12548.6,755,3723,12548.6,87496.8,0.143418,1,0.143418,0,2,0,0,0,0,0,0,0,0,1,0,0,0,1.24862,0
3,1,0,30,19108,46480,1084,10538,46480,51329.2,0.905528,1,0.905528,0,4,0,42.5441,0.353553,41.0488,0.559017,19.105,0.25,0,1,2,1,1,1.24862,0
3,3,0,25,40444,63254,2131,37921,70772,69145,1.02353,0.893772,0.914802,0,3,-1,0,0,0,0,0,0,-1,0,0,0,0,1.24862,1
3,0,0,1,5603,6515.4,722,3646,14939.8,6515.4,2.293,0.43611,1,0,1,0,0,0,0,0,0,0,-1,1,0,0,0,0.884111,0
3,0,0,5,31841,36403,1380,15736,38326.6,35490.6,1.07991,0.94981,1.02571,0,1,-1,0,0,0,0,0,0,-1,2,0,1,1,0.884111,0
3,1,1,20,25441,43689,2195,40249,108986,92805.6,1.17435,0.400867,0.470758,0,1,1,0,0.75,1,0.5,0,0.75,0,1,2,2,2,0.884111,0
3,0,0,1,36239,37151.4,1838,27104,45712,37151.4,1.23042,0.812727,1,0,1,0,20.5183,0.5,20.5183,0.5,0,0,-1,3,1,0,0,0.884111,0
3,1,7,11,26152,36188.4,1657,33045,45000.4,39526,1.1385,0.804179,0.915559,0,3,0,0,0,0,0,0,0,-1,1,0,0,0,0.884111,1
3,2,0,17,28662,44172.8,2041,27797,56649.6,44172.8,1.28245,0.779755,1,0,9,0,20.5183,0.5,20.5183,0.5,0,0,-1,3,1,1,2,0.884111,1
3,2,0,23,29822,50807.2,1974,24586,53662.2,49894.8,1.07551,0.946797,1.01829,0,5,0,19.105,0.901388,19.105,0.901388,0,0,-1,3,2,1,3,0.884111,0
3,2,0,9,38734,46945.6,2865,49253,48065.2,46033.2,1.04414,0.976707,1.01982,0,4,0,19.105,0.901388,19.105,0.901388,0,0,-1,3,2,0,3,0.884111,0
3,1,4,11,13926,23962.4,1603,19905,29903.6,32960.4,0.907258,0.801322,0.727006,0,1,0,0,0,0,0,0,0,-1,1,0,0,0,1.22419,0
3,0,0,4,5006,8655.6,810,4284,14130,8655.6,1.63247,0.612569,1,0,1,0,0,0,0,0,0,0,-1,1,0,1,1,1.22419,0
3,1,2,20,10268,28516,1288,10176,30957.8,39784.4,0.778139,0.921125,0.716763,0,1,-1,0,0,0,0,0,0,-1,2,0,0,0,1.22419,1
3,0,0,3,10440,13177.2,942,6190,19564,12264.8,1.59513,0.673543,1.07439,0,1,0,0,0,0,0,0,0,-1,1,0,1,2,1.22419,0
3,2,0,12,6699,17647.8,1901,28025,20152.6,17647.8,1.14193,0.875708,1,0,5,0,20.5183,0.5,20.5183,0.5,0,0,-1,3,1,1,1,1.22419,0
3,1,2,18,58271,74694.2,2541,59967,107772,84282.4,1.2787,0.693076,0.886237,0,4,-1,0,0,0,0,0,0,-1,2,0,1,1,1.22419,1
3,1,0,15,19449,33135,1519,14473,33135,36694.4,0.902999,1,0.902999,0,4,0,19.8494,0.25,19.2094,0,2,0.25,1,1,2,0,0,1.22419,0
3,1,7,12,30536,41484.8,1459,16141,66333.8,45026.4,1.47322,0.625395,0.921344,0,1,0,19.8494,0.25,19.8494,0.25,0,0,-1,3,2,0,2,1.22419,1
3,2,0,13,76131,87992.2,3403,75719,114396,87992.2,1.30007,0.769192,1,0,2,-1,0,0,0,0,0,0,-1,2,0,1,1,1.18429,0
3,2,1,17,19880,35390.8,2201,27253,53442.6,50016.2,1.06851,0.662221,0.707587,0,2,-1,0,0,0,0,0,0,-1,2,0,0,0,1.18429,0
3,0,0,3,8913,11650.2,1187,8405,17838.6,10737.8,1.66129,0.653089,1.08497,0,1,0,0,0,0,0,0,0,-1,3,0,0,0,1.18429,0
3,0,0,2,7530,9354.8,1078,7288,15878.6,9354.8,1.69737,0.589145,1,0,1,0,0,0,0,0,0,0,-1,3,0,0,0,1.18429,0
3,0,0,2,18214,20038.8,1300,13190,28250.4,19126.4,1.47704,0.709328,1.0477,0,1,-1,0,0,0,0,0,0,-1,2,0,0,0,1.0609,0
3,1,0,17,17317,32827.8,1086,10692,32827.8,34567.8,0.949664,1,0.949664,0,1,-1,0,0,0,0,0,0,-1,2,0,0,0,1.0609,0
3,3,0,12,11447,22395.8,1613,14793,32117,25730.2,1.24822,0.697319,0.870409,0,3,-1,0,0,0,0,0,0,-1,0,0,0,0,1.0609,1
3,0,0,2,10461,12285.8,770,3774,48925.2,12285.8,3.98226,0.251114,1,0,1,0,56.0803,0.901388,56.0803,0.901388,0,0,-1,3,2,0,1,1.0609,0
3,0,0,2,21294,23118.8,1942,39010,29505.6,23118.8,1.27626,0.783539,1,0,1,-1,0,0,0,0,0,0,-1,2,0,0,0,1.57407,0
3,2,2,59,60785,114617,3970,102270,116966,151825,0.770397,0.979917,0.754925,0,2,0,21.2603,1.06066,21.2603,1.06066,0,0,-1,3,2,1,1,1.57407,1
3,2,2,79,52990,125070,2157,50549,161645,137409,1.17638,0.773732,0.910201,1,1,-1,0,0,0,0,0,0,-1,2,0,0,0,1.57407,1
3,1,2,29,48573,75032.6,2288,48422,80894.6,102551,0.788826,0.927535,0.731664,0,2,0,21.2603,1.06066,21.2603,1.06066,0,0,1,3,2,0,3,1.57407,0
3,0,0,2,17929,19753.8,1496,14556,27424.2,19753.8,1.3883,0.720305,1,0,2,0,16.2788,0.559017,16.2788,0.559017,0,0,-1,3,2,0,1,1.63352,0
3,0,0,3,4634,7371.2,843,4267,13758,7371.2,1.86645,0.535775,1,0,1,0,0,0,0,0,0,0,-1,1,0,0,0,1.63352,0
3,0,0,4,33150,36799.6,1551,23587,44776.8,35887.2,1.24771,0.821845,1.02542,0,1,0,16.2788,0.559017,16.2788,0.559017,0,0,-1,3,2,1,1,1.63352,1
3,0,0,4,9309,12958.6,1057,8627,28490.4,12046.2,2.3651,0.454841,1.07574,0,1,0,0,0,0,0,0,0,-1,3,0,0,1,1.63352,0
3,0,0,3,16485,19222.2,809,4571,34156.6,19222.2,1.77694,0.562767,1,0,2,0,56.0803,0.901388,56.0803,0.901388,0,0,-1,3,2,0,0,0.961623,0
3,1,5,14,17926,30699.6,1571,15005,53155.6,35535,1.49587,0.577542,0.863926,0,1,0,25,0.559017,25,0.559017,0,0,-1,3,2,0,0,0.961623,1
3,0,0,2,5223,7047.8,824,4446,16171.8,6135.4,2.63582,0.435808,1.14871,0,1,-1,0,0,0,0,0,0,-1,2,0,0,0,0.961623,0
3,0,0,1,6830,7742.4,958,6044,18042.8,7742.4,2.33039,0.429113,1,0,1,-1,0,0,0,0,0,0,-1,2,0,0,2,0.961623,0
3,0,0,3,14448,17185.2,897,5575,19608.4,16272.8,1.20498,0.87642,1.05607,0,2,0,50.01,0.5,50.01,0.5,0,0,-1,3,1,0,0,1.44057,0
3,0,0,4,6265,9914.6,992,6134,19258,9914.6,1.94239,0.51483,1,0,2,0,0,0,0,0,0,0,-1,1,0,0,0,1.44057,0
3,0,0,2,4050,5874.8,760,3734,17761.4,5874.8,3.02332,0.330762,1,0,2,-1,0,0,0,0,0,0,-1,2,0,0,0,1.44057,0
3,0,0,1,6037,6949.4,854,4926,21003.8,6949.4,3.02239,0.330864,1,0,2,-1,0,0,0,0,0,0,-1,2,0,0,0,1.44057,0
3,1,5,14,44859,57632.6,2546,79354,68426.6,71296.2,0.959751,0.842254,0.808354,0,2,0,4.12311,0.75,4.12311,0.75,0,0,-1,3,2,1,1,1.57081,1
3,1,5,30,25744,53116,3668,98154,70726.6,83950.4,0.842481,0.751005,0.632707,0,10,-1,0,0,0,0,0,0,-1,2,0,0,1,1.57081,0
3,1,2,13,26753,38614.2,1957,23279,58872.6,41385.6,1.42254,0.655894,0.933035,0,1,0,1,0.5,1,0.5,0,0,-1,3,1,0,2,1.57081,1
3,2,0,22,23558,43630.8,1944,24278,44473,42718.4,1.04107,0.981063,1.02136,0,1,0,10,0.901388,10,0.901388,0,0,-1,3,2,0,2,1.57081,1
3,0,0,4,5992,9641.6,851,4827,19700.6,9641.6,2.04329,0.489406,1,0,1,0,21.095,0.901388,21.095,0.901388,0,0,-1,3,2,0,0,1.82544,0
3,0,0,3,19685,22422.2,1440,15600,23003.2,22422.2,1.02591,0.974742,1,0,1,0,18.868,0.25,18.868,0.25,0,0,-1,3,2,0,0,1.82544,0
3,0,0,3,5754,8491.2,655,2737,22552.6,8491.2,2.656,0.376506,1,0,4,0,21.095,0.901388,21.095,0.901388,0,0,-1,3,2,1,1,1.82544,0
3,1,4,25,27372,50182,1837,25483,50461.6,74656,0.675922,0.994459,0.672176,0,1,0,21.095,0.901388,21.095,0.901388,0,0,-1,3,2,0,0,1.82544,0
3,1,5,21,33527,52687.4,2197,36255,55785,61461.6,0.90764,0.944473,0.857241,0,1,-1,0,0,0,0,0,0,-1,2,0,1,1,1.82544,0
3,2,4,21,27489,46649.4,2573,38315,62249,46841.8,1.32892,0.7494,0.995893,0,2,0,23.3238,0.901388,23.3238,0.901388,0,0,-1,1,2,0,0,1.82544,0
3,0,0,5,19685,24247,1383,13153,38839.8,23334.6,1.66447,0.624282,1.0391,0,1,0,10,0.901388,10,0.901388,0,0,-1,3,2,1,2,1.82544,0
3,2,0,26,33744,57466.4,2289,33405,56816.8,56554,1.00465,1.01143,1.01613,0,1,0,24.0832,0.559017,24.0832,0.559017,0,0,-1,3,2,0,0,1.82544,0
3,0,0,2,19482,21306.8,1409,13705,71209.4,21306.8,3.3421,0.299213,1,0,1,0,24.0832,0.559017,24.0832,0.559017,0,0,-1,3,2,0,0,1.82544,0
3,1,1,15,37168,50854,2319,30825,52708.4,57306.4,0.919765,0.964818,0.887405,0,1,0,18.868,0.25,18.868,0.25,0,0,-1,3,2,0,0,1.82544,1
3,1,0,30,25009,52381,1521,14667,51468.6,60747.2,0.847259,1.01773,0.862278,0,1,-1,0,0,0,0,0,0,-1,2,0,0,0,1.82544,0
3,0,0,4,7379,11028.6,858,5220,20329.4,10116.2,2.00959,0.542495,1.09019,0,1,0,24.0832,0.559017,24.0832,0.559017,0,0,-1,3,2,0,2,1.82544,0
3,2,1,54,59390,108660,3337,70157,116242,115322,1.00798,0.934771,0.942228,0,8,-1,0,0,0,0,0,0,-1,2,0,1,1,1.5925,0
3,1,1,30,16389,43761,1579,18555,46599.8,60516,0.770041,0.939081,0.723131,0,5,-1,0,0,0,0,0,0,-1,2,0,1,1,1.5925,0
3,1,6,27,25396,50030.8,1593,24633,50615.8,88355.8,0.572863,0.988442,0.566242,0,2,0,18.868,0.25,18.868,0.25,0,0,-1,1,2,1,1,1.5925,0
3,1,4,20,22679,40927,2036,51254,56145.2,48354.6,1.16111,0.728949,0.846393,0,5,0,17.4642,0.353553,17.4642,0.353553,0,0,-1,1,2,1,1,1.5925,1
3,1,2,8,24824,32123.2,1954,22840,56394.8,44336.8,1.27196,0.569613,0.724527,0,1,0,6.7082,0.707107,6.7082,0.707107,0,0,-1,3,1,0,0,1.57542,0
3,0,0,4,26311,29960.6,1420,13190,33437.4,29960.6,1.11605,0.896021,1,0,1,0,6.7082,0.5,6.7082,0.5,0,0,-1,3,1,0,0,1.57542,0
3,0,0,5,12520,17082,1460,14018,23227.8,17082,1.35978,0.735412,1,0,1,0,6.7082,0.5,6.7082,0.5,0,0,-1,3,1,0,0,1.57542,0
3,0,0,2,8077,9901.8,872,5206,20895.6,8989.4,2.32447,0.47387,1.1015,0,1,0,6.7082,0.5,6.7082,0.5,0,0,-1,3,1,0,0,1.57542,0
3,0,0,2,11207,13031.8,985,6757,30050.2,13031.8,2.30591,0.433668,1,0,1,0,5.83095,0.790569,5.83095,0.790569,0,0,-1,3,2,0,0,1.23953,0
3,1,0,13,13004,24865.2,1191,9123,24865.2,27292.8,0.911054,1,0.911054,0,1,0,0,0,0,0,0,0,1,1,0,1,1,1.23953,0
3,0,0,3,4894,7631.2,1265,12371,16058.8,7631.2,2.10436,0.475204,1,0,2,0,0,0,0,0,0,0,-1,1,0,0,0,1.23953,0
3,0,0,2,19558,21382.8,1172,10392,40984,21382.8,1.91668,0.521735,1,0,1,0,0,0,0,0,0,0,-1,1,0,0,0,1.23953,0
3,0,0,1,19395,20307.4,1306,11956,33044,20307.4,1.62719,0.614556,1,0,5,0,0,0,0,0,0,0,-1,1,0,1,1,1.22104,0
3,0,0,2,8320,10144.8,978,7112,23787.8,10144.8,2.34483,0.426471,1,0,5,0,0,0,0,0,0,0,-1,1,0,1,1,1.22104,0
3,0,0,3,51564,54301.2,1946,30844,65028.4,54301.2,1.19755,0.835038,1,0,1,0,0,0,0,0,0,0,-1,1,0,0,0,1.22104,0
3,1,2,41,51448,88856.4,2341,35607,90138,128950,0.699017,0.985782,0.689078,0,1,-1,0,0,0,0,0,0,-1,2,0,1,1,1.22104,0
3,2,0,32,37461,66657.8,2154,31212,66657.8,80168.4,0.831472,1,0.831472,0,2,0,14.1421,0.901388,16.4012,0.901388,3,0,1,1,2,1,1,1.30582,0
3,1,0,8,31047,38346.2,1491,13739,38346.2,44978.6,0.852543,1,0.852543,0,1,0,8.544,0.901388,8.544,0.901388,0,0,1,1,2,1,1,1.30582,0
3,2,2,32,34747,63943.8,2122,31758,91119.6,77852.8,1.17041,0.701757,0.821342,0,2,0,14.1421,0.901388,14.1421,0.901388,0,0,-1,1,2,1,1,1.30582,0
3,2,0,71,109340,174120,3298,68572,173208,201832,0.85818,1.00527,0.8627,0,9,0,13.6015,0.901388,18.9737,0.25,4.12311,0.790569,1,1,2,1,1,1.30582,1
3,0,0,2,24610,26434.8,1512,19516,36471.2,26434.8,1.37967,0.724813,1,0,3,1,0,0,0,0,0,0,-1,1,0,1,1,1.30582,0
3,1,2,13,74594,86455.2,2925,56455,92989,108189,0.859508,0.929736,0.799115,0,1,0,15.5242,0.790569,15.5242,0.790569,0,0,-1,1,2,0,2,1.30582,1
3,0,0,2,6902,8726.8,974,6270,18763.2,8726.8,2.15007,0.465102,1,0,1,1,0,0,0,0,0,0,-1,1,0,0,0,1.30582,0
3,3,0,14,42237,55010.6,1976,23082,84352,88279.8,0.955507,0.652155,0.623139,0,1,-1,0,0,0,0,0,0,-1,0,0,0,2,1.30582,0
3,0,0,5,11628,16190,851,5113,44159.6,16190,2.72759,0.366625,1,0,3,0,11.0454,0.901388,11.0454,0.901388,0,0,-1,3,2,0,0,1.1683,0
3,0,0,3,3049,5786.2,624,2732,11260.6,5786.2,1.94611,0.513845,1,0,2,-1,0,0,0,0,0,0,-1,2,0,0,0,1.1683,0
3,1,1,18,20011,36434.2,2233,52787,70083.4,56244.2,1.24606,0.519869,0.647786,0,2,0,11.0454,0.901388,11.0454,0.901388,0,0,-1,3,2,0,0,1.1683,0
3,1,2,20,23382,41630,1575,21807,49249.2,50690.2,0.971573,0.845293,0.821263,0,3,-1,0,0,0,0,0,0,-1,2,0,1,1,1.1683,0
4,0,0,1,46411,48621.7,1987,26005,68517.8,48621.7,1.4092,0.709621,1,0,1,1,1,0.559017,1,0.559017,0,0,-1,1,2,0,0,0.333333,0
4,0,0,3,86281,92913,2745,50999,105413,90702.4,1.16218,0.881421,1.02437,0,1,1,1,0.353553,1,0.353553,0,0,-1,3,2,0,0,0.333333,0
4,0,0,0,69589,69589,2716,45694,91695.8,69589,1.31768,0.758912,1,0,1,1,1,0.559017,1,0.559017,0,0,-1,1,2,0,0,0.333333,0
4,1,2,10,62634,84740.8,2793,56405,121454,96698.4,1.25601,0.697718,0.876341,0,1,1,1,0.559017,1,0.559017,0,0,-1,1,2,0,0,0.333333,0
4,0,0,2,12741,17162.4,1108,8678,26279.7,17162.4,1.53124,0.653064,1,0,1,-1,0,0,0,0,0,0,-1,2,0,0,0,1.00004,0
4,1,2,12,106951,133479,3505,91413,174390,176894,0.985847,0.765404,0.754572,0,2,0,1,0.25,1,0.25,0,0,-1,3,2,1,1,1.00004,0
4,3,0,27,57876,117564,5464,175996,185086,158403,1.16846,0.635186,0.742187,0,1,-1,0,0,0,0,0,0,-1,0,0,0,0,1.00004,0
4,1,4,28,44685,106584,2119,31989,107343,156168,0.687356,0.992926,0.682494,0,1,-1,0,0,0,0,0,0,-1,2,0,0,0,1.00004,0
4,1,1,27,133125,192813,6796,383940,250904,235429,1.06573,0.768475,0.818987,0,4,0,1,0.25,1,0.25,0,0,-1,1,2,0,0,1.00004,0
4,1,1,26,56293,113771,8092,461690,257588,270278,0.953049,0.441677,0.42094,0,5,-1,0,0,0,0,0,0,-1,2,0,1,1,1.00004,0
4,0,0,2,4752,9173.36,734,4292,26858.8,9173.36,2.92791,0.34154,1,0,1,-1,0,0,0,0,0,0,-1,2,0,0,0,1.00004,0
4,0,0,2,8654,13075.4,898,4862,30760.8,13075.4,2.35258,0.425066,1,0,1,-1,0,0,0,0,0,0,-1,2,0,0,0,1.00004,0
4,1,5,17,103414,140996,4412,157816,232723,213020,1.0925,0.605851,0.66189,0,1,1,1,0.559017,1,0.559017,0,0,1,1,2,0,0,1.26071,1
4,1,0,11,51244,75561.5,2361,35549,73350.8,87033,0.842792,1.03014,0.868193,0,1,1,1,0.559017,1,0.559017,0,0,1,1,2,0,1,1.26071,0
4,0,0,3,21083,27715,1419,14479,43285.1,27715,1.56179,0.64029,1,0,1,0,25.318,0,25.318,0,0,0,-1,1,0,0,2,1.26071,0
4,0,0,2,118781,123202,5708,224922,138677,123202,1.1256,0.888412,1,0,1,0,25.318,0,25.318,0,0,0,-1,1,0,0,1,1.26071,1
4,0,0,2,8141,12562.4,752,5116,24624.4,10351.7,2.37879,0.510158,1.21356,0,1,1,1,0.559017,1,0.559017,0,0,-1,1,2,0,0,1.26071,0
4,0,0,1,4939,7149.68,804,4236,22410.4,7149.68,3.13447,0.319034,1,0,1,1,1,0.559017,1,0.559017,0,0,-1,1,2,0,0,1.26071,0
4,0,0,3,30618,37250,1431,13265,50514.1,37250,1.35608,0.737418,1,0,1,1,1,0.559017,1,0.559017,0,0,-1,1,2,0,1,1.26071,1
4,0,0,2,13486,17907.4,1017,6411,33462.1,15696.7,2.1318,0.535153,1.14084,0,1,1,1,0.559017,1,0.559017,0,0,-1,1,2,1,2,1.26071,0
4,0,0,1,5787,7997.68,708,3438,24844.1,7997.68,3.10641,0.321915,1,0,1,1,1,0.353553,1,0.353553,0,0,-1,3,2,0,0,0.616364,0
4,0,0,4,15804,24646.7,1299,12093,52001.5,24646.7,2.10988,0.473961,1,0,3,0,10.6301,0.559017,10.6301,0.559017,0,0,-1,3,2,0,0,0.616364,0
4,1,0,19,36656,78658.9,2711,54361,78658.9,123939,0.63466,1,0.63466,0,1,0,8.24621,0.901388,8.24621,0.901388,5,0.5,1,1,2,1,1,0.616364,0
4,0,0,3,12070,18702,822,4128,30270.8,18702,1.61858,0.617825,1,0,2,0,10.6301,0.559017,10.6301,0.559017,0,0,-1,3,2,0,0,0.616364,0
4,0,0,2,21753,26174.4,1060,6934,38159.1,23963.7,1.59237,0.685927,1.09225,0,2,1,1,0.559017,1,0.559017,0,0,-1,1,2,1,1,0.616364,0
4,0,0,4,42737,51579.7,2002,26676,63376.2,51579.7,1.2287,0.813866,1,0,6,0,9.89949,0.790569,9.89949,0.790569,0,0,-1,3,2,1,1,0.616364,0
4,0,0,3,49398,56030,1728,26770,68128.1,56030,1.21592,0.822422,1,0,1,0,9.89949,0.790569,9.89949,0.790569,0,0,-1,3,2,1,1,0.616364,0
4,0,0,1,18952,21162.7,1481,15473,46179.5,21162.7,2.18212,0.45827,1,0,1,0,9.89949,0.790569,9.89949,0.790569,0,0,-1,3,2,0,0,0.616364,0
4,0,0,2,19687,24108.4,1239,12031,43861.5,21897.7,2.00302,0.549647,1.10095,0,2,0,10.6301,0.559017,10.6301,0.559017,0,0,-1,3,2,0,0,0.886364,0
4,1,1,10,34650,56756.8,2930,92204,96034.6,117584,0.816734,0.591003,0.482693,0,3,1,0,0.25,0,0.25,0,0,-1,1,2,0,0,0.886364,1
4,0,0,2,5602,10023.4,900,4762,32248.1,7812.68,4.12767,0.31082,1.28296,0,3,0,10.6301,0.559017,10.6301,0.559017,0,0,-1,3,2,0,0,0.886364,0
4,0,0,1,14747,16957.7,1391,11675,31964.1,16957.7,1.88493,0.530523,1,0,3,0,10.6301,0.559017,10.6301,0.559017,0,0,-1,3,2,1,3,0.886364,0
4,0,0,1,8591,10801.7,748,5246,34338.1,10801.7,3.17896,0.314568,1,0,1,0,10.6301,0.559017,10.6301,0.559017,0,0,-1,3,2,0,0,0.886364,0
4,0,0,4,82800,91642.7,3081,59857,137420,91642.7,1.49952,0.666878,1,0,1,0,0,0,0,0,0,0,-1,3,0,2,2,0.886364,1
4,0,0,1,18682,20892.7,1475,13197,48681.5,20892.7,2.33007,0.429171,1,0,1,0,10.6301,0.559017,10.6301,0.559017,0,0,-1,3,2,0,0,0.886364,0
4,0,0,3,14332,20964,1551,15423,38649.5,20964,1.84361,0.542415,1,0,1,1,0,0.25,0,0.25,0,0,-1,1,2,1,3,0.886364,0
4,0,0,1,39928,42138.7,1602,26398,61182.5,42138.7,1.45193,0.688737,1,0,1,0,1,0.25,1,0.25,0,0,-1,3,2,0,0,0.666667,0
4,1,2,18,37417,77209.2,1934,29800,104739,120024,0.87265,0.737161,0.643283,0,1,0,6.32456,1.06066,6.32456,1.06066,0,0,-1,3,2,1,1,0.666667,1
4,0,0,1,50469,52679.7,2119,34517,83732.8,52679.7,1.58947,0.62914,1,0,2,0,1,0.25,1,0.25,0,0,-1,3,2,1,1,0.666667,0
4,1,1,13,64982,93720.8,2511,37363,98265.9,100189,0.980805,0.953747,0.93544,0,1,0,6.32456,1.06066,6.32456,1.06066,0,0,-1,3,2,0,2,0.666667,1
4,0,0,2,22397,26818.4,1141,10073,56934.5,24607.7,2.31369,0.471039,1.08984,0,1,0,6.32456,1.06066,6.32456,1.06066,0,0,-1,3,2,0,1,0.666667,0
4,0,0,4,51787,60629.7,2088,41722,89941.9,58419,1.5396,0.674098,1.03784,0,1,0,3,0.559017,3,0.559017,0,0,-1,3,2,1,1,0.666667,0
4,0,0,1,61679,63889.7,2262,46054,105053,61679,1.70322,0.608167,1.03584,0,1,0,1,0.25,1,0.25,0,0,-1,3,2,0,2,0.666667,0
4,0,0,2,8109,12530.4,1044,6764,31296.5,10319.7,3.0327,0.400376,1.21422,0,1,0,1,0.25,1,0.25,0,0,-1,3,2,0,0,0.666667,0
4,1,2,28,186992,248891,4914,184768,271874,277320,0.980362,0.915464,0.897487,0,1,0,1.41421,0.5,3.60555,0.75,1.41421,0.901388,0,1,1,1,1,1.08677,0
4,0,0,4,83421,92263.7,3048,68958,136629,92263.7,1.48085,0.675288,1,0,3,0,3,0.559017,3,0.559017,0,0,-1,3,2,0,0,1.08677,0
4,0,0,2,12971,17392.4,1231,9345,29555.4,17392.4,1.69933,0.588466,1,0,1,0,1,0.25,1,0.25,0,0,-1,3,2,0,0,1.08677,0
4,0,0,3,14441,21073,1595,16769,41467.5,18862.4,2.19842,0.508182,1.1172,0,1,0,3,0.559017,3,0.559017,0,0,-1,3,2,0,0,1.08677,0
4,0,0,5,48716,59769.4,2035,23277,113157,59769.4,1.89323,0.528197,1,0,1,0,23.0868,0.901388,23.0868,0.901388,0,0,-1,3,2,0,3,1.12265,0
4,0,0,3,9765,16397,825,4639,34681.1,16397,2.11509,0.472794,1,0,1,1,1,0.559017,1,0.559017,0,0,-1,1,2,0,1,1.12265,0
4,0,0,5,83322,94375.4,1805,22835,139418,94375.4,1.47727,0.676924,1,0,1,0,26.6833,0.25,26.6833,0.25,0,0,-1,3,2,0,0,1.12265,1
4,0,0,3,6283,12915,796,4512,34201.8,10704.4,3.19513,0.377613,1.20652,0,1,1,1,0.559017,1,0.559017,0,0,-1,1,2,0,1,1.12265,0
4,0,0,2,50034,54455.4,2307,48749,82496.6,54455.4,1.51494,0.660092,1,0,1,0,6.40312,0.707107,6.40312,0.707107,0,0,-1,3,1,0,0,1.14583,0
4,0,0,2,34501,38922.4,2071,31581,79656.6,38922.4,2.04655,0.488627,1,0,1,0,6.40312,0.707107,6.40312,0.707107,0,0,-1,3,1,0,0,1.14583,0
4,0,0,4,38448,47290.7,2316,35636,50661.1,47290.7,1.07127,0.933472,1,0,1,0,2.23607,0.901388,2.23607,0.901388,0,0,-1,3,2,0,0,1.14583,0
4,0,0,2,69187,73608.4,2365,53959,85055.9,73608.4,1.15552,0.865411,1,0,2,0,6.40312,0.707107,6.40312,0.707107,0,0,-1,3,1,2,2,1.14583,1
4,0,0,1,6513,8723.68,934,5448,34736.8,8723.68,3.9819,0.251136,1,0,2,0,1,0.25,1,0.25,0,0,-1,3,2,0,0,1.06593,0
4,0,0,5,47135,58188.4,2477,45977,86927.2,58188.4,1.49389,0.669392,1,0,1,0,1,0.25,1,0.25,0,0,-1,3,2,0,0,1.06593,0
4,0,0,1,11709,13919.7,1241,10817,34559.5,13919.7,2.48278,0.402775,1,0,1,0,1,0.25,1,0.25,0,0,-1,3,2,0,0,1.06593,0
4,0,0,1,11842,14052.7,1182,9214,57008.2,11842,4.81407,0.246503,1.18668,0,1,0,1,0.25,1,0.25,0,0,-1,3,2,0,0,1.06593,0
4,0,0,5,36906,47959.4,2050,23212,79976,47959.4,1.66758,0.599673,1,0,2,0,17.0294,0.5,17.0294,0.5,0,0,-1,3,1,0,0,1.32481,0
4,0,0,2,33244,37665.4,1793,19273,63064.2,35454.7,1.77873,0.597254,1.06235,0,1,0,17.0294,0.5,17.0294,0.5,0,0,-1,3,1,0,0,1.32481,0
4,0,0,1,44247,46457.7,2305,30895,64425.8,44247,1.45605,0.721103,1.04996,0,1,0,3.60555,0.353553,3.60555,0.353553,0,0,-1,3,2,0,0,1.32481,0
4,0,0,2,11196,15617.4,1119,7451,48285.1,15617.4,3.09176,0.32344,1,0,1,0,17.0294,0.5,17.0294,0.5,0,0,-1,3,1,0,0,1.32481,0
4,0,0,1,42270,44480.7,1355,12727,70288.5,44480.7,1.5802,0.63283,1,0,1,0,5,0.559017,5,0.559017,0,0,-1,3,2,0,0,0.705128,0
4,0,0,1,8875,11085.7,829,4511,32863.5,11085.7,2.9645,0.337325,1,0,1,0,5,0.559017,5,0.559017,0,0,-1,3,2,0,0,0.705128,0
4,0,0,3,23194,29826,1541,14509,50385.8,29826,1.68932,0.591953,1,0,1,0,8.24621,0.25,8.24621,0.25,0,0,-1,3,2,0,0,0.705128,0
4,0,0,1,23307,25517.7,1444,12844,74712.8,25517.7,2.92788,0.341544,1,0,1,0,8.24621,0.25,8.24621,0.25,0,0,-1,3,2,0,0,0.705128,0
4,0,0,1,21491,23701.7,731,4931,48170.9,23701.7,2.03238,0.492034,1,0,1,0,5,0.559017,5,0.559017,0,0,-1,3,2,0,0,0.705128,0
4,0,0,0,3745,3745,619,2739,34596.5,3745,9.23805,0.108248,1,0,1,0,5,0.559017,5,0.559017,0,0,-1,3,2,0,0,0.705128,0
4,0,0,5,57324,68377.4,2279,34061,131091,68377.4,1.91716,0.521604,1,0,1,0,5,1.06066,5,1.06066,0,0,-1,3,2,0,0,0.705128,0
4,1,0,14,27115,58064.5,1508,20124,58064.5,61113.7,0.950106,1,0.950106,0,1,-1,0,0,0,0,0,0,-1,2,0,1,1,0.705128,0
4,0,0,1,4611,6821.68,786,4066,26652.8,6821.68,3.90707,0.255946,1,0,5,1,1,0.25,1,0.25,0,0,-1,3,2,0,0,0.435897,0
4,0,0,0,6947,6947,980,6106,35675.8,6947,5.13543,0.194726,1,0,5,1,1,0.25,1,0.25,0,0,-1,3,2,0,0,0.435897,0
4,1,2,20,28554,72767.6,2174,36130,79193.3,123635,0.640543,0.91886,0.588569,0,1,-1,0,0,0,0,0,0,-1,2,0,0,0,0.435897,0
4,0,0,0,18292,18292,1138,7916,37868.1,18292,2.0702,0.483045,1,0,1,0,0,0,0,0,0,0,-1,1,0,1,1,0.435897,0
4,0,0,1,42968,45178.7,1781,22635,91504,45178.7,2.02538,0.493735,1,0,1,0,9.05539,0.790569,9.05539,0.790569,0,0,-1,3,2,1,1,0.64,0
4,0,0,5,11490,22543.4,1241,9539,36580.5,20332.7,1.79909,0.616269,1.10873,0,1,0,0,0,0,0,0,0,-1,3,0,0,0,0.64,0
4,0,0,4,21073,29915.7,1082,7662,68979.9,29915.7,2.30581,0.433687,1,0,1,0,16.0312,0,16.0312,0,0,0,-1,3,0,0,0,0.64,0
4,0,0,1,13128,15338.7,1104,7480,26523.1,15338.7,1.72916,0.578314,1,0,1,0,16.0312,0,16.0312,0,0,0,-1,3,0,0,0,0.64,0
4,0,0,1,90093,92303.7,2509,42777,94662.2,90093,1.05072,0.975085,1.02454,0,1,-1,0,0,0,0,0,0,-1,2,0,0,0,0.769231,0
4,0,0,0,116585,116585,3230,81238,139714,116585,1.19839,0.834456,1,0,2,-1,0,0,0,0,0,0,-1,2,0,0,0,0.769231,0
4,2,0,22,68321,116956,5378,170016,137870,116956,1.17882,0.848303,1,1,2,-1,0,0,0,0,0,0,-1,2,0,1,1,0.769231,1
4,0,0,1,87047,89257.7,3209,59205,96899.9,87047,1.11319,0.921133,1.0254,0,1,0,26.0192,0.790569,26.0192,0.790569,0,0,-1,3,2,0,1,0.769231,0
4,1,1,15,104932,138092,4879,154121,225902,197997,1.14093,0.611294,0.697444,0,6,0,1,0.25,1,0.25,0,0,-1,1,2,1,1,1.16829,1
4,1,4,28,123973,185872,11393,825839,275836,255151,1.08107,0.673851,0.728477,0,7,0,1,0.25,1,0.25,0,0,-1,1,2,1,2,1.16829,0
4,0,0,6,23309,36573.1,2382,56046,48733.5,34362.4,1.41822,0.750471,1.06433,0,1,0,26.0192,0.790569,26.0192,0.790569,0,0,-1,3,2,1,3,1.16829,0
4,0,0,1,4472,6682.68,682,3606,36631.5,6682.68,5.48156,0.18243,1,0,1,0,26.0192,0.790569,26.0192,0.790569,0,0,-1,3,2,0,1,1.16829,0
4,0,0,4,15527,24369.7,1659,18719,39801.5,22159,1.79617,0.612282,1.09976,0,1,0,1,0.25,1,0.25,0,0,-1,1,2,1,1,0.665818,0
4,0,0,0,8059,8059,911,5631,30780.5,8059,3.81939,0.261822,1,0,1,0,1,0.25,1,0.25,0,0,-1,1,2,1,1,0.665818,0
4,0,0,1,85572,87782.7,1385,13853,111343,87782.7,1.2684,0.788396,1,0,1,0,26.0192,0.790569,26.0192,0.790569,0,0,-1,3,2,0,0,0.665818,1
4,0,0,3,16759,23391,1170,9832,43415.5,23391,1.85607,0.538772,1,0,3,0,1,0.25,1,0.25,0,0,-1,1,2,1,2,0.665818,0
4,0,0,1,4945,7155.68,697,3397,30895.1,4945,6.24775,0.231612,1.44705,0,1,0,1,0.25,1,0.25,0,0,-1,1,2,0,0,1.27961,0
4,1,7,15,39540,72700.2,1957,29859,92173.5,83645.4,1.10196,0.788732,0.869147,0,1,1,1,0.25,1,0.25,0,0,-1,3,2,1,1,1.27961,0
4,1,1,16,51023,86393.9,2470,42754,205713,103858,1.98071,0.419972,0.831843,0,1,0,1,0.25,1,0.25,0,0,-1,3,2,1,1,1.27961,1
4,0,0,2,45115,49536.4,2327,37531,80830.5,47325.7,1.70796,0.612843,1.04671,0,1,0,10,0.5,10,0.5,0,0,-1,3,1,0,1,1.27961,0
4,0,0,1,22796,25006.7,1114,8080,48272.5,25006.7,1.93038,0.518032,1,0,1,0,1,0.25,1,0.25,0,0,-1,1,2,1,1,1.27961,0
4,0,0,4,31780,40622.7,1737,18433,45618.8,40622.7,1.12299,0.890482,1,0,1,0,9.89949,0.5,9.89949,0.5,0,0,-1,3,1,2,2,1.27961,0
4,1,0,12,21546,48074.1,1440,13988,48074.1,168933,0.284575,1,0.284575,0,3,-1,0,0,0,0,0,0,-1,2,0,0,0,1.27961,0
4,1,7,11,51757,76074.5,1823,26555,85676.5,81678.4,1.04895,0.887927,0.93139,0,1,-1,0,0,0,0,0,0,-1,2,0,0,0,1.27961,1
4,0,0,3,20729,27361,2470,55150,40625.1,27361,1.48478,0.673501,1,0,1,0,0,0,0,0,0,0,-1,1,0,1,1,1.27332,0
4,0,0,2,17251,21672.4,1211,8461,37147.1,19461.7,1.90873,0.58342,1.11359,0,1,0,0,0,0,0,0,0,-1,1,0,0,0,1.27332,0
4,0,0,1,26338,28548.7,1622,17268,45533.8,28548.7,1.59495,0.626977,1,0,1,0,10,0.5,10,0.5,0,0,-1,3,1,1,1,1.27332,0
4,0,0,3,6479,13111,983,5261,28585.8,13111,2.18028,0.458656,1,0,1,0,0,0,0,0,0,0,-1,1,0,0,0,1.27332,0
4,0,0,1,21126,23336.7,1113,8435,43232.8,23336.7,1.85257,0.539791,1,0,6,0,0,0,0,0,0,0,-1,1,0,1,1,0.65625,0
4,0,0,3,36827,43459,1759,25689,55200.8,43459,1.27018,0.78729,1,0,2,0,6.32456,1.06066,6.32456,1.06066,0,0,-1,3,2,0,0,0.65625,0
4,0,0,1,21914,24124.7,1372,12012,44020.8,24124.7,1.82472,0.548029,1,0,1,0,0,0,0,0,0,0,-1,1,0,0,0,0.65625,0
4,1,2,15,21991,55151.2,1585,17127,62488.1,56640.7,1.10324,0.882586,0.973702,0,3,-1,0,0,0,0,0,0,-1,2,0,0,0,0.65625,1
4,0,0,2,31132,35553.4,1946,25254,61105.8,33342.7,1.83266,0.581833,1.0663,0,10,0,6.32456,1.06066,6.32456,1.06066,0,0,-1,3,2,0,0,0.65625,0
4,0,0,1,23149,25359.7,1091,7073,43822.8,23149,1.89307,0.578687,1.0955,0,10,0,6.32456,1.06066,6.32456,1.06066,0,0,-1,3,2,0,0,0.65625,0
4,0,0,3,31953,38585,1708,21086,75843.6,36374.4,2.08508,0.508745,1.06078,0,2,0,6.32456,1.06066,6.32456,1.06066,0,0,-1,3,2,1,2,0.65625,0
4,0,0,1,4962,7172.68,736,3728,33964.8,7172.68,4.7353,0.21118,1,0,1,0,6.32456,1.06066,6.32456,1.06066,0,0,-1,3,2,0,0,0.65625,0
4,2,2,30,56174,122494,3775,94427,200086,133848,1.49488,0.612207,0.915177,0,1,-1,0,0,0,0,0,0,-1,2,0,0,2,1.16064,1
4,0,0,1,6830,9040.68,759,3777,32848.5,6830,4.80944,0.275224,1.32367,0,1,0,26.0192,0.790569,26.0192,0.790569,0,0,-1,3,2,0,2,1.16064,0
4,0,0,4,13084,21926.7,1424,9986,57930.2,19716,2.93823,0.378502,1.11213,0,1,0,28.0179,1.06066,28.0179,1.06066,0,0,-1,3,2,0,2,1.16064,0
4,0,0,3,8161,14793,760,3492,49640.1,12582.4,3.94522,0.298006,1.1757,0,1,0,26.0192,0.790569,26.0192,0.790569,0,0,-1,3,2,0,1,1.16064,0
4,0,0,1,21606,23816.7,1300,11460,44345.5,21606,2.05246,0.537071,1.10232,0,1,0,1,0.25,1,0.25,0,0,-1,1,2,0,0,1.76874,0
4,0,0,5,157776,168829,3938,98616,217630,166619,1.30615,0.775765,1.01327,0,1,0,10.6301,0.353553,10.6301,0.353553,0,0,-1,3,2,2,4,1.76874,1
4,0,0,4,40891,49733.7,1424,18100,47726.5,47523,1.00428,1.04206,1.04652,0,5,0,10.6301,0.790569,10.6301,0.790569,0,0,-1,3,2,1,1,1.76874,0
4,0,0,5,40611,51664.4,1747,25791,67511.1,49453.7,1.36514,0.765272,1.0447,0,5,0,10.6301,0.790569,10.6301,0.790569,0,0,-1,3,2,0,2,1.76874,0
4,0,0,1,19324,21534.7,1209,12269,50280.2,21534.7,2.33485,0.428294,1,0,3,0,10.6301,0.790569,10.6301,0.790569,0,0,-1,3,2,1,1,1.59056,0
4,0,0,3,30565,37197,1378,21872,59998.9,37197,1.613,0.619962,1,0,3,0,7.81025,0.790569,7.81025,0.790569,0,0,-1,3,2,1,1,1.59056,0
4,0,0,3,13270,19902,908,6198,51568.5,17691.4,2.9149,0.385934,1.12496,0,3,0,7.81025,0.790569,7.81025,0.790569,0,0,-1,3,2,0,0,1.59056,0
4,0,0,1,15648,17858.7,1239,11693,45127.8,17858.7,2.52694,0.395735,1,0,3,0,7.81025,0.790569,7.81025,0.790569,0,0,-1,3,2,1,1,1.59056,0
4,0,0,2,13421,17842.4,1091,9409,52453.9,15631.7,3.35561,0.340153,1.14142,0,3,0,7.81025,0.790569,7.81025,0.790569,0,0,-1,3,2,0,0,1.59056,0
4,0,0,1,7024,9234.68,867,5029,35389.5,7024,5.03837,0.260944,1.31473,0,3,0,7.81025,0.790569,7.81025,0.790569,0,0,-1,3,2,0,0,1.59056,0
4,0,0,1,23446,25656.7,1611,21507,63238.2,23446,2.69719,0.405715,1.09429,0,3,0,7.81025,0.790569,7.81025,0.790569,0,0,-1,3,2,2,2,1.59056,0
4,0,0,2,8729,13150.4,1003,7793,37476.1,13150.4,2.84982,0.350899,1,0,3,0,0,0,0,0,0,0,-1,3,0,0,0,1.59056,0
4,0,0,4,22725,31567.7,1897,23323,65056,31567.7,2.06084,0.485239,1,0,1,0,0,0,0,0,0,0,-1,3,0,1,1,1.59056,0
4,0,0,1,5987,8197.68,812,4486,37588.5,8197.68,4.58526,0.21809,1,0,1,0,0,0,0,0,0,0,-1,3,0,1,1,1.59056,0
4,0,0,1,11238,13448.7,1090,7790,43231.8,13448.7,3.21458,0.311083,1,0,1,0,6.40312,0.75,6.40312,0.75,0,0,-1,3,2,1,1,1.59056,0
4,0,0,2,5695,10116.4,863,4889,36105.5,10116.4,3.56902,0.280189,1,0,1,0,0,0,0,0,0,0,-1,3,0,0,0,1.59056,0
4,0,0,1,74606,76816.7,2975,59057,101847,76816.7,1.32585,0.754235,1,0,1,0,9.43398,0,9.43398,0,0,0,-1,3,0,1,1,1.43411,0
4,0,0,3,31194,37826,1855,21565,60234.5,37826,1.59241,0.627979,1,0,1,0,6.40312,0.75,6.40312,0.75,0,0,-1,3,2,1,1,1.43411,0
4,1,2,12,78558,105086,3072,62420,157052,143625,1.09349,0.669117,0.731672,0,1,0,12.0416,0.559017,12.0416,0.559017,0,0,-1,3,2,1,1,1.43411,0
4,0,0,1,13354,15564.7,971,6761,48463.2,15564.7,3.11366,0.321165,1,0,1,0,2.23607,0.901388,2.23607,0.901388,0,0,-1,3,2,1,1,1.43411,0
4,0,0,1,13214,15424.7,974,8806,40663.5,15424.7,2.63626,0.379325,1,0,1,0,6.40312,0.75,6.40312,0.75,0,0,-1,3,2,0,0,1.43411,0
4,0,0,2,6560,10981.4,877,5897,31959.1,10981.4,2.91031,0.343606,1,0,1,0,0,0,0,0,0,0,-1,3,0,0,0,1.43411,0
4,0,0,2,5945,10366.4,917,5267,32238.1,8155.68,3.95285,0.321556,1.27106,0,1,0,2.23607,0.901388,2.23607,0.901388,0,0,-1,3,2,0,0,1.43411,0
4,0,0,1,6449,8659.68,907,5691,34227.1,8659.68,3.95247,0.253006,1,0,1,0,2.23607,0.901388,2.23607,0.901388,0,0,-1,3,2,0,0,1.43411,0
4,1,2,18,78159,117951,2727,55019,133426,157687,0.846144,0.88402,0.748008,0,3,0,5.83095,0.707107,5.83095,0.707107,0,0,1,1,1,1,1,1.12483,1
4,0,0,1,32396,34606.7,1643,20581,72924.2,34606.7,2.10723,0.474557,1,0,1,0,5.83095,0.707107,5.83095,0.707107,0,0,-1,3,1,0,1,1.12483,0
4,0,0,4,59204,68046.7,2244,53542,91999.8,65836,1.39741,0.73964,1.03358,0,1,0,5.83095,0.707107,5.83095,0.707107,0,0,-1,3,1,0,2,1.12483,0
4,0,0,2,40465,44886.4,1924,24370,87093.5,44886.4,1.94031,0.515381,1,0,1,0,3.16228,0.75,3.16228,0.75,0,0,-1,3,2,0,1,1.12483,0
1,0,0,3,4867,5405.85,827,4455,6124.32,5226.24,1.17184,0.882686,1.03437,0,3,1,0,0.790569,0,0.790569,0,0,-1,1,2,0,0,1.69355,0
1,0,0,1,8227,8406.62,967,6267,9561.94,8406.62,1.13743,0.879175,1,0,2,1,0,0.790569,0,0.790569,0,0,-1,1,2,0,0,1.69355,0
1,1,1,11,8798,10773.8,1062,7820,11979.7,12080.7,0.991642,0.899335,0.891818,0,1,1,0,0.790569,0,0.790569,0,0,-1,1,2,1,1,1.69355,0
1,3,0,102,21475,39796,4843,173529,41587.7,47088,0.883191,0.956917,0.84514,0,3,-1,0,0,0,0,0,0,-1,0,0,0,0,1.69355,0
1,2,0,12,17163,19318.4,1468,12246,20216.5,19318.4,1.04649,0.955576,1,1,3,1,2,0.25,2,0.25,0,0,-1,1,2,0,0,1.69355,0
1,3,0,141,27476,52802.1,4898,125870,53836.1,57826.4,0.930995,0.980794,0.913114,1,1,-1,0,0,0,0,0,0,-1,0,0,0,0,1.69355,1
1,3,0,49,11959,20760.3,3389,68743,23591.9,23357.6,1.01003,0.879975,0.888799,0,2,-1,0,0,0,0,0,0,-1,0,0,0,0,1.69355,0
1,3,0,111,22719,42656.6,6274,182436,56345.7,55342.4,1.01813,0.757051,0.770775,1,9,-1,0,0,0,0,0,0,-1,0,0,0,2,1.69355,0
1,3,0,85,18962,34229.5,5758,279358,39223.9,34622.9,1.13289,0.872669,0.988638,0,3,-1,0,0,0,0,0,0,-1,0,0,0,0,0.928571,1
1,0,0,8,11475,12911.9,1057,7477,14017,12911.9,1.08559,0.921161,1,0,1,1,0,0,0,0,0,0,-1,3,0,0,1,0.928571,0
1,3,0,28,8199,13228.3,1595,27741,14629.2,14090.3,1.03824,0.904241,0.938821,0,1,-1,0,0,0,0,0,0,-1,0,0,0,2,0.928571,1
1,0,0,2,4251,4610.24,729,3299,6101.18,4430.62,1.37705,0.755631,1.04054,0,1,0,1,0.559017,1,0.559017,0,0,-1,3,2,0,2,0.928571,0
1,3,0,81,23899,38448,3539,77303,53792.9,53874.6,0.998484,0.714742,0.713658,0,18,-1,0,0,0,0,0,0,-1,0,0,0,1,0.928571,1
1,3,0,134,27219,51287.8,5544,214838,55768.9,54742.2,1.01876,0.919648,0.936897,0,5,-1,0,0,0,0,0,0,-1,0,0,0,1,0.928571,1
1,3,0,92,31213,47737.8,4030,102166,59117.1,58378.3,1.01266,0.807513,0.817732,0,4,-1,0,0,0,0,0,0,-1,0,0,0,3,0.928571,1
1,2,0,31,20801,26369.1,1728,17998,26763.2,26009.9,1.02896,0.985275,1.01381,0,5,0,0,0,0,0,0,0,-1,3,0,0,4,0.928571,0
1,2,2,46,11953,20215.4,1597,16029,22367,20777.4,1.0765,0.903806,0.972951,0,3,0,46,0.25,92,0.5,46,0.25,0,1,2,0,3,0.928571,1
1,0,0,1,9761,9940.62,935,5271,12011,9761,1.23051,0.827624,1.0184,0,1,0,1,0.559017,1,0.559017,0,0,-1,3,2,0,2,0.928571,0
1,2,0,30,14707,20095.5,1469,12411,21321.7,19915.9,1.07059,0.942492,1.00902,0,4,0,0,0,0,0,0,0,-1,3,0,0,3,0.928571,0
1,0,0,1,2786,2965.62,550,2446,3953.94,2965.62,1.33326,0.750041,1,0,1,0,0,0,0,0,0,0,-1,3,0,0,1,0.928571,0
1,0,0,7,26717,27974.3,1485,16367,29014.6,27794.7,1.04389,0.964145,1.00646,0,1,0,1,0.5,1,0.5,0,0,-1,3,1,0,0,0.707692,0
1,0,0,1,13031,13210.6,1011,8791,15242.9,13210.6,1.15384,0.866671,1,0,1,0,1,0.5,1,0.5,0,0,-1,3,1,0,0,0.707692,0
1,0,0,2,23402,23761.2,1469,14263,26249.5,23581.6,1.11313,0.905207,1.00762,0,1,1,1,0.25,1,0.25,0,0,-1,3,2,0,0,0.707692,0
1,0,0,5,35937,36835.1,1899,24377,41381.1,36835.1,1.12342,0.890142,1,0,1,0,1,0.5,1,0.5,0,0,-1,3,1,0,0,0.707692,0
1,0,0,3,39413,39951.9,1909,23993,44964.9,39951.9,1.12548,0.888512,1,0,2,0,1,0.5,1,0.5,0,0,-1,3,1,0,0,0.707692,0
1,0,0,7,36851,38108.3,1852,22470,38861.4,38108.3,1.01976,0.980623,1,0,1,0,1,0.25,1,0.25,0,0,-1,3,2,0,0,0.707692,0
1,0,0,4,36862,37580.5,2011,26287,39376.6,37580.5,1.0478,0.954385,1,0,1,0,1,0.25,1,0.25,0,0,-1,3,2,0,0,0.707692,0
1,0,0,1,35117,35296.6,1799,20101,37973.5,35296.6,1.07584,0.929507,1,0,2,0,1,0.25,1,0.25,0,0,-1,3,2,0,0,0.707692,0
1,0,0,1,39275,39454.6,1909,25811,41481.9,39454.6,1.05138,0.951128,1,0,2,0,1,0.25,1,0.25,0,0,-1,3,2,0,0,1.1188,0
1,0,0,2,52165,52524.2,2212,31562,56404.8,52524.2,1.07388,0.931202,1,0,1,0,1,0.25,1,0.25,0,0,-1,3,2,0,0,1.1188,0
1,0,0,1,47672,47851.6,2296,33168,50328.4,47672,1.05572,0.950787,1.00377,0,1,0,1,0.25,1,0.25,0,0,-1,3,2,0,0,1.1188,0
1,1,2,18,42565,45798.1,2197,31843,46075.6,55469,0.830656,0.993977,0.825652,0,1,0,1,0.25,1,0.25,0,0,-1,3,2,0,0,1.1188,0
1,0,0,0,4382,4382,796,3884,6356.65,4382,1.45063,0.689357,1,0,3,0,1,0.25,1,0.25,0,0,-1,3,2,0,0,0.723077,0
1,0,0,1,3561,3740.62,675,3109,4910.41,3740.62,1.31273,0.761773,1,0,3,0,1,0.25,1,0.25,0,0,-1,3,2,0,0,0.723077,0
1,1,0,12,7604,9759.41,1076,7004,9759.41,37927.9,0.257315,1,0.257315,0,1,1,1,0.707107,1,0.707107,0,0,1,1,1,0,0,0.723077,0
1,2,2,81,14266,28815,1358,12538,30654.7,35520.4,0.863017,0.939986,0.811225,1,2,1,131.366,0.5,131.366,0.5,0,0,1,1,1,0,0,0.723077,0
1,0,0,1,10635,10814.6,915,9335,11812.5,10814.6,1.09227,0.915521,1,0,2,0,1,0.25,1,0.25,0,0,-1,3,2,0,0,0.723077,0
1,2,2,64,15365,26860.5,1625,16129,35584.3,34671.2,1.02634,0.754843,0.774722,1,1,0,1,0.25,1,0.25,0,0,-1,3,2,0,0,0.723077,0
1,3,0,43,18054,25777.6,2945,58217,37155.1,38843.6,0.956532,0.693782,0.663625,0,3,-1,0,0,0,0,0,0,-1,0,0,0,0,0.723077,0
1,2,2,65,16488,28163.1,1538,15086,31891.2,34708.1,0.918841,0.8831,0.811428,1,2,0,60.9016,1.06066,60.4649,0.707107,4.24264,0.790569,0,1,2,1,1,0.723077,1
1,0,0,1,5822,6001.62,807,4279,7664.79,6001.62,1.27712,0.783011,1,0,1,0,1,0.25,1,0.25,0,0,-1,3,2,0,0,0.523077,0
1,0,0,1,4812,4991.62,787,4215,6429.56,4991.62,1.28807,0.776355,1,0,1,0,1,0.25,1,0.25,0,0,-1,3,2,0,0,0.523077,0
1,2,1,76,22699,36349.9,1838,24782,52940,47564.9,1.11301,0.686625,0.764218,1,2,0,1,0.25,1,0.25,0,0,-1,3,2,0,0,0.523077,1
1,3,0,42,15472,23015.9,1301,14905,24697.1,38041.4,0.649215,0.93193,0.605023,1,5,-1,0,0,0,0,0,0,-1,0,0,0,1,0.523077,1
1,0,0,1,7322,7501.62,920,6912,8921.56,7501.62,1.18928,0.840842,1,0,1,0,1,0.25,1,0.25,0,0,-1,3,2,0,0,0.523077,0
1,0,0,1,4469,4648.62,833,3931,6085.56,4648.62,1.30911,0.763877,1,0,1,0,1,0.25,1,0.25,0,0,-1,3,2,0,0,0.523077,0
1,1,2,23,7459,11590.2,1002,8450,18616.6,17153.6,1.08529,0.622572,0.675671,0,1,0,60.0083,0.559017,60.5392,0.25,2.23607,0.790569,0,1,2,0,1,0.523077,1
1,0,0,1,15212,15391.6,1116,8528,17394.4,15212,1.14347,0.884858,1.01181,0,2,0,1,0.25,1,0.25,0,0,-1,3,2,0,1,0.523077,0
1,2,0,14,7712,10226.6,1091,7471,10945.1,10047,1.08939,0.934357,1.01788,1,1,0,62.1691,0,62.1691,0,0,0,-1,1,0,0,2,0.523077,1
1,2,0,14,6010,8524.65,987,6363,8791.26,8165.41,1.07665,0.969672,1.04399,0,1,0,62.1691,0,62.1691,0,0,0,-1,1,0,0,4,0.523077,0
1,1,0,17,7594,10647.5,963,6203,10467.9,18978.5,0.551564,1.01716,0.561029,0,4,0,60.9262,0.5,60.1664,0,3,0.5,0,1,1,0,3,0.523077,0
1,1,5,26,8587,13257.1,1103,14733,17770.2,21527,0.825482,0.746029,0.615833,0,3,0,62.1691,0,62.1691,0,0,0,-1,1,0,0,1,0.523077,0
1,2,7,54,19373,29072.4,1660,18276,35445.6,35055.3,1.01113,0.820197,0.829328,0,2,0,61.2699,0.25,59.4811,0.5,1,0.75,0,1,2,0,3,0.523077,1
1,0,0,5,6609,7507.09,775,3631,8040.94,7327.47,1.09737,0.933608,1.02451,0,2,0,1,0.25,1,0.25,0,0,-1,3,2,0,2,0.523077,0
1,2,2,53,23227,32746.7,1958,25116,47173.6,47885.4,0.985135,0.694175,0.683856,1,10,0,59.9333,0.5,59.5063,0.25,1,0.25,0,1,1,0,2,0.523077,0
1,2,0,8,7891,9327.94,1111,7591,10285.6,9327.94,1.10267,0.906889,1,0,1,0,1,0.25,1,0.25,0,0,-1,3,2,0,1,0.523077,0
1,2,0,9,9423,11039.6,1403,11121,14243,11039.6,1.29018,0.775085,1,0,1,1,1,0.25,1,0.25,0,0,-1,3,2,0,0,0.971429,0
1,3,0,13,5121,7456.03,988,8774,12705.5,10068.6,1.2619,0.586835,0.740526,0,1,-1,0,0,0,0,0,0,-1,0,0,0,0,0.971429,0
1,1,0,20,15890,19482.4,1224,8740,19482.4,39179.5,0.497259,1,0.497259,0,1,0,76.896,0.559017,74.4648,0.5,2.23607,0.25,1,1,2,1,1,0.971429,0
1,2,0,22,15454,19405.6,1568,14678,23520.7,19226,1.22338,0.825044,1.00934,0,10,0,76.896,0.559017,76.896,0.559017,0,0,-1,1,2,0,0,0.971429,0
1,3,0,82,13569,28297.6,3590,68452,34525.2,45770,0.75432,0.819622,0.618258,1,2,-1,0,0,0,0,0,0,-1,0,0,0,0,1.69693,0
1,3,0,99,25420,43202.1,5986,190610,53211.8,49732,1.06997,0.81189,0.8687,1,1,-1,0,0,0,0,0,0,-1,0,0,0,0,1.69693,1
1,2,0,75,13942,27413.3,1416,14060,27233.7,32702.9,0.83276,1.0066,0.838253,0,1,0,65,0.5,129.757,0,65,0.5,0,1,1,0,0,1.69693,0
1,3,0,84,21431,36518.9,4563,118791,49631.4,40329.1,1.23066,0.735801,0.905521,0,1,-1,0,0,0,0,0,0,-1,0,0,0,2,1.69693,0
1,1,0,9,10353,11969.6,1068,9130,11969.6,12082.9,0.990616,1,0.990616,0,2,1,1,0.353553,1,0.353553,0,0,0,1,2,1,1,1.69693,0
1,0,0,5,10315,11213.1,1179,9175,11931.6,11213.1,1.06407,0.939784,1,0,1,1,1,0.353553,1,0.353553,0,0,-1,1,2,0,0,1.69693,0
1,3,0,79,16866,31055.8,2377,40099,31132.6,31799.8,0.979018,0.997534,0.976604,0,3,-1,0,0,0,0,0,0,-1,0,0,0,0,1.69693,0
1,3,0,97,24989,42411.9,6264,244000,48835.2,46848.4,1.04241,0.868471,0.905301,0,1,-1,0,0,0,0,0,0,-1,0,0,0,0,1.69693,0
1,3,0,89,29100,45086,3563,80691,53754.1,53398.8,1.00665,0.838745,0.844326,0,1,-1,0,0,0,0,0,0,-1,0,0,0,3,1.20506,1
1,2,0,26,18648,23318.1,1392,13314,23812.4,23318.1,1.0212,0.97924,1,1,1,0,0,0,0,0,0,0,-1,3,0,0,2,1.20506,1
1,3,0,101,30971,49112.4,6547,239337,60541.8,50428,1.20056,0.811214,0.973911,0,2,-1,0,0,0,0,0,0,-1,0,0,0,3,1.20506,1
1,2,0,60,16374,27151.1,1514,15112,27107.2,26971.4,1.00503,1.00162,1.00666,2,1,0,0,0,0,0,0,0,-1,3,0,0,4,1.20506,1
1,3,0,78,11854,25864.2,9786,430734,34026.6,28739.1,1.18398,0.760115,0.899964,0,3,-1,0,0,0,0,0,0,-1,0,0,0,2,1.20506,1
1,3,0,15,7323,10017.3,1985,19811,12073.7,10096.5,1.19583,0.829676,0.992152,0,2,-1,0,0,0,0,0,0,-1,0,0,0,4,1.20506,0
1,3,0,68,11823,24037,9611,461461,31347.7,30609,1.02413,0.766786,0.785291,1,1,-1,0,0,0,0,0,0,-1,0,0,0,2,1.20506,1
1,3,0,15,6189,8883.26,2664,33100,13262.5,10439.5,1.27042,0.669802,0.850928,0,2,-1,0,0,0,0,0,0,-1,0,0,0,2,1.20506,0
1,0,0,3,34237,34775.9,1908,25908,36847.8,34775.9,1.05958,0.94377,1,0,7,0,1,0.25,1,0.25,0,0,-1,3,2,0,0,1.03487,0
1,2,0,27,46729,51578.7,2655,48053,51578.7,68440.7,0.753626,1,0.753626,1,5,0,1,0.559017,1.41421,0.25,0,0.5,0,1,2,0,0,1.03487,0
1,0,0,1,47478,47657.6,2236,32716,51312,47657.6,1.07668,0.928782,1,0,2,1,1,0.25,1,0.25,0,0,-1,3,2,0,0,1.03487,0
1,1,0,10,57165,58961.2,2553,38485,58961.2,61024.1,0.966195,1,0.966195,0,1,0,1,0.353553,1,0.353553,0,0,0,1,2,0,0,1.03487,0
1,0,0,2,7386,7745.24,962,6348,9938.56,7745.24,1.28318,0.779312,1,0,1,1,1,0.25,1,0.25,0,0,-1,3,2,0,0,1.03487,0
1,0,0,1,38278,38457.6,2042,26902,41151.9,38457.6,1.07006,0.934529,1,0,1,1,1,0.25,1,0.25,0,0,-1,3,2,0,0,1.03487,0
1,0,0,2,6485,6844.24,1000,5498,7990.56,6664.62,1.19895,0.85654,1.02695,0,1,0,0,0,0,0,0,0,-1,3,0,0,0,1.03487,0
1,1,4,26,17407,22077.1,1385,13785,23439.8,27664.3,0.847295,0.941861,0.798034,0,1,1,1,0.25,1,0.25,0,0,-1,3,2,1,1,1.03487,0
1,2,1,26,47527,52197.1,2902,53576,53053.8,62380.5,0.850487,0.983851,0.836752,0,5,0,1,0.559017,1,0.559017,0,0,-1,3,2,0,0,1.38287,0
1,1,0,17,44425,47478.5,2239,32375,47478.5,54947.7,0.864067,1,0.864067,0,2,0,1,0.353553,1,0.559017,0,0.25,1,3,2,0,0,1.38287,0
1,1,0,15,48621,51315.3,2379,33875,51315.3,51487.3,0.996658,1,0.996658,0,1,0,1,0.559017,1,0.790569,0,0.25,1,3,2,0,0,1.38287,0
1,2,2,24,32520,36830.8,2237,32411,36861.5,39778.1,0.926678,0.999168,0.925907,0,12,0,1,0.559017,1,0.559017,0,0,-1,3,2,1,1,1.38287,0
1,2,0,26,41011,45681.1,2644,45672,47118,45681.1,1.03146,0.969503,1,0,2,0,1,0.559017,1,0.559017,0,0,-1,3,2,1,1,1.38287,0
1,2,0,17,39762,42815.5,2618,46426,42815.5,53989.9,0.793029,1,0.793029,0,1,1,0,0,0,0,0,0,0,1,0,1,1,1.38287,0
1,0,0,7,39060,40317.3,2006,24774,40496.9,40317.3,1.00446,0.995565,1,0,1,1,0,0,0,0,0,0,-1,1,0,1,1,1.38287,0
1,2,0,8,33213,34649.9,2605,43215,35548,34649.9,1.02592,0.974736,1,0,2,1,0,0,0,0,0,0,-1,1,0,0,0,1.38287,0
1,0,0,2,4616,4975.24,673,3461,5814.94,4975.24,1.16878,0.855595,1,0,3,1,3,1.06066,3,1.06066,0,0,-1,3,2,0,0,0.820374,0
1,1,0,10,11325,13121.2,1001,7507,12941.6,12983.5,0.996772,1.01388,1.01061,0,2,1,3,1.06066,3,1.06066,0,0,0,1,2,1,1,0.820374,0
1,1,1,23,10167,14298.2,1181,10711,19097.7,28284.7,0.675197,0.748686,0.505511,0,2,1,0,0,0,0,0,0,1,1,0,1,1,0.820374,0
1,1,0,34,4092,10199,687,3663,10199,30272.1,0.336911,1,0.336911,0,3,1,40.8534,0.901388,85.44,0.790569,44.0114,0.559017,1,1,2,0,0,0.820374,0
1,1,0,8,11791,13227.9,931,5511,13048.3,13091.3,0.996715,1.01377,1.01044,0,15,0,0,0,0,0,0,0,0,1,0,0,0,0.820374,0
1,3,0,20,4362,7954.35,1499,12231,9584.76,9305.26,1.03004,0.829896,0.854823,0,1,-1,0,0,0,0,0,0,-1,0,0,1,1,0.820374,0
1,0,0,7,13486,14743.3,1121,7809,15862,14743.3,1.07588,0.929473,1,0,1,0,0,0,0,0,0,0,-1,1,0,0,0,0.820374,0
1,1,6,44,5865,13768.2,902,5474,18852.1,30309.3,0.621992,0.730324,0.454256,0,1,0,0,0,0,0,0,0,-1,1,0,0,0,0.820374,0
1,2,6,53,18630,28149.7,1599,16203,34630,31008,1.11681,0.812872,0.907823,0,1,1,3,1.06066,3,1.06066,0,0,-1,1,2,1,1,1.59517,0
1,3,0,38,17072,23897.5,2384,35348,28951,24656.8,1.17416,0.825446,0.969204,0,5,-1,0,0,0,0,0,0,-1,0,0,0,0,1.59517,0
1,1,7,38,18494,25319.5,1498,14714,25584.1,29105.1,0.879026,0.989656,0.869933,0,1,0,22.8473,0.559017,25.807,0.353553,6,0.75,0,1,2,1,1,1.59517,1
1,3,0,89,19110,35096,2099,43553,48194.3,51545.9,0.934979,0.728218,0.680869,1,2,-1,0,0,0,0,0,0,-1,0,0,0,1,1.59517,0
1,2,6,138,28165,52952.2,1737,22605,56070.7,61773.6,0.90768,0.944384,0.857199,1,4,0,59.3633,0.25,54.626,0.559017,10,0.5,1,3,2,0,0,1.59517,1
1,3,0,78,38643,52653.2,2754,60138,57232.2,60817.8,0.941044,0.919992,0.865752,0,1,-1,0,0,0,0,0,0,-1,0,0,1,4,1.59517,1
1,3,0,166,42323,72139.5,5989,214479,82749.4,84371.4,0.980775,0.871783,0.855023,2,1,-1,0,0,0,0,0,0,-1,0,0,0,2,1.59517,1
1,2,2,189,27528,61475.7,2498,39362,67491,86632.1,0.779053,0.910873,0.709619,1,4,0,61.0574,0.790569,60.4649,0.25,2.23607,0.25,0,3,2,1,5,1.59517,1
1,3,0,80,25361,39730.4,2888,52330,45390.5,42823.1,1.05995,0.875302,0.92778,0,4,-1,0,0,0,0,0,0,-1,0,0,1,3,1.59517,1
1,2,7,60,14326,25103.1,1326,13782,27291.4,52203.3,0.522791,0.919815,0.480871,0,1,0,64.6607,0.559017,66.888,0.707107,8.60233,0.75,1,1,2,0,2,1.59517,0
1,3,0,118,25594,46788.9,7937,425767,61444.4,50596.1,1.21441,0.761483,0.924752,0,4,-1,0,0,0,0,0,0,-1,0,0,0,2,1.59517,0
1,3,0,19,10333,13745.7,1592,21368,21219.8,27497.8,0.771691,0.647779,0.499885,0,2,-1,0,0,0,0,0,0,-1,0,0,0,1,1.59517,0
1,3,0,186,36573,69981.9,3681,99351,76549.3,78240.9,0.97838,0.914207,0.894441,0,1,-1,0,0,0,0,0,0,-1,0,0,1,3,1.59517,1
1,2,1,120,33969,55523.1,2061,29099,73640.1,75948.7,0.969603,0.753979,0.73106,2,1,0,58.5235,0.353553,58.5235,0.353553,0,0,-1,3,2,0,4,1.59517,1
1,2,4,96,14137,31380.3,1872,22388,36244.8,53777.8,0.673973,0.865788,0.583517,1,1,0,60.803,0.790569,62.434,0,6.40312,1.06066,1,1,2,1,3,1.59517,0
1,3,0,114,24155,44631.4,2937,70787,51878.4,56935.6,0.911177,0.860308,0.783893,1,1,-1,0,0,0,0,0,0,-1,0,0,0,3,1.59517,1
1,2,0,71,23399,36151.8,1922,22842,36312.7,35972.2,1.00946,0.99557,1.00499,0,3,0,62.1691,0,62.1691,0,0,0,-1,1,0,0,2,1.32033,1
1,2,1,78,14980,28990.2,1637,16031,35111.5,34866.6,1.00702,0.82566,0.831459,1,1,0,59.0339,0.75,59.0339,0.559017,1,0.790569,0,1,2,0,1,1.32033,1
1,3,0,27,9521,14370.7,1686,34204,19758,17581.3,1.1238,0.727336,0.817383,0,1,-1,0,0,0,0,0,0,-1,0,0,0,4,1.32033,1
1,2,1,99,17846,35628.1,1628,16476,47405.8,45378.2,1.04468,0.751557,0.785137,1,7,0,1,0.353553,1,0.353553,0,0,-1,3,2,0,4,1.32033,1
1,2,1,64,10507,22002.5,1249,14869,25135.7,32833.1,0.76556,0.87535,0.670133,1,2,0,55.4707,0.25,55.0091,0.5,2,0.559017,1,1,2,0,4,1.32033,0
1,3,0,74,22969,36260.7,2308,40512,38202.8,47631.1,0.802056,0.949164,0.761283,1,4,-1,0,0,0,0,0,0,-1,0,0,0,3,1.32033,1
1,3,0,65,20293,31968.1,4483,105875,43051.6,40717.5,1.05732,0.742554,0.78512,2,1,-1,0,0,0,0,0,0,-1,0,0,0,2,1.32033,0
1,2,2,62,6814,17950.3,1427,11871,18650.4,18739.6,0.995241,0.962462,0.957882,0,8,0,49.6488,0.559017,49.6488,0.75,1,0.707107,0,1,2,0,2,1.32033,1
1,2,6,50,7487,16467.9,1089,8997,20947.9,16804.8,1.24654,0.786136,0.979951,2,4,0,48.3011,0.75,48.3011,0.75,0,0,-1,3,2,0,2,1.32033,1
1,2,0,12,4694,6849.41,1052,6150,10313.8,6669.79,1.54635,0.6641,1.02693,0,2,0,1,0.25,1,0.25,0,0,-1,3,2,0,1,1.32033,0
1,1,0,31,4927,10495.1,790,4238,10315.5,11678.3,0.883308,1.01741,0.898688,0,3,0,81.8413,0.707107,127.577,0.25,50.3587,0.901388,0,1,1,0,4,1.32033,0
1,3,0,12,3916,6071.41,1772,17222,10600.8,7711.5,1.37467,0.572733,0.787319,0,1,-1,0,0,0,0,0,0,-1,0,0,0,1,1.32033,0
1,3,0,36,6294,12760.2,3148,59054,16682.1,15245.1,1.09426,0.764906,0.837003,0,2,-1,0,0,0,0,0,0,-1,0,0,1,1,1.6713,1
1,3,0,69,21885,34278.6,2221,34349,36760.1,37082.5,0.991305,0.932496,0.924388,1,1,-1,0,0,0,0,0,0,-1,0,0,0,1,1.6713,1
1,2,0,11,31488,33463.8,2092,33306,34610.2,33284.2,1.03984,0.966876,1.0054,0,16,0,58.7963,0.707107,58.7963,0.707107,0,0,-1,3,1,0,2,1.6713,0
1,3,0,13,5431,7766.03,1900,17150,9489.2,8207.03,1.15623,0.818407,0.946266,0,1,-1,0,0,0,0,0,0,-1,0,0,0,3,1.6713,0
1,3,0,47,23425,31867,2435,41631,47931.6,45853.1,1.04533,0.664844,0.694982,1,1,-1,0,0,0,0,0,0,-1,0,0,0,1,1.6713,0
1,2,2,47,27560,36002,1445,15415,38025,36938.5,1.02941,0.9468,0.974649,0,2,0,53.0754,0.707107,103.325,0.559017,50.2494,0.75,0,1,1,0,0,1.6713,1
1,3,0,10,4288,6084.18,1545,11935,8119.2,6747.56,1.20328,0.749356,0.901686,0,1,-1,0,0,0,0,0,0,-1,0,0,0,1,1.6713,0
1,2,0,9,6356,7972.56,1079,6957,10909.4,7792.94,1.39991,0.730794,1.02305,0,1,0,2.82843,0.707107,2.82843,0.707107,0,0,-1,3,1,0,2,1.6713,0
1,2,0,10,10174,11970.2,1260,11144,14478.4,11970.2,1.20954,0.82676,1,0,1,0,1,0.559017,1,0.559017,0,0,-1,3,2,0,0,0.333333,0
1,1,0,12,20279,22434.4,1541,16181,22434.4,22773.6,0.985104,1,0.985104,0,1,0,0,0.5,1,0,0,0.5,1,1,1,0,0,0.333333,0
1,2,0,21,8622,12394,1175,10129,14300.2,12214.4,1.17077,0.866697,1.01471,0,1,0,1,0.559017,1,0.559017,0,0,-1,1,2,0,0,0.333333,0
1,1,6,14,16019,18533.6,1414,13704,19237.1,18594.8,1.03454,0.963432,0.996712,0,1,0,63.6003,0.790569,63.6003,0.790569,0,0,-1,3,2,0,0,0.333333,0
1,2,0,6,4174,5251.71,778,3616,6868.26,5251.71,1.30782,0.764634,1,0,1,1,0,0,0,0,0,0,-1,1,0,0,0,1.02727,0
1,1,7,13,5645,7980.03,783,4443,10583.2,8679.79,1.21929,0.75403,0.91938,0,1,0,42.5441,0.790569,42.5441,0.790569,0,0,-1,3,2,0,0,1.02727,0
1,3,0,31,18466,24034.1,1548,13818,28548.6,42977.9,0.664263,0.841867,0.559221,0,3,-1,0,0,0,0,0,0,-1,0,0,0,0,1.02727,0
1,0,0,10,13296,15092.2,1230,9448,17965.4,15092.2,1.19038,0.840068,1,0,1,0,0,0,0,0,0,0,-1,3,0,0,0,1.02727,0
1,0,0,5,12065,12963.1,1160,7718,13500.8,12963.1,1.04148,0.960172,1,0,10,1,0,0.353553,0,0.353553,0,0,-1,3,2,0,0,1.02727,0
1,3,0,14,10368,12882.6,2098,35054,18219.2,17529.5,1.03935,0.707093,0.734914,0,1,-1,0,0,0,0,0,0,-1,0,0,0,0,1.02727,0
1,0,0,2,8750,9109.24,1038,6644,10770.4,9109.24,1.18236,0.845765,1,0,1,1,0,0.353553,0,0.353553,0,0,-1,3,2,1,1,1.02727,0
1,0,0,2,4386,4745.24,732,3528,6518.41,4745.24,1.37368,0.727974,1,0,1,1,0,0.353553,0,0.353553,0,0,-1,3,2,0,0,1.02727,0
1,0,0,3,15734,16272.9,1284,10900,17530.2,16093.2,1.08929,0.928277,1.01116,0,1,0,0,0,0,0,0,0,-1,1,0,0,0,1.62532,0
1,3,0,99,25722,43504.1,2662,48592,52460.3,56854.9,0.922706,0.829277,0.765179,0,7,-1,0,0,0,0,0,0,-1,0,0,1,1,1.62532,1
1,0,0,2,8325,8684.24,811,4277,10662.2,8684.24,1.22776,0.81449,1,0,1,0,0,0,0,0,0,0,-1,3,0,0,0,1.62532,0
1,2,0,38,17569,24394.5,1677,15767,28762.6,24214.9,1.18781,0.848131,1.00742,0,7,0,28.0179,0.559017,28.0179,0.559017,0,0,-1,1,2,0,2,1.62532,0
1,2,0,57,10338,20576.2,1506,14028,20576.2,37602.9,0.547197,1,0.547197,1,3,1,84.386,0.25,145.602,0.353553,65.5515,0.25,1,1,2,1,2,1.62532,0
1,3,0,79,14235,28424.8,6157,236371,30709.3,29092.8,1.05557,0.925607,0.977039,1,1,-1,0,0,0,0,0,0,-1,0,0,1,1,1.62532,0
1,3,0,109,22027,41605.3,6604,317066,49472.9,48036,1.02991,0.840972,0.866129,2,1,-1,0,0,0,0,0,0,-1,0,0,0,1,1.62532,1
1,3,0,130,16190,39540.3,13032,863084,52704.7,45753.2,1.15194,0.750223,0.864209,0,6,-1,0,0,0,0,0,0,-1,0,0,1,2,1.62532,0
1,3,0,58,9878,20295.8,27638,3268190,44076,35341.2,1.24716,0.460473,0.574282,0,1,-1,0,0,0,0,0,0,-1,0,0,1,3,1.62532,0
1,3,0,76,21994,35644.9,15654,1255144,40614.3,39865.4,1.01879,0.877645,0.894131,1,2,-1,0,0,0,0,0,0,-1,0,0,0,1,1.62532,1
1,3,0,31,6384,11952.1,3958,85886,30717,32054,0.95829,0.389105,0.372876,0,5,-1,0,0,0,0,0,0,-1,0,0,0,0,1.62532,0
1,3,0,28,10609,15638.3,13225,1014731,41279.9,38921.8,1.06059,0.378835,0.401788,1,1,-1,0,0,0,0,0,0,-1,0,0,0,2,1.62532,0
1,3,0,118,29091,50285.9,11700,730390,58984.2,52829.5,1.1165,0.852532,0.951852,1,1,-1,0,0,0,0,0,0,-1,0,0,1,1,2.23355,1
1,3,0,81,22027,36576,3536,77218,50530.1,48699.5,1.03759,0.723847,0.751056,2,2,-1,0,0,0,0,0,0,-1,0,0,1,2,2.23355,0
1,3,0,127,26580,49391.4,19151,1876727,72385.8,66702.5,1.0852,0.682336,0.740473,1,1,-1,0,0,0,0,0,0,-1,0,0,0,2,2.23355,1
1,3,0,78,31630,45640.2,5927,237559,72411,76169.3,0.950659,0.630293,0.599193,1,1,-1,0,0,0,0,0,0,-1,0,0,1,3,2.23355,1
1,3,0,24,7155,11465.8,1812,22800,21056,19380.9,1.08643,0.54454,0.591603,1,1,-1,0,0,0,0,0,0,-1,0,0,0,0,2.23355,0
1,3,0,114,25927,46403.4,6846,255156,52211.9,52066.6,1.00279,0.888752,0.891232,2,6,-1,0,0,0,0,0,0,-1,0,0,0,2,2.23355,0
1,3,0,125,29155,51607.2,5628,169084,57625.3,58099.2,0.991843,0.895565,0.88826,0,2,-1,0,0,0,0,0,0,-1,0,0,1,2,2.23355,1
1,3,0,129,32546,55716.7,5585,216419,69396.5,64517.1,1.07563,0.802874,0.863595,0,1,-1,0,0,0,0,0,0,-1,0,0,0,1,2.23355,1
1,3,0,45,20156,28238.8,9515,497353,61300.9,64974.7,0.943457,0.460659,0.434612,1,1,-1,0,0,0,0,0,0,-1,0,0,1,4,2.23355,1
1,3,0,13,2071,4406.03,29513,3406433,31578.6,15389.4,2.05198,0.139526,0.286303,0,1,-1,0,0,0,0,0,0,-1,0,0,0,4,2.23355,0
1,3,0,36,13626,20092.2,7181,312307,36586.3,34106,1.07272,0.549173,0.589111,0,3,-1,0,0,0,0,0,0,-1,0,0,1,4,2.23355,0
1,3,0,32,12972,18719.8,11635,712749,49606.3,44856.4,1.10589,0.377366,0.417327,1,1,-1,0,0,0,0,0,0,-1,0,0,0,1,2.23355,0
1,3,0,110,24714,44471.9,17261,1547835,58633.3,57173.3,1.02554,0.758475,0.777845,0,2,-1,0,0,0,0,0,0,-1,0,0,1,4,2.23355,1
1,3,0,85,28957,44224.5,5900,222594,57017.8,51510.4,1.10692,0.775626,0.858555,0,1,-1,0,0,0,0,0,0,-1,0,0,1,5,2.23355,0
1,3,0,57,9572,19810.2,4844,131298,32679.2,32756.7,0.997635,0.606202,0.604768,0,1,-1,0,0,0,0,0,0,-1,0,0,1,3,2.23355,0
1,3,0,150,30128,57070.6,5520,194556,68519.8,61530.8,1.11359,0.832907,0.927514,1,1,-1,0,0,0,0,0,0,-1,0,0,0,1,2.23355,1
1,3,0,34,8330,14437,11420,540330,21897.3,18395.4,1.19037,0.659304,0.784814,0,1,-1,0,0,0,0,0,0,-1,0,0,0,1,1.7319,0
1,3,0,55,14787,24666,5054,167832,26884.1,26219.3,1.02535,0.917493,0.940755,0,12,-1,0,0,0,0,0,0,-1,0,0,0,2,1.7319,1
1,3,0,62,12052,23188.3,5541,140147,26901.8,24367.7,1.10399,0.861962,0.951601,0,2,-1,0,0,0,0,0,0,-1,0,0,0,1,1.7319,0
1,3,0,21,10410,14182,3746,62328,19356,17776.1,1.08888,0.732691,0.797813,0,3,-1,0,0,0,0,0,0,-1,0,0,0,2,1.7319,0
1,0,0,2,2810,3169.24,600,1852,5076.12,3169.24,1.60169,0.624342,1,0,1,0,4.12311,0.353553,4.12311,0.353553,0,0,-1,3,2,0,0,0.958333,0
1,2,0,22,10159,14110.6,1066,10692,14850.9,13931,1.06604,0.950148,1.01289,0,1,0,3,0.901388,3,0.901388,0,0,-1,3,2,0,0,0.958333,0
1,0,0,4,1868,2586.47,371,849,6629.53,2406.85,2.75444,0.390144,1.07463,0,1,0,1,0.790569,1,0.790569,0,0,-1,3,2,0,0,0.958333,0
1,2,0,26,3166,7836.06,643,3777,7656.44,9570.65,0.799992,1.02346,0.818759,0,1,1,66.7608,0.5,68.4105,0,1.41421,0.5,1,1,1,0,0,0.958333,0
1,1,2,10,5203,6999.18,928,5412,7762.18,7223.32,1.0746,0.901703,0.968969,0,1,1,0,0.353553,0,0.353553,0,0,-1,3,2,0,0,1.15781,0
1,3,0,19,6655,10067.7,1074,8118,12348.4,13259.1,0.931317,0.815304,0.759307,0,3,-1,0,0,0,0,0,0,-1,0,0,1,1,1.15781,0
1,0,0,5,5904,6802.09,968,5498,8893.5,6802.09,1.30747,0.764838,1,0,3,0,0,0,0,0,0,0,-1,3,0,0,0,1.15781,0
1,3,0,10,4055,5851.18,988,6674,8909.2,6682.56,1.3332,0.656756,0.875589,0,1,-1,0,0,0,0,0,0,-1,0,0,1,1,1.15781,0
1,1,0,27,11571,16420.7,1348,11250,16420.7,64538.1,0.254434,1,0.254434,0,3,1,99,0.75,198,0.5,99,0.75,0,1,2,0,0,2.01778,0
1,3,0,126,21336,43967.8,7559,399479,44276.1,44473.4,0.995564,0.993036,0.988631,0,3,-1,0,0,0,0,0,0,-1,0,0,0,0,2.01778,1
1,2,0,46,14767,23029.4,1283,10595,23029.4,26548.9,0.867433,1,0.867433,0,2,0,38.1182,0.707107,75.1665,0,38.1182,0.707107,1,3,1,1,1,2.01778,1
1,3,0,64,22370,33865.5,3255,60347,36104.9,37455.6,0.963939,0.937976,0.904152,0,2,-1,0,0,0,0,0,0,-1,0,0,0,3,2.01778,1
1,3,0,49,16003,24804.3,25105,3058921,40886,37899,1.07881,0.606669,0.654484,0,1,-1,0,0,0,0,0,0,-1,0,0,1,2,2.01778,0
1,3,0,59,17208,27805.4,29574,3712904,44737.4,43255.1,1.03427,0.621525,0.642824,0,9,-1,0,0,0,0,0,0,-1,0,0,1,1,2.01778,1
1,3,0,69,16754,29147.6,7504,423588,31671,31450.5,1.00701,0.920324,0.926778,0,2,-1,0,0,0,0,0,0,-1,0,0,0,2,2.01778,1
1,3,0,34,15692,21799,14442,873240,29936.6,28375.5,1.05502,0.728172,0.768232,0,1,-1,0,0,0,0,0,0,-1,0,0,0,3,2.01778,0
1,3,0,14,9044,11558.6,1869,21555,19245.4,20229.8,0.951337,0.600593,0.571367,0,2,-1,0,0,0,0,0,0,-1,0,0,0,3,2.01778,0
1,3,0,23,4204,8335.2,7460,227826,13718.9,13040.4,1.05203,0.607573,0.639183,0,1,-1,0,0,0,0,0,0,-1,0,0,0,1,2.01778,0
1,2,0,23,11199,15330.2,1406,12370,15611.1,15150.6,1.03039,0.982008,1.01186,1,1,0,44.1475,0.353553,44.1475,0.353553,0,0,-1,3,2,0,0,2.01778,0
1,2,0,32,10289,16036.8,1369,11353,16506.6,15857.1,1.04095,0.971539,1.01133,1,1,0,44.1475,0.353553,44.1475,0.353553,0,0,-1,3,2,0,0,2.01778,1
1,3,0,143,35466,61151.3,3463,80375,69264.6,76755.8,0.902401,0.882866,0.796699,1,2,-1,0,0,0,0,0,0,-1,0,0,1,2,2.2013,1
1,3,0,49,35030,43831.3,2928,56322,50211,49956.4,1.0051,0.872941,0.877391,0,3,-1,0,0,0,0,0,0,-1,0,0,1,2,2.2013,1
1,3,0,99,24619,42401.1,14072,1102474,56250.7,56165.1,1.00152,0.753789,0.754938,0,4,-1,0,0,0,0,0,0,-1,0,0,1,4,2.2013,1
1,2,0,67,22371,34405.4,1488,15496,40353.4,34046.1,1.18526,0.852601,1.01055,0,4,0,0,0,0,0,0,0,-1,3,0,0,4,2.2013,1
1,3,0,23,3741,7872.2,4024,84294,18706.9,14441.9,1.29533,0.420817,0.545097,0,2,-1,0,0,0,0,0,0,-1,0,0,0,2,2.2013,0
1,2,0,88,20093,35899.3,1464,13790,35719.7,36335.6,0.983049,1.00503,0.987993,0,2,0,26.6271,0.790569,28.0179,0,0,0.790569,0,1,2,0,3,2.2013,1
1,3,0,13,3016,5351.03,6916,219606,20204.1,16388.7,1.23281,0.264848,0.326507,0,1,-1,0,0,0,0,0,0,-1,0,0,0,1,2.2013,0
1,3,0,21,5368,9139.97,1695,20195,20999.8,24258.4,0.865671,0.435242,0.376776,0,3,-1,0,0,0,0,0,0,-1,0,0,0,2,2.2013,0
1,3,0,31,13075,18643.1,1756,20200,22325.2,22886.1,0.97549,0.835073,0.814605,1,2,-1,0,0,0,0,0,0,-1,0,0,0,2,2.2013,0
1,3,0,51,9349,18509.5,9385,406039,34333.4,21966.3,1.563,0.539111,0.842632,1,1,-1,0,0,0,0,0,0,-1,0,0,0,0,2.2013,0
1,3,0,64,13254,24749.5,2453,47577,27952.4,28480,0.981475,0.885416,0.869013,0,3,-1,0,0,0,0,0,0,-1,0,0,0,1,2.2013,0
1,3,0,20,5735,9327.35,12793,667521,16144.8,15896,1.01566,0.57773,0.586775,0,1,-1,0,0,0,0,0,0,-1,0,0,0,0,2.2013,0
1,2,0,15,6649,9343.26,1313,10191,10012.5,9163.65,1.09264,0.933157,1.0196,0,1,0,0,0,0,0,0,0,-1,3,0,0,1,1.36295,0
1,3,0,8,6867,8303.94,1300,10484,10023,8702.26,1.15177,0.828491,0.954228,0,2,-1,0,0,0,0,0,0,-1,0,0,0,0,1.36295,0
1,3,0,71,12534,25286.8,6247,326917,30265.8,25768.8,1.17451,0.835494,0.981295,0,2,-1,0,0,0,0,0,0,-1,0,0,0,0,1.36295,0
1,1,0,39,11812,18817.1,1097,8111,18637.5,31020.2,0.600817,1.00964,0.606607,0,1,0,66.2873,0.5,133.135,0,66.2873,0.5,0,1,1,0,0,1.36295,0
1,3,0,13,10746,13081,2124,25980,16182,15199.1,1.06467,0.808371,0.860644,0,1,-1,0,0,0,0,0,0,-1,0,0,0,0,1.36295,0
1,0,0,7,7641,8898.32,1143,8135,10658.6,8898.32,1.19782,0.83485,1,0,1,1,1.41421,0.790569,1.41421,0.790569,0,0,-1,3,2,0,0,1.36295,0
1,1,7,21,6555,10327,1004,6696,10198.6,11075.1,0.920864,1.01258,0.93245,0,1,0,65.4599,0.559017,65.4599,0,1.41421,0.559017,0,1,2,0,0,1.36295,0
1,0,0,2,10390,10749.2,1230,9950,13835.2,10749.2,1.28709,0.776948,1,0,1,1,1.41421,0.790569,1.41421,0.790569,0,0,-1,3,2,0,0,1.36295,0
1,3,0,68,15113,27327,2060,25292,28625,34432.3,0.83134,0.954655,0.793643,0,1,-1,0,0,0,0,0,0,-1,0,0,0,0,1.36295,0
1,3,0,16,3482,6355.88,1879,16663,9543.06,9607.65,0.993277,0.666022,0.661544,0,1,-1,0,0,0,0,0,0,-1,0,0,0,0,1.36295,0
1,3,0,104,20390,39070.2,6344,217108,42802.6,46433.8,0.921799,0.9128,0.841418,0,2,-1,0,0,0,0,0,0,-1,0,0,0,0,1.36295,1
1,3,0,11,10131,12106.8,1697,22899,25626.1,26295.3,0.974552,0.472439,0.460416,0,1,-1,0,0,0,0,0,0,-1,0,0,0,1,1.36295,0
1,2,6,36,11517,17983.2,1220,9400,19321.6,32334.1,0.597561,0.930731,0.556169,0,1,0,65.4599,0.559017,65.4599,0.559017,0,0,-1,1,2,0,0,1.36295,0
1,3,0,18,11111,14344.1,1396,15424,19727.1,23329.4,0.84559,0.727129,0.614853,1,1,-1,0,0,0,0,0,0,-1,0,0,0,0,1.36295,1
1,3,0,8,6783,8219.94,2341,26663,12007.9,10200.5,1.17719,0.684544,0.805837,0,3,-1,0,0,0,0,0,0,-1,0,0,0,0,1.36295,0
1,1,2,25,12014,16504.4,1435,13131,18207.8,24858,0.732473,0.906448,0.663948,0,1,0,60.0333,0.790569,56.8243,1.06066,3.60555,0.5,0,1,2,0,2,1.36295,0
1,0,0,6,5844,6921.71,906,5600,8004.41,6742.09,1.18723,0.864736,1.02664,0,1,0,1,0.25,1,0.25,0,0,-1,1,2,0,0,0.25,0
1,3,0,28,8353,13382.3,989,5929,15302.8,14045.4,1.08952,0.874502,0.952786,0,1,-1,0,0,0,0,0,0,-1,0,0,0,0,0.25,0
1,0,0,2,7387,7746.24,909,5211,9732.65,7746.24,1.25644,0.795902,1,0,1,0,1,0.25,1,0.25,0,0,-1,1,2,0,0,0.25,0
1,3,0,24,12802,17112.8,2054,22876,22730.9,20230.2,1.12361,0.752846,0.845905,0,3,-1,0,0,0,0,0,0,-1,0,0,0,0,0.25,0
1,0,0,8,4969,6405.94,801,4347,7483.65,6405.94,1.16824,0.855992,1,0,1,1,0,0,0,0,0,0,-1,3,0,0,0,0.25,0
1,2,0,11,13495,15470.8,1263,14349,16234.5,15470.8,1.04936,0.952958,1,0,1,0,1,0.25,1,0.25,0,0,-1,1,2,0,0,0.25,0
1,0,0,6,7812,8889.71,1029,6541,11389.2,8889.71,1.28117,0.780538,1,0,1,0,1,0.25,1,0.25,0,0,-1,3,2,0,0,0.25,0
1,2,0,57,18560,28798.2,1661,18707,28798.2,28938,0.995168,1,0.995168,1,6,0,2.23607,0.353553,3.60555,0.901388,2.23607,0.559017,0,3,2,0,0,0.25,1
1,3,0,92,24136,40660.8,3686,130182,44475.7,46767.3,0.951,0.914226,0.869429,0,1,-1,0,0,0,0,0,0,-1,0,0,0,0,0.25,1
1,2,0,139,36588,61554.8,1960,25710,65318.9,61375.2,1.06426,0.942374,1.00293,0,11,0,1,0.25,1,0.25,0,0,-1,3,2,0,1,0.25,1
1,3,0,109,31231,50809.3,6509,317993,56657.6,60178.8,0.941487,0.896779,0.844305,1,1,-1,0,0,0,0,0,0,-1,0,0,0,3,0.25,1
1,3,0,136,28299,52727,10395,526803,75351.8,78221.3,0.963317,0.699744,0.674075,1,2,-1,0,0,0,0,0,0,-1,0,0,0,4,0.25,1
1,3,0,8,5748,7184.94,997,5609,9592.68,10203.7,0.94012,0.749003,0.704152,0,1,-1,0,0,0,0,0,0,-1,0,0,0,0,1.18906,0
1,2,0,18,12708,15941.1,1293,12153,15941.1,21349.4,0.746676,1,0.746676,0,1,0,29.5296,0.559017,31.305,0.5,1,0.75,1,1,2,0,0,1.18906,0
1,3,0,14,5293,7807.65,1502,11838,10819.7,8223.32,1.31573,0.721616,0.949451,0,1,-1,0,0,0,0,0,0,-1,0,0,0,0,1.18906,0
1,3,0,12,6093,8248.41,1817,17263,10305.5,9321.18,1.1056,0.800387,0.884911,0,3,-1,0,0,0,0,0,0,-1,0,0,0,0,1.18906,0
1,3,0,12,5813,7968.41,1214,14498,14149.9,11200.7,1.2633,0.563142,0.711419,0,1,-1,0,0,0,0,0,0,-1,0,0,0,1,1.87,0
1,3,0,54,13814,23513.4,4777,135911,26899,24601.8,1.09338,0.874134,0.955759,0,4,-1,0,0,0,0,0,0,-1,0,0,0,0,1.87,1
1,3,0,9,3218,4834.56,1235,7579,8267.44,5602.32,1.47572,0.584771,0.862956,0,1,-1,0,0,0,0,0,0,-1,0,0,0,0,1.87,0
1,3,0,40,9922,17106.7,10150,515846,25314.7,23277.2,1.08753,0.675761,0.734911,0,4,-1,0,0,0,0,0,0,-1,0,0,0,2,1.87,0
1,3,0,82,22174,36902.6,3094,59548,44870.6,53215.6,0.843186,0.822423,0.693456,2,1,-1,0,0,0,0,0,0,-1,0,0,0,1,1.87,0
1,3,0,12,9483,11638.4,1396,14904,20349.4,29091.2,0.699503,0.57193,0.400067,0,1,-1,0,0,0,0,0,0,-1,0,0,1,1,1.87,0
1,3,0,169,45642,75997.4,9607,501975,79578.1,78336.3,1.01585,0.955004,0.970143,0,4,-1,0,0,0,0,0,0,-1,0,0,0,1,1.87,1
1,3,0,33,12803,18730.4,6188,210456,30959.9,27524.1,1.12483,0.604988,0.680507,1,1,-1,0,0,0,0,0,0,-1,0,0,0,1,1.87,0
1,1,0,16,8600,11473.9,1021,7825,11473.9,12374.6,0.927215,1,0.927215,0,1,1,1,0.25,2,0.5,1,0.25,0,1,2,0,0,1.87,0
1,3,0,51,19591,28751.5,6574,238540,37451.3,33271.3,1.12564,0.767703,0.864154,0,3,-1,0,0,0,0,0,0,-1,0,0,0,0,1.87,1
1,2,0,35,14486,20772.6,1153,10817,21492.2,20772.6,1.03464,0.96652,1,0,4,1,1,0.25,1,0.25,0,0,-1,1,2,0,0,1.87,0
1,3,0,72,20722,33654.5,9070,355220,47904.2,37696.1,1.2708,0.702537,0.892783,0,5,-1,0,0,0,0,0,0,-1,0,0,0,2,1.87,0
1,3,0,141,34870,60196.1,3202,119050,61900.6,67589,0.915838,0.972464,0.89062,2,2,-1,0,0,0,0,0,0,-1,0,0,0,3,1.87,1
1,3,0,61,16162,27118.7,18778,1846892,38015,33567.4,1.1325,0.713368,0.807886,0,2,-1,0,0,0,0,0,0,-1,0,0,0,2,1.87,0
1,3,0,86,38301,53748.1,13825,792541,65389.5,60477.3,1.08122,0.821968,0.888732,1,3,-1,0,0,0,0,0,0,-1,0,0,0,3,1.87,1
1,3,0,19,9691,13103.7,15478,963962,25624.3,22297.3,1.14921,0.51138,0.587684,0,1,-1,0,0,0,0,0,0,-1,0,0,0,2,1.87,0
1,3,0,22,7286,11237.6,12626,696156,30525.4,24666.1,1.23754,0.368139,0.455588,0,2,-1,0,0,0,0,0,0,-1,0,0,0,2,1.79771,0
1,3,0,116,23303,44138.6,3682,111264,58614.7,58719.4,0.998218,0.75303,0.751688,0,1,-1,0,0,0,0,0,0,-1,0,0,0,1,1.79771,1
1,3,0,13,2144,4479.03,1366,10584,13468.7,28111.8,0.479113,0.33255,0.159329,0,2,-1,0,0,0,0,0,0,-1,0,0,0,0,1.79771,0
1,3,0,52,20495,29835.1,13369,874483,41952.4,41693.2,1.00622,0.711166,0.715588,0,3,-1,0,0,0,0,0,0,-1,0,0,0,2,1.79771,0
1,3,0,32,11498,17245.8,2829,40723,26375,29266.1,0.901215,0.653867,0.589275,1,5,-1,0,0,0,0,0,0,-1,0,0,0,1,1.79771,0
1,3,0,33,12163,18090.4,1416,13120,34755.8,23423.2,1.48382,0.5205,0.772326,0,8,-1,0,0,0,0,0,0,-1,0,0,0,0,1.79771,1
1,2,0,64,16454,27949.5,1704,17860,27769.9,32119.6,0.864579,1.00647,0.870171,0,2,0,35.5106,0.75,35.0143,0.353553,7.07107,0.559017,1,3,2,0,1,1.79771,0
1,2,0,14,7274,9788.65,1314,11748,10943.6,9788.65,1.11799,0.894464,1,0,3,1,1.41421,0.790569,1.41421,0.790569,0,0,-1,3,2,0,2,1.79771,0
1,3,0,29,5178,10386.9,1846,19134,13277.9,20510.7,0.647366,0.782268,0.506414,0,1,-1,0,0,0,0,0,0,-1,0,0,1,1,1.79771,0
1,3,0,50,11887,20867.9,2269,62989,25813.9,36871.4,0.700107,0.808396,0.565964,1,1,-1,0,0,0,0,0,0,-1,0,0,1,1,1.79771,0
1,3,0,30,14075,19463.5,3236,74674,34215.2,37178.5,0.920295,0.568856,0.523515,0,1,-1,0,0,0,0,0,0,-1,0,0,0,0,1.79771,0
1,3,0,16,2394,5267.88,1562,13002,13226.8,32657.4,0.405017,0.398274,0.161308,0,2,-1,0,0,0,0,0,0,-1,0,0,0,0,1.79771,0
1,3,0,138,26790,51577.2,13132,1016422,69261.2,53762.1,1.28829,0.744677,0.959361,0,10,-1,0,0,0,0,0,0,-1,0,0,1,1,1.79771,1
1,2,0,55,13720,23599,1200,10374,28316.4,23599,1.1999,0.833403,1,1,4,1,1.41421,0.790569,1.41421,0.790569,0,0,-1,3,2,1,2,1.79771,1
1,3,0,42,9341,16884.9,1897,22355,20656.1,22445.5,0.920275,0.817433,0.752263,1,1,-1,0,0,0,0,0,0,-1,0,0,0,2,1.79771,0
1,3,0,32,13804,19551.8,1273,15961,27567,44776.3,0.615662,0.709245,0.436655,1,2,-1,0,0,0,0,0,0,-1,0,0,1,4,1.79771,0
1,0,0,4,18007,18725.5,1367,13633,20966.3,18545.9,1.13051,0.893124,1.00969,0,1,0,1,0.25,1,0.25,0,0,-1,3,2,0,0,0.539474,0
1,2,0,55,22018,31897,1849,22651,33368.9,31717.4,1.05207,0.955889,1.00566,1,5,0,1,0.25,1,0.25,0,0,-1,3,2,0,2,0.539474,1
1,2,0,8,8144,9580.94,1256,11092,10932,9580.94,1.14102,0.87641,1,0,4,0,1,0.25,1,0.25,0,0,-1,1,2,0,0,0.539474,0
1,3,0,226,47961,88554.6,9426,642414,94492.8,93235.4,1.01349,0.937157,0.949795,1,5,-1,0,0,0,0,0,0,-1,0,0,0,2,0.539474,1
1,3,0,276,53288,102862,18141,1685089,108457,108437,1.00018,0.948416,0.94859,1,5,-1,0,0,0,0,0,0,-1,0,0,0,4,0.539474,1
1,3,0,109,39243,58821.3,15316,1037326,93165.4,85444.8,1.09036,0.631365,0.688413,2,2,-1,0,0,0,0,0,0,-1,0,0,0,4,0.539474,1
1,3,0,83,25071,39979.3,13919,822905,61403.7,60133.9,1.02112,0.651089,0.664837,1,1,-1,0,0,0,0,0,0,-1,0,0,0,4,0.539474,1
1,3,0,12,3677,5832.41,15302,919970,33719.9,12562.6,2.68415,0.172966,0.464268,0,1,-1,0,0,0,0,0,0,-1,0,0,0,4,0.539474,0
1,3,0,16,16127,19000.9,2759,122085,28345.3,23657.5,1.19815,0.670336,0.803165,0,1,-1,0,0,0,0,0,0,-1,0,0,0,0,0.539474,0
1,3,0,78,16915,30925.2,16020,1069660,52334.2,42166.1,1.24115,0.590917,0.733413,1,1,-1,0,0,0,0,0,0,-1,0,0,0,2,0.539474,1
1,3,0,67,17543,29577.4,3988,144926,32114.6,30516,1.05238,0.920995,0.969241,0,7,-1,0,0,0,0,0,0,-1,0,0,0,0,0.539474,1
1,3,0,49,19386,28187.3,11663,763087,45770.4,33044.6,1.38511,0.615841,0.853005,0,3,-1,0,0,0,0,0,0,-1,0,0,0,3,0.539474,0
1,3,0,13,3559,5894.03,15084,898870,35345,16456.8,2.14774,0.166757,0.358151,0,2,-1,0,0,0,0,0,0,-1,0,0,0,4,0.539474,0
1,3,0,16,4526,7399.88,16652,1101552,35461.5,16680.9,2.12587,0.208674,0.443614,0,1,-1,0,0,0,0,0,0,-1,0,0,0,1,0.539474,0
1,3,0,36,7376,13842.2,14973,966617,36718.5,22901.6,1.60332,0.376983,0.604423,0,3,-1,0,0,0,0,0,0,-1,0,0,0,1,0.539474,1
1,3,0,64,14309,25804.5,16177,1129343,55565.5,39629.9,1.40211,0.464398,0.651138,1,3,-1,0,0,0,0,0,0,-1,0,0,0,1,0.539474,1
1,2,0,74,21888,35179.7,1802,21270,38531.7,35179.7,1.09528,0.913006,1,0,1,1,0,0.353553,0,0.353553,0,0,-1,3,2,0,0,0.4,0
1,0,0,5,8302,9200.09,904,6288,10465.9,9200.09,1.13758,0.879055,1,0,1,1,0,0.353553,0,0.353553,0,0,-1,3,2,0,0,0.4,0
1,3,0,24,5713,10023.8,1489,31523,16569.9,15060.2,1.10025,0.60494,0.665583,1,2,-1,0,0,0,0,0,0,-1,0,0,0,0,0.4,0
1,3,0,33,14875,20802.4,2607,73299,30905.1,30681.9,1.00727,0.673105,0.678002,1,2,-1,0,0,0,0,0,0,-1,0,0,0,0,0.4,1
1,0,0,4,3968,4686.47,577,2999,5783.5,4686.47,1.23408,0.810317,1,0,2,0,1,0,1,0,0,0,-1,1,0,0,0,0.375,0
1,3,0,51,8211,17371.5,5093,219397,24377.1,18842.1,1.29376,0.712615,0.921951,0,3,-1,0,0,0,0,0,0,-1,0,0,0,0,0.375,0
1,0,0,3,10209,10747.9,952,7768,12544,10747.9,1.16712,0.85681,1,0,1,0,1,0,1,0,0,0,-1,1,0,0,0,0.375,0
1,3,0,36,10735,17201.2,12137,746061,26134.2,23875.6,1.0946,0.658189,0.720452,1,3,-1,0,0,0,0,0,0,-1,0,0,0,0,0.375,0
1,3,0,33,9296,15223.4,16921,1234119,33467.2,24386.6,1.37236,0.454875,0.624253,0,1,-1,0,0,0,0,0,0,-1,0,0,0,0,0.375,0
1,3,0,15,8231,10925.3,18623,1387635,24680.2,23390.8,1.05512,0.442674,0.467074,0,1,-1,0,0,0,0,0,0,-1,0,0,0,0,0.375,0
1,3,0,14,3002,5516.65,20271,1610575,22300,12967.7,1.71966,0.247384,0.425415,0,1,-1,0,0,0,0,0,0,-1,0,0,0,0,0.375,0
1,3,0,8,2589,4025.94,21334,1782380,17481.3,13829.1,1.2641,0.2303,0.291122,0,1,-1,0,0,0,0,0,0,-1,0,0,0,0,0.375,0
1,2,2,20,14598,18190.4,1669,21981,18921.8,18024.9,1.04976,0.961346,1.00918,0,1,1,0,0.353553,0,0.353553,0,0,-1,3,2,0,0,0.375,1
1,3,0,50,17095,26075.9,8129,469727,45670.1,43994,1.0381,0.570962,0.592715,2,1,-1,0,0,0,0,0,0,-1,0,0,0,1,0.375,1
1,0,0,6,15448,16525.7,1550,16620,19166.1,16166.5,1.18554,0.862238,1.02222,0,3,1,0,0.353553,0,0.353553,0,0,-1,3,2,0,3,0.375,0
1,2,0,42,8872,16415.9,1315,11331,18705.1,16236.3,1.15205,0.877618,1.01106,1,1,1,0,0.353553,0,0.353553,0,0,-1,3,2,0,3,0.375,1
1,3,0,6,3372,4449.71,19988,1569604,21166.6,16129.8,1.31226,0.210223,0.275868,0,1,-1,0,0,0,0,0,0,-1,0,0,0,1,0.375,0
1,3,0,7,1888,3145.32,22318,1947534,18724,13028.2,1.43719,0.167984,0.241424,0,1,-1,0,0,0,0,0,0,-1,0,0,0,0,0.375,0
1,3,0,60,15007,25784.1,7576,471126,35092.6,30642.6,1.14522,0.734743,0.841444,0,11,-1,0,0,0,0,0,0,-1,0,0,0,2,0.375,1
1,3,0,16,7542,10415.9,18492,1358530,30537.2,21471.4,1.42223,0.341088,0.485105,0,1,-1,0,0,0,0,0,0,-1,0,0,0,1,0.375,0
1,3,0,36,13773,20239.2,13712,938276,39058.6,29874.6,1.30742,0.518176,0.677473,1,1,-1,0,0,0,0,0,0,-1,0,0,0,0,0.784163,1
1,3,0,51,11777,20937.5,2859,96637,26935.1,24617.3,1.09415,0.777333,0.850521,1,1,-1,0,0,0,0,0,0,-1,0,0,0,1,0.784163,1
1,3,0,11,2648,4623.79,20886,1709018,21761,13774.3,1.57983,0.212481,0.335683,0,6,-1,0,0,0,0,0,0,-1,0,0,0,2,0.784163,0
1,3,0,47,19342,27784,10294,542538,39287.4,34095.3,1.15228,0.707199,0.814894,0,4,-1,0,0,0,0,0,0,-1,0,0,0,3,0.784163,1
1,3,0,35,10958,17244.6,1732,25130,19459.1,18056.5,1.07768,0.886199,0.955035,0,1,-1,0,0,0,0,0,0,-1,0,0,0,1,0.784163,1
1,0,0,5,5627,6525.09,755,4139,8737.59,6345.47,1.37698,0.746784,1.02831,0,2,0,1.41421,0.707107,1.41421,0.707107,0,0,-1,1,1,0,1,0.784163,1
1,3,0,119,25179,46553.5,11136,579626,59269.1,57403.3,1.0325,0.78546,0.81099,0,1,-1,0,0,0,0,0,0,-1,0,0,0,4,0.784163,1
1,3,0,11,4994,6969.79,3926,78188,18929.4,19295.4,0.981027,0.3682,0.361215,0,1,-1,0,0,0,0,0,0,-1,0,0,0,4,0.784163,0
1,3,0,9,5054,6670.56,21032,1735854,25193.7,18042.3,1.39637,0.264771,0.369718,0,1,-1,0,0,0,0,0,0,-1,0,0,0,0,0.784163,0
1,3,0,43,15452,23175.6,8678,365802,39686.8,33252.1,1.19351,0.583961,0.696965,0,2,-1,0,0,0,0,0,0,-1,0,0,0,2,0.784163,0
1,3,0,56,9196,19254.6,15371,981489,32593,26194.9,1.24425,0.590759,0.735052,0,6,-1,0,0,0,0,0,0,-1,0,0,0,0,0.784163,1
1,3,0,12,5658,7813.41,6736,193092,23518.7,17357.1,1.35499,0.332222,0.450155,0,1,-1,0,0,0,0,0,0,-1,0,0,0,1,0.784163,0
1,3,0,87,25958,41584.7,7397,299315,49598.7,47057.2,1.05401,0.838424,0.883706,0,4,-1,0,0,0,0,0,0,-1,0,0,0,3,0.784163,1
1,3,0,53,10751,20270.7,6183,242545,27396.7,23030.6,1.18958,0.739897,0.880167,0,1,-1,0,0,0,0,0,0,-1,0,0,0,2,0.784163,1
1,3,0,71,26139,38891.8,5181,138867,54944.1,51959.7,1.05744,0.707844,0.7485,1,4,-1,0,0,0,0,0,0,-1,0,0,0,2,0.784163,0
1,3,0,60,19729,30506.1,5955,187795,45377.6,40952.2,1.10806,0.672272,0.744918,1,1,-1,0,0,0,0,0,0,-1,0,0,0,3,0.784163,1
1,2,0,11,8163,10138.8,1134,8036,13669.8,9959.18,1.37258,0.741695,1.01804,0,1,0,4.12311,0,4.12311,0,0,0,-1,3,0,0,1,1.33038,0
1,3,0,9,9578,11194.6,1253,10221,12444.9,11367.2,1.09481,0.899531,0.984814,0,3,-1,0,0,0,0,0,0,-1,0,0,0,0,1.33038,0
1,3,0,51,12794,21954.5,3757,141241,25055,22529.6,1.11209,0.876251,0.974474,0,8,-1,0,0,0,0,0,0,-1,0,0,0,1,1.33038,1
1,2,0,13,6709,9044.03,1236,9646,11747,8864.41,1.32518,0.769903,1.02026,0,1,0,0,0,0,0,0,0,-1,3,0,0,1,1.33038,0
1,3,0,22,9307,13258.6,3746,120812,28637,19699.4,1.4537,0.462989,0.673047,0,3,-1,0,0,0,0,0,0,-1,0,0,0,3,1.33038,0
1,2,0,9,10681,12297.6,1465,13157,13195.6,12117.9,1.08893,0.931941,1.01482,0,1,0,1,0.5,1,0.5,0,0,-1,1,1,0,1,1.33038,0
1,2,0,10,8662,10458.2,1042,7636,11978.3,10278.6,1.16536,0.873096,1.01747,0,1,0,1,0.5,1,0.5,0,0,-1,3,1,0,2,1.33038,0
1,2,0,6,5615,6692.71,1147,8377,7320.41,6513.09,1.12395,0.914253,1.02758,0,1,0,1,0.5,1,0.5,0,0,-1,3,1,0,0,1.33038,0
1,3,0,36,10632,17098.2,1820,21158,18913.2,17753.6,1.06531,0.904037,0.963083,0,1,-1,0,0,0,0,0,0,-1,0,0,0,0,1.74942,1
1,3,0,187,41018,74606.5,12360,761456,86108.1,78251.6,1.1004,0.866428,0.953418,0,7,-1,0,0,0,0,0,0,-1,0,0,0,1,1.74942,1
1,3,0,17,11617,14670.5,2692,69006,22844.7,18023.6,1.26749,0.642184,0.813959,0,2,-1,0,0,0,0,0,0,-1,0,0,0,2,1.74942,1
1,3,0,80,29229,43598.4,10970,518294,63562,50602.1,1.25611,0.685919,0.861593,0,4,-1,0,0,0,0,0,0,-1,0,0,0,4,1.74942,1
1,3,0,107,30298,49517.1,7709,287997,61021.8,57889.8,1.0541,0.811465,0.855367,1,2,-1,0,0,0,0,0,0,-1,0,0,0,3,1.74942,1
1,3,0,134,31995,56063.8,7485,275371,67862,62052.5,1.09362,0.826144,0.903489,0,9,-1,0,0,0,0,0,0,-1,0,0,0,2,1.74942,1
1,3,0,147,35096,61499.8,9723,492279,80216,72623.2,1.10455,0.766678,0.846834,1,2,-1,0,0,0,0,0,0,-1,0,0,0,4,1.74942,1
1,3,0,47,12759,21201,6076,164600,38326.6,31509.6,1.21635,0.553168,0.672844,1,1,-1,0,0,0,0,0,0,-1,0,0,1,5,1.74942,0
1,3,0,12,10130,12285.4,1779,25383,21448.5,20191.2,1.06227,0.572787,0.608455,0,4,-1,0,0,0,0,0,0,-1,0,0,0,2,1.74942,0
1,3,0,45,13708,21790.8,9698,386610,31566.6,28804.9,1.09587,0.690312,0.756495,0,3,-1,0,0,0,0,0,0,-1,0,0,0,3,1.74942,0
1,2,0,9,8913,10529.6,1022,7184,11966.5,10529.6,1.13647,0.87992,1,0,2,0,1,0.5,1,0.5,0,0,-1,1,1,0,0,1.74942,0
1,3,0,65,25925,37600.1,8210,291352,48132.7,43182.3,1.11464,0.781176,0.870731,0,6,-1,0,0,0,0,0,0,-1,0,0,0,0,1.74942,1
1,3,0,90,19044,35209.6,2959,65941,46062.5,50892.2,0.9051,0.764387,0.691846,1,4,-1,0,0,0,0,0,0,-1,0,0,1,2,2.08685,1
1,3,0,37,17848,24493.9,1615,18111,32346.3,46203.9,0.700077,0.757238,0.530125,0,8,-1,0,0,0,0,0,0,-1,0,0,1,2,2.08685,0
1,3,0,102,17096,35417,9419,394467,50966.5,47681.3,1.0689,0.694908,0.742787,0,4,-1,0,0,0,0,0,0,-1,0,0,1,4,2.08685,1
1,3,0,170,23520,54055,11433,690113,72237.4,57086.6,1.2654,0.748297,0.946895,2,6,-1,0,0,0,0,0,0,-1,0,0,1,3,2.08685,1
1,3,0,109,16248,35826.3,6293,292697,44786.1,40875.9,1.09566,0.799942,0.876465,0,5,-1,0,0,0,0,0,0,-1,0,0,0,0,2.08685,1
1,1,0,35,11510,17796.6,1051,7373,17617,19250.7,0.915135,1.0102,0.924466,0,2,1,90.0056,1.06066,181.011,0.707107,90.0056,1.06066,1,1,2,0,1,2.08685,0
1,2,1,173,31676,62749.8,2259,34593,68774.7,66379.7,1.03608,0.912397,0.945317,1,9,0,52.6308,0.790569,76.1577,0.790569,33.2415,0.707107,0,1,2,1,4,2.08685,1
1,3,0,24,18388,22698.8,1621,31303,29073.3,32208.5,0.902659,0.780744,0.704746,0,4,-1,0,0,0,0,0,0,-1,0,0,0,2,2.08685,1
1,3,0,63,17876,29191.9,9893,484103,55901.5,49315.9,1.13354,0.522203,0.591937,1,3,-1,0,0,0,0,0,0,-1,0,0,1,3,2.08685,0
1,3,0,147,37837,64240.8,13103,854899,74114.3,73242.9,1.0119,0.86678,0.877093,2,5,-1,0,0,0,0,0,0,-1,0,0,0,3,2.08685,0
1,3,0,161,29059,57977.4,5433,265217,72677.1,79028.7,0.919629,0.79774,0.733625,1,6,-1,0,0,0,0,0,0,-1,0,0,0,0,2.08685,1
1,3,0,245,46323,90329.3,14262,1198386,101757,98606,1.03195,0.887698,0.916063,2,3,-1,0,0,0,0,0,0,-1,0,0,0,1,2.08685,1
1,2,2,38,11906,18731.5,1406,12414,20424.3,22456.7,0.909499,0.917116,0.834116,0,1,1,0,0,0,0,0,0,-1,3,0,0,3,2.08685,1
1,3,0,36,32065,38531.2,6914,348228,61711.3,59272.4,1.04115,0.624379,0.65007,1,1,-1,0,0,0,0,0,0,-1,0,0,0,4,2.08685,0
1,3,0,20,16724,20316.4,6141,226879,40295.9,34968.9,1.15234,0.504179,0.580983,0,2,-1,0,0,0,0,0,0,-1,0,0,0,3,2.08685,0
1,2,0,69,13790,26183.6,1610,17954,26004,44222.5,0.588026,1.00691,0.592088,1,1,1,36.6197,0.707107,71.8471,0,36.6197,0.707107,0,1,1,0,1,2.08685,0
1,3,0,13,11306,13641,4089,84435,21041.4,18662.7,1.12746,0.648295,0.730926,0,1,-1,0,0,0,0,0,0,-1,0,0,1,2,1.576,0
1,1,0,33,8087,14014.4,1008,6374,13834.8,28107.6,0.492208,1.01298,0.498598,0,4,0,24.6982,0.901388,50.774,0.5,24.6982,0.901388,0,1,2,1,1,1.576,0
1,3,0,34,25159,31266,2645,50575,65717.9,56706.7,1.15891,0.475761,0.551363,1,1,-1,0,0,0,0,0,0,-1,0,0,0,0,1.576,0
1,3,0,9,8977,10593.6,2009,20575,16789.6,13804.4,1.21626,0.630959,0.767407,0,1,-1,0,0,0,0,0,0,-1,0,0,0,0,1.576,0
1,3,0,35,9108,15394.6,4275,113279,21668.1,18851.1,1.14943,0.710474,0.816641,0,2,-1,0,0,0,0,0,0,-1,0,0,0,2,0.612903,0
1,3,0,66,15168,27022.8,2885,110337,31660.1,30223.2,1.04754,0.853527,0.894107,1,1,-1,0,0,0,0,0,0,-1,0,0,0,3,0.612903,1
1,3,0,35,7925,14211.6,6550,211898,24578.3,22634,1.0859,0.578219,0.627888,0,6,-1,0,0,0,0,0,0,-1,0,0,0,0,0.612903,0
1,3,0,48,11817,20438.6,1771,24289,24738.5,23301.6,1.06167,0.826187,0.877135,0,1,-1,0,0,0,0,0,0,-1,0,0,0,2,0.612903,0
1,2,0,50,10423,19403.9,1481,12879,27163.5,19224.3,1.41298,0.714337,1.00934,1,3,0,1,0.25,1,0.25,0,0,-1,1,2,0,0,0.612903,0
1,2,1,197,24277,59661.7,2063,28985,72442.2,64715.6,1.11939,0.823576,0.921905,1,4,0,1,0.25,1,0.25,0,0,-1,1,2,0,0,0.612903,1
1,3,0,101,26938,45079.4,8715,601559,57803.6,54822.5,1.05438,0.779872,0.822279,1,1,-1,0,0,0,0,0,0,-1,0,0,0,0,0.612903,1
1,3,0,75,30431,43902.3,19150,1632884,57081.2,63950.5,0.892584,0.769121,0.686505,1,5,-1,0,0,0,0,0,0,-1,0,0,0,3,0.612903,1
1,3,0,133,29380,53269.1,15873,1449529,74251.5,64538.1,1.15051,0.717415,0.825391,1,2,-1,0,0,0,0,0,0,-1,0,0,0,1,0.612903,1
1,3,0,195,44000,79025.4,10033,821695,93380.5,89515.7,1.04317,0.846274,0.882811,1,1,-1,0,0,0,0,0,0,-1,0,0,0,1,0.612903,1
1,3,0,121,28946,50679.7,19530,2049304,67294.2,64354.5,1.04568,0.753107,0.787509,1,1,-1,0,0,0,0,0,0,-1,0,0,0,4,0.612903,1
1,3,0,47,31714,40156,8190,600140,48582.3,46965.7,1.03442,0.826557,0.855007,0,8,-1,0,0,0,0,0,0,-1,0,0,0,4,0.612903,1
