4,1,1,23,21131,22057.9,6724,18568,22609.8,22745.8,0.99402,0.97559,0.969756,0,2,0,0,0,0,0,0,0,0,3,0,0,0,0,0
4,2,1,161,37349,43837.1,12958,76004,43984.5,51296.7,0.857453,0.996648,0.85458,1,12,0,0,0,0,0,0,0,0,3,0,2,2,1.43126,1
4,2,1,193,60951,68728.7,15221,103109,75685.8,105930,0.714487,0.908079,0.648811,1,1,1,0,0,0,0,0,0,-1,3,0,2,3,2.0947,1
4,2,0,83,51703,55047.8,14937,93889,55007.5,57128.6,0.962872,1.00073,0.963577,1,7,1,0,0,0,0,0,0,1,3,0,2,3,2.20923,1
4,1,2,19,40707,41472.7,10666,60332,41870.3,67541.5,0.61992,0.990504,0.614033,0,8,0,0,0,0,0,0,0,0,1,0,2,3,2.07594,1
4,1,1,21,34978,35824.3,8015,28491,35927.9,37970.9,0.946195,0.997116,0.943467,0,1,0,0,0,0,0,0,0,-1,3,0,2,3,1.67381,0
4,1,1,8,25501,25823.4,7313,23151,25984.6,28642.2,0.907213,0.993797,0.901586,0,39,0,0,0,0,0,0,0,-1,3,0,2,2,1.13782,0
4,1,1,12,21314,21797.6,6530,17420,22042.9,21893.2,1.00684,0.988872,0.995633,0,3,0,0,0,0,0,0,0,0,1,0,0,0,0,0
4,2,1,400,29084,45203.5,10624,48562,45528.8,48543.8,0.937891,0.992856,0.93119,1,5,0,0,0,0,0,0,0,-1,3,0,2,2,1.1996,1
4,2,1,423,61458,78504.4,11780,60672,78464.6,84471.7,0.928886,1.00051,0.929357,2,23,0,9.48683,0.559017,9.48683,0.707107,1,0.25,0,3,2,2,3,2.37255,1
4,2,6,138,26113,31674.2,11603,55579,32848.6,32122.5,1.0226,0.964248,0.986044,2,33,1,0,0,0,0,0,0,-1,1,0,2,3,1.83112,1
4,1,0,15,23185,23789.5,6726,18482,23749.2,24091.3,0.985799,1.0017,0.987472,0,4,1,0,0,0,0,0,0,0,3,0,1,2,0.964912,0
4,0,0,2,22320,22400.6,6630,18036,22723,22360.3,1.01622,0.985812,1.0018,0,4,1,0,0,0,0,0,0,-1,3,0,0,0,0,0
4,1,0,15,22845,23449.5,6095,17405,23409.2,24967.2,0.937598,1.00172,0.939212,0,4,1,0,0,0,0,0,0,0,3,0,2,2,1.07812,1
4,2,2,167,58235,64964.9,13806,82838,74241.5,77324.7,0.960126,0.875048,0.840157,1,4,1,1,0.25,1,0.5,1,0.25,0,3,2,2,5,1.59315,1
4,2,1,300,82061,94150.6,15582,102350,104073,137238,0.758346,0.904655,0.686041,1,26,0,0,0.25,0,0.5,0,0.25,0,3,2,2,6,2.06966,1
4,2,2,74,74047,77029.1,15024,93604,80425,90334,0.890308,0.957775,0.852715,1,16,1,0,0.25,0,0.353553,0,0.25,0,3,2,2,6,1.91108,1
4,1,0,11,20352,20795.3,6435,17805,20714.7,20800.2,0.995889,1.00389,0.999764,0,6,0,0,0,0,0,0,0,0,1,0,1,5,0.995994,0
4,0,0,3,19204,19324.9,6242,16416,19752.5,19324.9,1.02213,0.978353,1,0,6,0,0,0,0,0,0,0,-1,3,0,1,2,0.423077,0
4,1,1,10,21125,21528,6519,17403,21877,21594.9,1.01306,0.984047,0.996902,0,2,0,0,0,0,0,0,0,-1,3,0,1,1,0.166667,0
4,0,0,3,24062,24182.9,6808,19230,24545.6,24182.9,1.015,0.985224,1,0,2,0,0,0,0,0,0,0,-1,3,0,2,2,0.776018,0
4,2,7,856,47273,81768.8,12202,64492,108156,110930,0.974994,0.756029,0.737124,1,3,-1,0,0,0,0,0,0,-1,2,0,2,4,1.48215,1
4,2,2,1384,75617,131391,12303,63651,136184,141007,0.965803,0.964799,0.931805,2,7,0,9.48683,0.559017,9.48683,0.559017,0,0,-1,3,2,2,6,2.18292,1
4,2,2,99,27214,31203.6,12161,62461,31837.2,31200.8,1.0204,0.980099,1.00009,2,1,0,0,0,0,0,0,0,-1,3,0,2,6,1.61567,1
4,0,0,4,22079,22240.2,6552,17630,22501.1,22199.9,1.01357,0.988406,1.00182,0,3,1,0,0,0,0,0,0,-1,3,0,0,2,0.5722,0
4,0,0,5,23471,23672.5,6686,18214,23717.4,23632.2,1.0036,0.998108,1.00171,0,3,0,0,0,0,0,0,0,-1,3,0,1,1,0.2,0
4,1,0,17,34212,34897.1,7952,26882,34897.1,42169,0.827552,1,0.827552,0,4,1,1,0.25,1,0.25,0,0,0,3,2,2,4,1.64354,1
4,2,2,895,40585,76652.4,12775,69601,90936.6,81964.7,1.10946,0.842922,0.935189,1,1,-1,0,0,0,0,0,0,-1,2,0,2,6,1.62976,1
4,2,1,1427,109525,167031,15463,99375,169018,186476,0.906377,0.988248,0.895726,2,35,1,1,0.353553,1,0.353553,0,0,1,3,2,2,6,2.25241,1
4,2,1,198,67561,75540.2,13977,82143,84163.7,83881.7,1.00336,0.897538,0.900556,2,12,0,0,0,0,0,0,0,0,3,0,2,6,1.84411,1
4,0,0,3,23845,23965.9,6878,19522,24167.4,23925.6,1.01011,0.991663,1.00168,0,5,0,0,0,0,0,0,0,-1,1,0,2,4,1.17917,0
4,2,1,1157,63222,109848,11766,61292,148350,142335,1.04226,0.740464,0.771757,2,5,0,0,0,0,0,0,0,-1,3,0,2,2,0.754202,1
4,2,1,708,45081,73612.6,13510,77372,73759.8,79965,0.9224,0.998004,0.920559,2,11,0,0,0,0,0,0,0,1,1,0,2,3,1.06117,1
4,2,0,15,26800,27404.5,13219,73051,28738.8,27364.2,1.05023,0.953572,1.00147,1,35,0,0,0,0,0,0,0,-1,3,0,2,3,1,0
4,2,2,1413,70553,127495,13769,87965,130101,130103,0.999985,0.979969,0.979954,2,2,0,1,0.353553,1,0.707107,1,0.353553,0,3,2,2,4,1.49565,1
4,2,1,674,34820,61981.4,12377,66887,62033.7,63135.5,0.982549,0.999157,0.981721,2,21,0,1.41421,0.353553,1.41421,0.707107,1.41421,0.353553,0,3,2,2,6,2.00492,1
4,0,0,5,24464,24665.5,6837,19031,27309.4,24584.9,1.11082,0.903188,1.00328,0,1,0,0,0,0,0,0,0,-1,3,0,1,5,1.25687,0
4,0,0,2,19779,19859.6,6483,16845,20295.1,19819.3,1.02401,0.978542,1.00203,0,1,0,0,0,0,0,0,0,-1,3,0,0,1,0.25641,0
4,0,0,2,22675,22755.6,6683,18823,23129.1,22715.3,1.01822,0.983852,1.00177,0,1,0,0,0,0,0,0,0,-1,3,0,0,0,0,0
4,2,6,331,31189,44527.9,8276,32132,47575.8,47334,1.00511,0.935935,0.940716,2,18,0,0,0,0,0,0,0,-1,3,0,2,4,1.74053,1
4,2,2,787,33308,65023.2,7328,25614,66306,72995.3,0.90836,0.980653,0.890786,2,2,-1,0,0,0,0,0,0,-1,2,0,2,6,1.87293,1
4,2,0,699,34960,63128.9,7968,30146,63048.3,73457.3,0.858298,1.00128,0.859395,1,5,0,26.2488,0.790569,24.0416,0.5,2.23607,0.353553,0,3,2,2,6,2.24242,1
4,2,0,179,31909,39122.5,12932,74318,39364.3,39082.2,1.00722,0.993858,1.00103,2,36,0,0,0,0,0,0,0,-1,1,0,2,6,1.78125,1
4,2,7,845,46487,80539.5,11250,54372,95247,112752,0.844751,0.845586,0.714309,1,4,0,0,0,0,0,0,0,-1,3,0,2,4,1.85816,1
4,2,1,1548,83723,146106,13417,79611,185969,207684,0.895443,0.785646,0.703501,2,10,0,7.81025,0.901388,7.61577,0.25,2,0.353553,1,3,2,2,5,1.90191,1
4,2,2,763,54999,85747,12771,71245,113159,111021,1.01927,0.757754,0.772353,1,65,0,5,0.75,5,0.25,2.23607,0.5,0,3,2,2,6,1.811,1
4,0,0,5,22300,22501.5,6954,19638,22864.2,22501.5,1.01612,0.984137,1,0,1,0,0,0,0,0,0,0,-1,3,0,0,2,1.03571,0
4,0,0,4,22781,22942.2,6973,19515,23385.5,22901.9,1.02112,0.981044,1.00176,0,1,0,0,0,0,0,0,0,-1,3,0,0,2,0.702381,0
4,2,0,16,23756,24400.8,12994,72678,24803.8,24400.8,1.01652,0.983753,1,1,18,0,0,0,0,0,0,0,-1,3,0,0,3,0.702381,0
4,2,0,34,22964,24334.2,12073,65771,24656.6,24293.9,1.01493,0.986925,1.00166,2,21,0,0,0,0,0,0,0,-1,3,0,1,2,0.5,0
4,2,0,41,24467,26119.3,11912,65154,26079,26215,0.994812,1.00155,0.996349,1,7,0,0,0,0,0,0,0,0,3,0,0,0,0,0
4,0,0,2,22697,22777.6,6945,19589,23197.9,22777.6,1.01845,0.981883,1,0,1,0,0,0,0,0,0,0,-1,3,0,0,0,0,0
4,2,1,260,22106,32583.7,8035,31225,33664.5,37950.3,0.887068,0.967895,0.858589,2,1,-1,0,0,0,0,0,0,-1,2,0,2,4,1.67522,0
4,2,0,563,43047,65735.2,10806,49868,65735.2,80762.4,0.813934,1,0.813934,2,4,-1,0,0,0,0,0,0,-1,2,0,2,5,1.61332,1
4,2,1,202,35294,43434.4,10669,53485,84040.3,74221.1,1.1323,0.516827,0.585203,2,1,0,24.0416,0.790569,19.6469,0.5,4.24264,0.353553,0,3,2,2,6,2.04737,1
4,2,0,16,20568,21212.8,10671,53537,21333.7,21132.2,1.00953,0.994333,1.00381,1,57,0,0,0,0,0,0,0,-1,1,0,1,5,1.68854,1
4,2,7,1251,57585,107999,12803,70429,117833,119463,0.986357,0.916544,0.90404,1,9,0,0,0,0,0,0,0,-1,3,0,2,6,1.97367,1
4,2,1,1643,74506,140717,11638,60828,160902,177500,0.906489,0.874552,0.792772,1,1,0,7.61577,0.790569,8.544,0.75,1.41421,0.559017,1,3,2,2,6,2.23958,1
4,2,6,518,43026,63900.8,12025,65683,93897.2,76051.4,1.23466,0.68054,0.840232,2,1,0,5.83095,0.901388,5.83095,0.901388,0,0,-1,3,2,2,6,1.7439,1
4,0,0,3,21897,22017.9,6788,18894,22582.1,22017.9,1.02562,0.975016,1,0,1,0,0,0,0,0,0,0,-1,3,0,0,2,0.64,0
4,0,0,3,22657,22777.9,6929,19513,23221.2,22777.9,1.01946,0.98091,1,0,1,0,0,0,0,0,0,0,-1,3,0,0,0,0,0
4,1,1,11,23733,24176.3,7048,20532,24625.6,24195.9,1.01776,0.981755,0.99919,0,1,0,0,0,0,0,0,0,-1,3,0,0,0,0,0
4,0,0,6,26668,26909.8,7259,21881,27519.2,26909.8,1.02265,0.977856,1,0,1,0,0,0,0,0,0,0,-1,3,0,0,0,0,0
4,2,0,46,22853,24706.7,11799,63727,25288.6,24706.7,1.02355,0.97699,1,1,36,0,0,0,0,0,0,0,-1,3,0,0,0,0,0
4,2,0,109,31177,35569.6,13257,79177,37475,35529.3,1.05476,0.949154,1.00113,1,38,0,0,0,0,0,0,0,-1,3,0,2,2,0.507692,0
4,0,0,5,16938,17139.5,5355,12819,17305.2,17139.5,1.00967,0.990426,1,0,1,0,0,0,0,0,0,0,-1,3,0,0,0,0.566176,0
4,0,0,3,21296,21416.9,6008,15668,22218.6,21376.6,1.03939,0.963919,1.00189,0,2,-1,0,0,0,0,0,0,-1,2,0,1,3,0.910784,1
4,0,0,7,18093,18375.1,6114,15416,18657.2,18294.5,1.01983,0.98488,1.00441,0,2,0,0,0,0,0,0,0,-1,3,0,1,5,1.24412,0
4,0,0,3,19750,19870.9,6494,17334,20354.5,19830.6,1.02642,0.976242,1.00203,0,1,0,0,0,0,0,0,0,-1,3,0,0,3,0.866667,0
4,2,0,1120,68130,113265,12922,74454,113224,123911,0.913757,1.00036,0.914082,1,13,0,0,0.5,1,0,0,0.5,0,3,1,2,5,1.72225,1
4,2,4,598,46815,70913.7,12116,66246,73500.4,76310.7,0.963173,0.964807,0.929276,2,3,0,9.43398,0,9.43398,0,0,0,-1,3,0,2,6,2.14791,1
4,0,0,6,21560,21801.8,6658,18486,22184.7,21721.2,1.02134,0.982742,1.00371,0,1,0,0,0,0,0,0,0,-1,3,0,1,5,1.19333,0
4,2,2,621,48945,73970.6,12932,72410,78381.3,78830.8,0.994297,0.943728,0.938346,1,24,0,0,0,0,0,0,0,0,1,0,2,3,1.02235,1
4,2,1,922,53808,90963.5,12693,69825,127222,114001,1.11597,0.714998,0.797917,2,8,0,0,0.25,0,0.25,0,0,-1,3,2,2,3,1.15259,1
4,0,0,5,21873,22074.5,6713,19081,22419.9,22034.2,1.0175,0.984594,1.00183,0,2,0,0,0.25,0,0.25,0,0,-1,3,2,0,1,0.363095,0
4,0,0,3,24315,24435.9,6912,19596,25021.6,24395.6,1.02566,0.976593,1.00165,0,1,0,0,0,0,0,0,0,-1,3,0,2,2,0.333333,0
4,1,0,16,28657,29301.8,7665,24021,29301.8,30319.6,0.96643,1,0.96643,0,2,1,0,0,0,0,0,0,0,3,0,2,2,0.333333,0
4,2,0,35,25119,26529.5,13114,75376,27056,26489.2,1.0214,0.98054,1.00152,2,1,1,0,0,0,0,0,0,-1,3,0,0,0,0,0
4,1,4,11,18973,19416.3,6292,16514,19854.2,19800.9,1.00269,0.977944,0.980576,0,3,0,0,0,0,0,0,0,-1,3,0,0,0,0.25,0
4,1,0,22,20966,21852.6,6235,16557,21852.6,24075.5,0.907669,1,0.907669,0,1,0,1,0.25,1,0.5,1,0.25,0,3,2,2,4,0.589744,0
4,2,0,24,19989,20956.2,9861,47565,21238.3,20915.9,1.01541,0.986718,1.00193,1,5,0,0,0,0,0,0,0,-1,3,0,0,1,0.166667,0
4,2,0,578,34013,57305.7,11298,58448,62515.5,57265.4,1.09168,0.916665,1.0007,1,2,0,0,0,0,0,0,0,-1,3,0,2,2,1.0513,1
4,2,4,778,41798,73150.5,12434,68032,73158,78136.2,0.936288,0.999897,0.936192,1,2,0,0,0,0,0,0,0,-1,3,0,2,5,1.74762,1
4,2,2,75,27539,30561.4,11994,64948,31090.4,33620.9,0.924735,0.982985,0.909002,1,8,-1,0,0,0,0,0,0,-1,2,0,2,6,1.57429,1
4,2,2,100,21948,25977.9,11676,63672,26159.4,29550.8,0.885236,0.993062,0.879094,1,1,0,0,0,0,0,0,0,-1,3,0,1,3,1.21602,1
4,2,2,1492,77483,137609,11683,67047,151021,158904,0.950392,0.911188,0.865986,2,14,1,1,0.25,1,0.5,1,0.25,0,3,2,2,5,1.72632,1
4,2,7,933,83085,120684,12130,66520,123364,127938,0.964247,0.978274,0.943298,2,7,0,4,0.790569,4,0.790569,0,0,-1,3,2,2,6,2.00226,1
4,2,2,139,33517,39118.5,14160,84488,39178.7,45175.1,0.867265,0.998463,0.865932,1,9,-1,0,0,0,0,0,0,-1,2,0,2,4,1.19643,1
4,0,0,5,24444,24645.5,7132,20814,25826.5,24605.2,1.04964,0.954272,1.00164,0,1,1,0,0,0,0,0,0,-1,3,0,2,3,0.628788,0
4,0,0,2,21237,21317.6,6759,18727,21962.6,21317.6,1.03026,0.970632,1,0,1,1,0,0,0,0,0,0,-1,3,0,0,0,0,0
4,0,0,7,24047,24329.1,6979,19675,24948.8,24288.8,1.02717,0.975162,1.00166,0,1,0,0,0,0,0,0,0,-1,3,0,2,2,0.4,0
3,2,0,37,22140,22711.4,8193,28397,22711.4,26334.1,0.862434,1,0.862434,1,11,0,0,0,0,0,0,0,0,3,0,1,1,0.71875,0
3,2,0,226,37311,40801.4,10442,46008,40801.4,65407.5,0.623803,1,0.623803,1,23,1,0,0.25,0,0.5,0,0.25,0,3,2,2,2,1.54681,1
3,2,4,460,56253,63357.4,11174,50624,69324.8,84302.4,0.822334,0.913921,0.751549,2,10,0,0,0,0,0,0,0,-1,3,0,2,3,2.19056,1
3,2,1,538,49969,58278,11330,51378,61994,66143.2,0.937269,0.940059,0.881088,2,13,1,0,0.25,0,0.901388,0,0.790569,0,3,2,2,3,2.43412,1
3,2,2,192,38475,41440.3,10464,44108,41621.5,46088.6,0.903076,0.995646,0.899144,2,9,1,0,0.25,0,0.25,0,0,-1,3,2,2,3,2.40196,1
3,2,1,276,34412,38674.6,10434,46812,38820.5,38727.9,1.00239,0.996242,0.998625,2,7,0,0,0,0,0,0,0,0,3,0,2,3,2.13878,1
3,2,2,170,26575,29200.5,9954,42114,30059.1,32008.4,0.9391,0.971438,0.912277,2,16,0,0,0,0,0,0,0,0,3,0,2,3,1.86174,1
3,2,0,27,21213,21630,8787,31951,22229.6,21614.6,1.02845,0.973029,1.00071,1,17,0,0,0,0,0,0,0,-1,1,0,1,2,1.1891,0
3,2,2,29,22256,22703.9,8515,30275,24619.2,25468.9,0.966639,0.922202,0.891437,1,29,0,0,0,0,0,0,0,-1,1,0,2,2,1.24261,1
3,2,2,2293,48971,84384.7,9379,36159,86392.8,115337,0.749047,0.976756,0.731636,1,19,0,19.6469,0.790569,25,0.353553,5.09902,0.5,1,3,2,2,3,2.11952,1
3,2,2,918,36431,50608.8,9477,36365,84411.1,76882.5,1.09792,0.599552,0.658262,1,46,0,18.0278,0.75,18.6815,0.707107,1.41421,0.901388,0,3,2,2,3,2.45873,1
3,1,1,23,23101,23456.2,6688,18540,23449.1,24008.8,0.976689,1.0003,0.976985,0,3,0,1,0.25,1,0.25,0,0,-1,3,2,2,3,1.73684,0
3,1,1,11,21157,21326.9,6486,17034,21422.4,21329.8,1.00434,0.995539,0.999865,0,1,0,1,0.25,1,0.25,0,0,-1,3,2,1,1,0.681818,0
3,0,0,6,23859,23951.7,6146,17434,24013.4,23951.7,1.00258,0.997427,1,0,1,0,0,0,0,0,0,0,-1,3,0,2,2,1.3821,1
3,2,1,682,49109,59642,10632,46170,67699.6,77463.6,0.873954,0.88098,0.769936,1,9,1,0,0.353553,0,0.559017,0,0.25,1,3,2,2,5,1.65952,1
3,2,2,1735,66785,93580.8,11481,52591,99501.8,99362.8,1.0014,0.940494,0.94181,2,74,0,0,0,0,0,0,0,0,3,0,2,6,2.38494,1
3,2,1,913,52227,66327.6,11088,49182,68585.7,78573.6,0.872885,0.967077,0.844147,1,1,1,0,0.25,0,0.25,0,0,0,3,2,2,6,2.25964,1
3,2,0,26,20754,21155.6,8248,29462,21314,21124.7,1.00896,0.992566,1.00146,1,1,1,0,0.25,0,0.25,0,0,-1,3,2,2,6,1.89913,0
3,0,0,3,19605,19651.3,6352,16840,19778.7,19635.9,1.00727,0.993562,1.00079,0,2,0,0,0,0,0,0,0,-1,1,0,1,4,1.05667,0
3,2,1,335,22367,27540.8,8792,31908,27696.7,27634.9,1.00224,0.994372,0.996594,1,34,1,0,0,0,0,0,0,-1,3,0,1,4,0.964015,1
3,2,0,43,24112,24776.1,9424,37164,25490.7,24760.7,1.02948,0.971968,1.00062,1,16,0,0,0,0,0,0,0,-1,1,0,2,4,1.19172,0
3,2,7,315,32038,36902.9,9502,37436,39371.7,39294.5,1.00197,0.937296,0.939138,1,29,0,0,0,0,0,0,0,-1,3,0,2,4,1.35478,1
3,2,2,5041,56840,134695,10042,41666,137719,141086,0.976133,0.978042,0.954699,1,4,1,49.98,0.901388,45.1885,0.353553,6.08276,0.901388,0,3,2,2,6,2.10841,1
3,2,2,786,30549,42688.2,9638,38312,42783.5,43572.5,0.981892,0.997772,0.979704,2,144,0,1,0.25,1,0.25,0,0,-1,3,2,2,6,1.80795,1
3,0,0,5,22783,22860.2,6796,18954,23542.9,22844.8,1.03056,0.971003,1.00068,0,2,0,0,0,0,0,0,0,-1,3,0,1,3,0.845238,0
3,0,0,3,22493,22539.3,6644,17666,23311.3,22539.3,1.03425,0.966883,1,0,2,0,0,0,0,0,0,0,-1,3,0,2,2,0.507692,0
3,2,6,254,34454,38376.8,9387,37347,38592.2,38437.7,1.00402,0.99442,0.998416,1,13,1,0,0.353553,0,0.353553,0,0,-1,3,2,2,4,1.79533,1
3,1,1,22,30652,30991.8,10422,89792,36585.7,37491.9,0.975829,0.8471,0.826625,0,4,0,0,0,0,0,0,0,-1,3,0,2,6,1.90282,1
3,2,2,4072,68845,131734,11025,48705,141472,141333,1.00098,0.931164,0.93208,2,4,1,0,0,1,0.25,1,0.25,1,3,0,2,6,2.39639,1
3,2,5,3515,52238,106525,9815,41955,123070,122361,1.0058,0.865559,0.870578,1,25,1,0,0.25,0,0.25,0,0,-1,3,2,2,6,2.08259,1
3,1,1,20,24420,24728.9,7152,22130,25661.3,25506.9,1.00605,0.963664,0.969499,0,3,1,0,0.25,0,0.25,0,0,-1,3,2,2,4,1.50565,1
3,2,2,3443,53655,106830,9957,41391,120602,109192,1.10449,0.885805,0.978362,2,25,0,0,0.353553,0,0.707107,0,0.353553,0,3,2,2,3,1.27793,1
3,2,2,1178,35529,53722.4,9590,39094,88301.6,87617.4,1.00781,0.608396,0.613147,2,42,0,20.6155,0.25,20.5913,0.75,4.24264,0.790569,0,3,2,2,5,1.47598,1
3,2,0,61,26066,27008.1,10031,42507,26992.7,27141.3,0.994523,1.00057,0.995092,1,75,0,0,0,0,0,0,0,0,3,0,2,4,1.26864,1
3,2,2,1780,37832,65322.8,10147,43229,69373.6,69234.6,1.00201,0.94161,0.9435,2,5,-1,0,0,0,0,0,0,-1,2,0,2,5,1.64518,1
3,2,2,1134,29205,46718.8,9684,40012,47901.5,51096.6,0.93747,0.975311,0.914324,2,1,-1,0,0,0,0,0,0,-1,2,0,2,6,2.10585,1
3,2,1,141,25757,27934.6,9492,38066,30142.4,30031.2,1.0037,0.926755,0.930188,1,1,0,1.41421,0.353553,1.41421,0.707107,1.41421,0.353553,0,3,2,2,6,1.69606,1
3,0,0,3,19253,19299.3,6342,16396,20128.3,19283.9,1.04379,0.958814,1.0008,0,1,0,0,0,0,0,0,0,-1,3,0,1,3,0.678571,0
3,2,0,43,23085,23749.1,9562,38812,23919,23749.1,1.00715,0.992897,1,1,1,0,0,0,0,0,0,0,-1,3,0,1,1,0.2,1
3,2,2,261,16860,20891,6226,17764,22278.1,21204.3,1.05064,0.937737,0.985223,2,31,-1,0,0,0,0,0,0,-1,2,0,2,4,1.90308,1
3,1,6,13,26826,27026.8,7720,24640,30218.4,29074.3,1.03935,0.89438,0.929575,0,1,0,0,0,0,0,0,0,-1,3,0,2,6,2.101,1
3,2,6,1168,27136,45174.9,6689,20337,52905.2,56894.4,0.929884,0.853884,0.794014,2,20,-1,0,0,0,0,0,0,-1,2,0,2,6,2.06135,1
3,2,1,1274,24809,44485,6374,18100,45115.8,50191.8,0.898867,0.986019,0.8863,1,11,0,50.2195,0.790569,44.643,0.25,5,0.559017,0,3,2,2,6,2.11628,1
3,2,7,811,33412,45937.3,9427,37259,52485.9,52257.6,1.00437,0.875231,0.879055,2,7,0,0,0,0,0,0,0,-1,1,0,2,6,2.15687,1
3,2,1,5378,60535,143594,10062,41396,150297,178380,0.84257,0.955402,0.804993,2,8,0,19.4165,0.559017,21.4709,0.25,2.23607,0.790569,1,3,2,2,6,2.07228,1
3,2,2,2898,44785,89542.5,9750,39920,102993,111981,0.919742,0.869401,0.799625,2,1,0,13.6015,0.559017,26.6271,0.5,13.6015,0.559017,0,3,2,2,6,2.14429,1
3,2,5,72,21661,22773,9662,40182,23071.9,22817.3,1.01116,0.987045,0.998057,1,1,0,0,0,0,0,0,0,-1,3,0,1,5,1.43078,1
3,1,1,13,21195,21395.8,6676,18196,21624.7,21350.3,1.01285,0.989415,1.00213,0,1,0,0,0,0,0,0,0,-1,3,0,1,5,1.24412,0
3,2,0,68,22545,23595.2,9931,42891,23595.2,23735.8,0.994078,1,0.994078,2,1,0,0,0,0,0,0,0,0,1,0,1,4,1.15037,0
3,2,0,93,21710,23146.3,9757,41189,23254.4,23130.9,1.00534,0.995351,1.00067,1,3,0,0,0,0,0,0,0,-1,3,0,2,5,0.866667,1
3,2,0,107,25270,26922.5,9394,38972,27173.5,26907.1,1.0099,0.990763,1.00057,2,10,0,0,0,0,0,0,0,-1,3,0,1,3,0.666667,1
3,2,0,121,20633,22501.8,8696,33246,22579,22470.9,1.00481,0.99658,1.00137,1,65,0,0,0,0,0,0,0,-1,3,0,1,4,0.6,0
3,2,1,101,12543,14102.9,6339,18991,14134,15029.5,0.940413,0.997799,0.938343,1,2,0,0,0,0,0,0,0,0,3,0,2,4,1.65909,1
3,2,7,52,25157,25960.1,8913,32983,28151.1,27391.8,1.02772,0.922171,0.947734,1,2,0,0,0,0,0,0,0,-1,3,0,2,6,1.6859,1
3,2,5,286,23147,27564.1,8995,34105,27836.5,27682.1,1.00558,0.990213,0.995737,2,81,-1,0,0,0,0,0,0,-1,2,0,2,6,1.78593,1
3,2,7,673,24844,35238,9145,36435,36248.4,36502.1,0.993051,0.972125,0.965369,2,99,0,0,0,0,0,0,0,-1,3,0,2,6,1.92708,1
3,2,4,2289,37826,73178,9966,41194,77311.4,76288.3,1.01341,0.946535,0.959229,1,25,0,0,0,0,0,0,0,-1,1,0,2,6,2.21378,1
3,2,2,3084,47523,95153.2,9464,36416,99361.7,113077,0.878712,0.957644,0.841493,2,19,0,19.2094,0.901388,17.8045,0.790569,4.47214,0.901388,1,3,2,2,6,2.35226,1
3,2,0,1924,36168,65882.8,9638,39958,68994.8,65867.4,1.04748,0.954895,1.00023,2,32,0,0,0,0,0,0,0,-1,3,0,2,6,2.13808,1
3,2,0,59,22222,23133.2,9786,40546,23272.2,23102.3,1.00735,0.994027,1.00134,1,1,0,0,0,0,0,0,0,-1,3,0,0,4,0.930784,0
3,2,0,51,21965,22752.7,10118,43080,22737.2,22784.7,0.997918,1.00068,0.998595,1,102,0,0,0,0,0,0,0,0,3,0,1,2,0.435897,0
3,2,1,56,23148,24012.9,10228,43612,24571.4,24120.8,1.01868,0.977268,0.995527,1,1,0,0,0,0,0,0,0,-1,1,0,0,0,0.166667,0
3,2,5,82,24742,26008.4,10388,45810,26494.5,26386.4,1.0041,0.981653,0.985675,1,3,0,0,0,0,0,0,0,-1,1,0,1,3,0.622807,0
3,2,0,120,21976,23829.3,9622,41236,23968.3,23813.9,1.00649,0.994201,1.00065,1,76,0,0,0,0,0,0,0,-1,3,0,1,4,0.5,1
3,2,0,184,28741,31582.7,10263,44653,32748.1,31567.3,1.03741,0.964415,1.00049,1,56,1,0,0,0,0,0,0,-1,3,0,2,4,1.03077,1
3,1,0,15,15558,15789.7,5631,14801,15774.2,17059.7,0.92465,1.00098,0.925555,0,2,0,1,0.25,1,0.5,1,0.25,0,3,2,1,3,0.934211,0
3,0,0,8,19377,19500.6,5776,14396,20862.6,19485.1,1.07069,0.934716,1.00079,0,2,0,0,0,0,0,0,0,-1,3,0,1,4,0.845644,0
3,0,0,3,18605,18651.3,6183,15937,18759.4,18635.9,1.00663,0.994237,1.00083,0,1,0,0,0,0,0,0,0,-1,3,0,1,4,1.07323,0
3,2,0,67,20048,21082.8,9124,37440,21144.5,21067.3,1.00367,0.997078,1.00073,1,1,0,0,0,0,0,0,0,-1,3,0,1,4,1.26042,0
3,2,0,2587,48014,87968.4,9778,39678,90746.7,87952.9,1.03176,0.969384,1.00018,2,31,0,0,0,0,0,0,0,-1,3,0,2,5,1.96474,1
3,2,1,392,27789,33843.2,9497,40273,43334.6,39070,1.10915,0.780973,0.866219,1,3,-1,0,0,0,0,0,0,-1,2,0,2,6,2.33426,1
3,2,0,273,21233,25449.3,8829,36105,25495.6,25433.8,1.00243,0.998183,1.00061,1,4,0,0,0,0,0,0,0,-1,1,0,2,6,1.51021,1
3,2,2,2471,46046,84208.8,10035,42751,102043,109197,0.934486,0.825226,0.771162,1,35,1,0,0,0,0,0,0,0,3,0,2,4,1.49226,1
3,2,2,1581,39273,63690.4,10040,40572,87104.8,72839.4,1.19585,0.731193,0.874395,2,1,0,7.61577,0.75,7.61577,0.5,1,0.25,0,3,2,2,3,1.1719,1
3,2,0,71,21599,22695.5,9832,44044,22834.5,22680.1,1.00681,0.993913,1.00068,1,119,0,0,0,0,0,0,0,-1,3,0,1,2,0.61641,0
3,2,0,60,24110,25036.7,10374,46334,25206.5,25036.7,1.00679,0.99326,1,1,43,0,0,0,0,0,0,0,-1,3,0,2,2,0.5,1
3,2,0,105,30029,31650.6,10652,47524,31743.3,31619.8,1.00391,0.997081,1.00098,1,1,0,0,0,0,0,0,0,-1,1,0,2,5,1.08974,1
3,2,0,141,25723,27900.6,10457,46393,28763.6,27869.8,1.03207,0.969997,1.00111,1,42,1,0,0,0,0,0,0,-1,3,0,1,5,0.907692,0
3,0,0,9,19145,19284,6271,16211,19438.4,19284,1.00801,0.992055,1,0,1,0,0,0,0,0,0,0,-1,3,0,1,1,0.359375,0
3,2,1,50,20284,21056.2,7853,26719,21498.1,21348.1,1.00703,0.979445,0.986327,1,1,0,0,0,0,0,0,0,-1,3,0,2,2,0.439394,0
3,2,0,22,20380,20719.8,8528,33820,20905.1,20719.8,1.00894,0.991135,1,1,1,0,0,0,0,0,0,0,-1,3,0,1,1,0.239583,0
3,2,2,45,22625,23320,9088,37450,24148.7,25146.3,0.960326,0.965685,0.927372,1,1,0,0,0,0,0,0,0,-1,3,0,2,2,1.08005,1
3,2,5,70,28158,29239.1,9718,39188,30598.8,30201.9,1.01314,0.955565,0.968122,1,93,0,0,0,0,0,0,0,-1,3,0,2,5,1.516,1
3,2,1,47,25188,25913.9,9294,38412,26566.2,26802.8,0.991174,0.975445,0.966836,1,38,0,0,0,0,0,0,0,-1,3,0,2,6,1.57069,1
3,2,2,778,26421,38436.7,8538,31864,41084.7,44476.8,0.923733,0.935546,0.864195,2,1,0,0,0,0,0,0,0,0,3,0,2,6,1.67973,1
3,2,1,4312,58114,124710,9884,40716,130776,134087,0.975307,0.953613,0.930066,2,5,0,9.21954,0.790569,8,0.790569,2.23607,0,1,3,2,2,6,2.29136,1
3,2,2,2030,45299,76650.9,9329,38383,108761,97068.2,1.12046,0.704762,0.78966,2,16,0,9.21954,0.559017,10.198,0.5,1.41421,0.559017,0,3,2,2,6,2.08395,1
3,2,1,57,30331,31211.3,10703,47011,31752,31628.4,1.00391,0.982972,0.986812,1,11,0,0,0,0,0,0,0,-1,3,0,2,4,1.4585,0
3,2,0,57,25443,26323.3,10624,47852,26506,26307.9,1.00753,0.993108,1.00059,1,99,0,0,0,0,0,0,0,-1,1,0,1,3,0.5,1
3,2,0,60,22512,23438.7,10522,48328,24124.5,23407.8,1.03062,0.971569,1.00132,1,1,1,0,0,0,0,0,0,-1,3,0,1,5,0.772727,1
3,2,2,103,24076,25666.8,10063,42267,25977.3,25899.5,1.003,0.988045,0.991012,1,1,1,0,0,0,0,0,0,-1,3,0,2,4,0.978947,0
4,1,0,13,21893,22416.9,6846,19500,22416.9,23313.6,0.961537,1,0.961537,0,1,0,0,0,0,0,0,0,0,3,0,0,0,0,0
4,2,1,314,45320,57973.8,13017,74239,61694.2,65130.3,0.947242,0.939697,0.890121,1,11,1,0,0.25,0,0.5,0,0.25,0,3,2,2,2,1.44966,1
4,2,4,582,81461,104915,15290,102530,115106,120562,0.954747,0.911462,0.870216,1,2,0,0,0,0,0,0,0,-1,3,0,2,3,2.08578,1
4,2,4,236,74031,83541.5,14875,93463,89299.2,89017.1,1.00317,0.935524,0.938488,2,9,1,0,0.25,0,0.25,0,0,-1,1,2,2,3,2.26508,1
4,1,1,18,49009,49734.4,9878,47074,54385.6,56755.5,0.958244,0.914477,0.876292,0,1,0,1,0.25,1,0.5,1,0.25,0,3,2,2,3,2.0641,1
4,1,1,18,35762,36487.4,8724,41408,36634.5,47853.7,0.765552,0.995985,0.762478,0,23,0,1,0.353553,1,0.559017,0,0.25,0,3,2,2,3,1.81818,0
4,1,4,11,25837,26280.3,7182,22190,26658.6,27029.5,0.986278,0.985809,0.972282,0,2,0,1,0.353553,1,0.353553,0,0,-1,3,2,2,2,1.25,0
4,0,0,3,21310,21430.9,6422,17036,21672.7,21430.9,1.01128,0.988843,1,0,6,1,0,0.25,0,0.25,0,0,-1,3,2,0,0,0,0
4,1,2,16,22842,23486.8,7034,24160,24489.3,26202.1,0.934629,0.959065,0.89637,0,2,1,0,0.25,0,0.25,0,0,-1,3,2,2,2,0.8125,1
4,2,2,497,55522,75550.5,11826,60508,76978.7,94185.1,0.817313,0.981447,0.802149,2,3,0,9.21954,1.06066,18.6815,0.901388,9.48683,0.75,1,3,2,2,3,2.07667,1
4,2,6,365,43598,58307.1,12161,61365,86955.9,85092.1,1.0219,0.670536,0.685223,2,12,0,9.48683,0.75,9.48683,0.75,0,0,-1,3,2,2,3,2.18596,1
4,1,0,13,23276,23799.9,6856,19308,23759.6,25113.9,0.946073,1.0017,0.947678,0,3,1,0,0,0,0,0,0,0,3,0,1,2,1.04902,0
4,0,0,3,21242,21362.9,6448,17012,21879.8,21362.9,1.0242,0.976376,1,0,3,1,0,0,0,0,0,0,-1,3,0,0,0,0,0
4,1,1,28,23414,24542.4,6945,25917,24641.4,24884.9,0.990214,0.995982,0.986235,0,2,0,1,0.25,1,0.25,0,0,1,3,2,2,2,1.07812,0
4,2,2,216,54607,63311.5,14507,91995,63450.1,74340.1,0.85351,0.997817,0.851647,1,4,0,1,0.353553,1,0.353553,0,0,-1,3,2,2,4,1.51157,1
4,2,2,2042,116182,198472,15458,100654,209814,222926,0.941183,0.945942,0.890304,2,26,1,1,0.559017,1,0.707107,1,0.25,1,3,2,2,6,2.21663,1
4,2,2,822,88910,122036,14749,91287,135399,148702,0.910538,0.901306,0.820674,1,14,1,1,0.559017,0,0.5,0,0.25,0,3,2,2,6,2.19314,1
4,0,0,6,21615,21856.8,6386,17436,22045.2,21776.2,1.01235,0.991454,1.0037,0,4,1,0,0.25,0,0.25,0,0,-1,3,2,1,5,1.16488,1
4,0,0,3,19094,19214.9,6291,16235,19679.8,19174.6,1.02635,0.976378,1.0021,0,8,0,0,0,0,0,0,0,-1,3,0,1,3,0.606061,0
4,1,1,24,21960,22927.2,7936,39568,23916.9,29476.9,0.811378,0.958619,0.777802,0,3,0,1,0.25,1,0.5,1,0.25,0,3,2,1,1,0.289474,0
4,0,0,3,25349,25469.9,6921,20251,25816.5,25469.9,1.01361,0.986575,1,0,1,1,0,0.25,0,0.25,0,0,-1,3,2,1,1,0.333333,1
4,2,2,413,35894,52537.4,11922,60068,59175.5,56528.1,1.04683,0.887824,0.929404,1,7,0,1,0.353553,1,0.707107,1,0.353553,1,3,2,2,5,1.38428,1
4,2,4,2122,82778,168292,12879,69581,181786,168655,1.07786,0.925769,0.997851,1,1,0,9.48683,0.790569,9.48683,0.790569,0,0,-1,3,2,2,6,2.09845,1
4,2,6,200,31133,39192.8,11707,57531,43245.1,43262,0.999609,0.906294,0.90594,2,1,0,0,0,0,0,0,0,-1,1,0,2,6,1.73369,1
4,0,0,4,21946,22107.2,6651,18321,22482.9,22066.9,1.01885,0.98329,1.00183,0,3,1,0,0,0,0,0,0,-1,3,0,0,2,0.68076,0
4,0,0,2,23298,23378.6,6668,18020,23872.9,23378.6,1.02114,0.979295,1,0,2,1,0,0,0,0,0,0,-1,3,0,1,1,0.2,0
4,1,1,31,39858,41107.3,10357,49453,43032.5,44873.9,0.958966,0.955261,0.916063,0,2,0,1,0.353553,1,0.353553,0,0,0,3,2,2,2,1.29864,1
4,2,1,94,37223,41011.1,11934,60526,49005.4,51268.5,0.955859,0.836868,0.799928,1,51,0,1,0.25,1,0.25,0,0,-1,3,2,2,5,1.52324,1
4,2,2,3654,123492,270744,14314,85774,279279,312504,0.893682,0.969439,0.866371,2,2,0,1,0.353553,1,0.353553,0,0,1,3,2,2,6,2.3646,1
4,2,2,2032,81507,163394,13638,78130,180207,197220,0.913735,0.906705,0.828488,2,13,0,1,0.559017,1,0.5,1,0.559017,1,3,2,2,6,2.18679,1
4,1,5,15,26324,26928.5,7063,21431,28435.9,28174.5,1.00928,0.946988,0.955775,0,4,0,1,0.353553,1,0.353553,0,0,-1,3,2,2,6,1.4434,1
4,2,1,996,75924,116062,11960,65108,144708,147515,0.980971,0.80204,0.786778,1,12,0,0,0,0,0,0,0,0,3,0,2,4,1.21584,1
4,2,6,735,45147,74766.6,12626,68012,162479,110258,1.47362,0.460163,0.678103,2,11,0,10,0.707107,10,0.707107,0,0,-1,3,1,2,3,1.18719,1
4,0,0,5,26631,26832.5,7326,21900,27244.8,26751.9,1.01842,0.984867,1.00301,0,1,0,1,0.353553,1,0.353553,0,0,-1,3,2,2,5,1.1885,0
4,2,2,1155,58336,104881,13462,82736,107971,110047,0.981133,0.971382,0.953055,2,2,0,0,0.25,1,0.353553,1,0.25,1,3,2,2,5,1.61114,1
4,2,2,1039,41391,83261.5,11648,60134,84651.2,84011.2,1.00762,0.983582,0.991076,2,25,0,0,0.25,0,0.5,0,0.25,0,3,2,2,6,2.0691,1
4,0,0,6,26140,26381.8,7205,21699,28305.5,26301.2,1.07621,0.932038,1.00306,0,1,0,1,0.25,1,0.25,0,0,-1,3,2,2,6,1.49309,0
4,0,0,3,19894,20014.9,6441,16967,20551.1,19974.6,1.02886,0.97391,1.00202,0,1,0,1,0.25,1,0.25,0,0,-1,3,2,0,1,0.322917,0
4,0,0,2,23271,23351.6,6841,19557,23754.6,23311.3,1.01902,0.983035,1.00173,0,1,0,1,0.25,1,0.25,0,0,-1,3,2,1,1,0.2,0
4,1,2,32,21752,23041.6,6293,18477,25349.8,23158.8,1.09461,0.908946,0.994938,0,2,0,1,0.5,1,0.5,0,0,-1,3,1,2,4,1.75,0
4,2,6,529,34173,55491.1,10787,49753,55467.4,59046.1,0.939391,1.00043,0.939793,1,2,0,1,0.5,1,0.5,0,0,-1,3,1,2,5,1.53577,1
4,2,0,66,18583,21242.7,6391,18929,21162.1,31737.3,0.666791,1.00381,0.66933,1,1,0,27.4591,0.901388,28.6356,0.559017,1.41421,0.5,1,3,2,2,6,2.20658,0
4,2,2,573,33537,56628.2,9849,46385,107530,113778,0.945087,0.526627,0.497708,2,38,0,25.4951,0.901388,23.7697,0.25,2,0.353553,0,3,2,2,5,1.78992,1
4,2,2,335,35956,49456.1,11849,58535,53001.1,56477.8,0.938442,0.933114,0.875673,1,6,0,1,0.353553,1,0.353553,0,0,-1,3,2,2,6,2.08831,1
4,2,1,2169,107539,194947,13648,78440,212776,276987,0.768182,0.916207,0.703814,2,11,0,8.60233,0.75,9.43398,0.559017,0,1.06066,1,3,2,2,6,2.1252,1
4,2,2,779,54663,86055.8,12660,72740,116324,152369,0.763436,0.739792,0.564784,2,1,0,6.40312,0.75,7.07107,0.790569,1,0.25,0,3,2,2,6,1.86807,1
4,0,0,2,22224,22304.6,6846,19082,22441.7,22264.3,1.00797,0.993892,1.00181,0,1,0,1,0.353553,1,0.353553,0,0,-1,3,2,1,3,1.27792,0
4,0,0,5,22700,22901.5,6870,19496,23145.4,22861.2,1.01243,0.989463,1.00176,0,1,0,0,0,0,0,0,0,-1,3,0,0,2,0.70375,0
4,0,0,2,23799,23879.6,6933,19377,24310.1,23839.3,1.01975,0.982292,1.00169,0,1,0,0,0,0,0,0,0,-1,3,0,0,3,0.70375,0
4,0,0,3,24322,24442.9,7253,20775,25206.7,24442.9,1.03125,0.969699,1,0,2,0,1,0.25,1,0.25,0,0,-1,3,2,2,3,0.693333,0
4,2,0,35,24128,25538.5,11684,63428,25538.5,25541.6,0.999878,1,0.999878,1,8,0,0,0.25,0,0.5,0,0.25,1,3,2,1,1,0.166667,0
4,0,0,3,21203,21323.9,6698,18682,21767.2,21323.9,1.02079,0.979635,1,0,1,0,1,0.25,1,0.25,0,0,-1,3,2,0,0,0,0
4,1,0,16,12295,12939.8,4456,9272,12939.8,14521.8,0.891059,1,0.891059,0,1,0,1,0.5,1,0.5,0,0,0,3,1,2,2,1.15909,1
4,2,2,49,25850,27824.6,11146,54256,28268.8,32406.2,0.872327,0.984289,0.858622,1,1,0,1,0.5,1,0.5,0,0,0,3,1,2,5,0.935897,1
4,2,4,283,33195,44599.6,10244,48528,56366.1,57742.2,0.97617,0.791248,0.772392,2,38,0,23.3452,0.901388,23.3452,0.901388,0,0,-1,3,2,2,4,1.557,1
4,2,6,372,26901,41892.2,11219,57349,43844.4,43547.2,1.00683,0.955473,0.961995,2,49,0,0,0,0,0,0,0,-1,3,0,2,5,1.57875,1
4,2,0,1192,57768,105804,13178,75840,105724,117396,0.900572,1.00076,0.901259,2,24,0,1.41421,0.790569,2.23607,0.707107,1.41421,0.790569,0,3,2,2,6,1.93982,1
4,2,1,1371,68816,124066,11591,59219,129420,161751,0.800122,0.958626,0.767018,1,7,0,9.43398,0.5,15.2315,0.353553,5.09902,0.790569,0,3,1,2,6,2.34478,1
4,2,0,846,47190,81282.8,12164,66684,81202.2,82400.5,0.985457,1.00099,0.986435,1,1,0,0,0.353553,0,0.707107,0,0.353553,0,3,2,2,6,1.89773,1
4,0,0,3,22762,22882.9,6920,19410,23350.5,22842.6,1.02223,0.979975,1.00176,0,2,0,0,0.25,0,0.25,0,0,-1,3,2,0,2,0.750916,0
4,0,0,3,23415,23535.9,7090,20308,24113.1,23535.9,1.02452,0.976063,1,0,1,0,0,0,0,0,0,0,-1,3,0,0,0,0,0
4,0,0,3,24721,24841.9,7231,20909,25200.6,24801.6,1.01609,0.985767,1.00162,0,1,0,0,0,0,0,0,0,-1,3,0,0,0,0,0
4,2,0,20,26170,26976,12734,73802,27258.1,26976,1.01046,0.989651,1,1,1,0,0,0,0,0,0,0,-1,3,0,0,0,0,0
4,2,0,59,23817,26194.6,11510,60554,26476.7,26154.3,1.01233,0.989346,1.00154,1,36,0,0,0,0,0,0,0,-1,3,0,1,1,0.166667,0
4,2,0,33,32017,33346.9,13024,75676,33588.7,33346.9,1.00725,0.992801,1,1,38,0,1,0.25,1,0.25,0,0,-1,3,2,2,2,0.615385,0
4,1,0,20,16063,16869,5472,13218,16828.7,17104.5,0.983875,1.00239,0.986231,0,1,0,1,0.353553,0,0.5,0,0.353553,0,3,2,0,2,0.697368,0
4,1,2,13,20349,20872.9,6024,15524,21242.6,21615.5,0.982748,0.982597,0.965645,0,1,0,1,0.353553,1,0.353553,0,0,-1,3,2,0,3,0.734143,1
4,1,0,16,19461,20105.8,6731,18655,20025.2,20460.9,0.978705,1.00402,0.982644,0,3,0,1,0.25,0,0,0,0.25,0,3,2,0,4,0.90081,0
4,0,0,4,21337,21498.2,6755,18779,21850.6,21457.9,1.0183,0.983873,1.00188,0,1,0,1,0.25,1,0.25,0,0,-1,3,2,0,3,0.791753,0
4,2,1,1239,66589,116519,13361,76495,116742,126429,0.923376,0.998096,0.921618,2,24,0,0,0.353553,0,0.707107,0,0.353553,1,3,2,2,5,1.69532,1
4,2,0,495,37339,57286.9,12555,71257,57909.4,57246.6,1.01158,0.989252,1.0007,1,45,-1,0,0,0,0,0,0,-1,2,0,2,6,2.00314,1
4,2,1,29,21809,22977.7,11261,61907,26689.2,25479.6,1.04747,0.860935,0.901806,1,8,0,0,0.25,0,0.25,0,0,-1,3,2,2,6,1.43919,1
4,2,2,701,69816,98065.5,13056,75692,132171,133590,0.989378,0.74196,0.734079,1,18,0,0,0.707107,0,1.06066,0,0.353553,0,3,1,2,4,1.28267,1
4,2,2,639,57434,83184.9,13430,77056,95629.3,95429.9,1.00209,0.869869,0.871686,2,4,0,4.12311,0.25,4.12311,0.25,0,0,0,3,2,2,3,1.12288,1
4,0,0,5,21466,21667.5,6837,19149,22200.8,21586.9,1.02844,0.975979,1.00373,0,1,0,0,0,0,0,0,0,-1,3,0,0,1,0.39881,0
4,1,5,11,25411,25854.3,7211,22401,25883.9,26974.3,0.959576,0.998857,0.958479,0,1,0,0,0,0,0,0,0,-1,3,0,2,2,0.333333,0
4,2,0,73,29126,32067.8,14110,85306,32027.5,32592.8,0.982656,1.00126,0.983893,1,9,1,0,0,0,0,0,0,0,3,0,2,2,0.333333,0
4,2,1,72,26504,29405.5,12963,76745,30170.6,29687,1.01629,0.974642,0.990518,1,31,1,0,0,0,0,0,0,-1,3,0,0,0,0,0
4,2,0,16,19544,20188.8,10199,46039,20301.7,20188.8,1.00559,0.994439,1,1,2,0,1,0.353553,1,0.353553,0,0,-1,3,2,0,0,0.25,0
4,1,2,14,20864,21428.2,5979,15561,22202.7,21794.8,1.01871,0.965117,0.983179,0,1,0,1,0.353553,1,0.353553,0,0,-1,3,2,1,3,0.333333,1
4,1,2,37,19928,21419.1,6754,19116,22294.2,22138.6,1.00703,0.960747,0.967499,0,1,0,1,0.5,1,0.75,1,0.25,1,3,1,0,2,0.333333,0
4,1,1,17,22796,23481.1,8493,40979,23910.9,28059.9,0.852138,0.982025,0.836821,0,2,0,1,0.25,1,0.25,0,0,-1,3,2,2,2,0.882267,0
4,2,1,34,27835,29205.2,13254,75488,29780,29457.6,1.01094,0.980698,0.991431,1,20,0,0,0.25,0,0.5,0,0.25,1,3,2,2,4,1.15951,1
4,0,0,4,26598,26759.2,7274,21936,27069.6,26718.9,1.01313,0.988534,1.00151,0,1,0,0,0.25,0,0.25,0,0,-1,3,2,2,6,1.32618,0
4,2,2,471,32892,51872.7,10539,54295,59244,53640,1.10447,0.875578,0.967054,1,3,0,1,0.25,1.41421,0.559017,1.41421,0.353553,0,1,2,2,5,1.40564,1
4,2,1,1244,87690,137822,12059,64283,149404,158692,0.941472,0.922475,0.868485,2,6,0,5.09902,0.25,4.12311,0.790569,1,0.559017,1,3,2,2,6,2.14557,1
4,2,2,966,63085,102014,11943,66701,129747,150066,0.8646,0.78625,0.679792,1,9,0,4.12311,0.5,3.16228,0.559017,2,0.559017,0,3,1,2,6,2.02747,1
4,1,1,25,30985,31992.5,8431,29851,32456.5,36555.8,0.887862,0.985704,0.875169,0,2,0,1,0.25,1,0.5,1,0.25,1,3,2,1,3,0.963326,0
4,0,0,5,26139,26340.5,7294,21934,26640.2,26340.5,1.01138,0.98875,1,0,1,0,0,0,0,0,0,0,-1,3,0,2,2,0.333333,0
4,0,0,3,23006,23126.9,7020,20266,23477.5,23086.6,1.01693,0.985067,1.00175,0,1,0,0,0,0,0,0,0,-1,3,0,1,1,0.166667,0
4,0,0,3,24733,24853.9,7209,20905,25404.2,24853.9,1.02214,0.978339,1,0,2,0,0,0,0,0,0,0,-1,3,0,1,1,0.2,0
4,0,0,2,21187,21267.6,6436,17336,21662.5,21267.6,1.01857,0.981771,1,0,2,0,0,0,0,0,0,0,-1,3,0,1,1,0.71875,0
4,2,2,296,42680,54608.5,12989,75763,55083.1,65905.8,0.835785,0.991384,0.828584,1,12,1,1,0.25,1,0.5,1,0.25,0,1,2,2,2,1.49109,1
4,2,1,830,78125,111573,15254,101210,117797,134825,0.8737,0.947164,0.827537,2,1,1,1,0.25,1,0.25,0,0,0,3,2,2,3,2.24604,1
4,2,2,278,85521,96724.1,15140,97500,103029,132005,0.780491,0.938803,0.732728,1,8,1,1,0.25,1,0.5,1,0.25,1,1,2,2,3,2.3949,1
4,1,1,9,44761,45123.7,11602,71944,45284.9,75856.7,0.59698,0.99644,0.594855,0,13,1,0,0,0,0,0,0,-1,3,0,2,3,2.04449,1
4,1,0,18,34382,35107.4,8739,35361,35026.8,42879.2,0.816871,1.0023,0.818751,0,1,0,0,0,0,0,0,0,0,3,0,2,3,2.02223,1
4,1,1,15,24824,25428.5,6925,20429,25757.7,25596.5,1.0063,0.987219,0.993436,0,27,0,0,0,0,0,0,0,0,3,0,2,3,1.75,0
4,1,4,12,20343,20826.6,6384,16830,21071.7,20950.8,1.00577,0.988368,0.994071,0,1,0,0,0,0,0,0,0,-1,3,0,1,1,0.564103,0
4,1,1,10,20740,21143,6509,17515,21475.4,21448.5,1.00125,0.984522,0.985756,0,1,0,0,0,0,0,0,0,0,1,0,2,2,1.09677,0
4,2,2,615,50450,75233.8,11977,60185,95257.6,111725,0.852609,0.789793,0.673384,2,21,-1,0,0,0,0,0,0,-1,2,0,2,2,1.74286,1
4,2,2,443,46650,64502.4,12355,63533,109165,110271,0.98997,0.590873,0.584947,2,27,0,8.24621,0.25,8.24621,0,1,0.25,0,3,2,2,3,2.24459,1
4,0,0,6,23749,23990.8,6657,18115,24353.5,23950.5,1.01683,0.985107,1.00168,0,1,1,0,0,0,0,0,0,-1,3,0,1,2,1.47368,0
4,0,0,2,21576,21656.6,6484,17262,21868.3,21656.6,1.00977,0.99032,1,0,1,1,0,0,0,0,0,0,-1,3,0,1,1,0.681818,0
4,1,1,24,23612,24579.2,6471,20281,24722.5,25949.9,0.952701,0.994203,0.947178,0,1,1,1,0.25,1,0.25,0,0,0,1,2,2,2,1.21875,0
4,2,1,200,57359,65418.8,13878,85372,73411.1,75509.4,0.97221,0.89113,0.866366,1,4,1,1,0.25,1,0.25,0,0,-1,3,2,2,4,1.44917,1
4,2,1,1037,111531,153321,15831,106915,168395,194780,0.86454,0.910483,0.787149,2,36,1,1,0.707107,1,0.75,1,0.559017,1,3,1,2,6,2.20116,1
4,2,1,538,93935,115616,14694,90200,120547,141939,0.84929,0.959091,0.814547,1,16,1,1,0.353553,1,0.25,1,0.25,0,3,2,2,6,2.21031,1
4,0,0,5,20791,20992.5,6389,17313,21314.9,20911.9,1.01927,0.984875,1.00385,0,4,1,0,0,0,0,0,0,-1,3,0,1,5,1.58024,0
4,0,0,3,19622,19742.9,6339,16661,20186.2,19702.6,1.02454,0.97804,1.00205,0,4,1,0,0,0,0,0,0,-1,3,0,0,3,0.508814,0
4,2,2,411,35545,52107.8,11509,54353,54457.1,53656.9,1.01491,0.95686,0.971131,1,26,0,4.24264,0.559017,9.21954,0.5,4.24264,0.559017,0,3,2,2,3,0.885118,1
4,0,0,4,24137,24298.2,6766,19144,24580.3,24257.9,1.01329,0.988524,1.00166,0,1,0,0,0,0,0,0,0,-1,3,0,1,2,0.582168,0
4,2,0,47,31857,33751,12087,63239,34113.7,33751,1.01075,0.989368,1,1,7,0,0,0,0,0,0,0,-1,3,0,2,2,1.08141,0
4,2,2,2366,93628,188975,13174,74008,217405,211798,1.02647,0.86923,0.892243,1,4,0,7.28011,0.790569,5,0.75,2,0.559017,1,3,2,2,4,1.56422,1
4,2,6,609,43391,67933,12180,63198,90298.4,85811.2,1.05229,0.752316,0.791656,2,81,0,8.24621,0.5,8.24621,0.5,0,0,-1,3,1,2,6,1.84175,1
4,0,0,7,22770,23052.1,6726,18964,23714.9,23011.8,1.03055,0.972052,1.00175,0,3,1,0,0,0,0,0,0,-1,3,0,1,3,0.888029,0
4,0,0,3,23990,24110.9,6661,18231,24433.2,24070.6,1.01506,0.98681,1.00167,0,1,1,0,0,0,0,0,0,-1,3,0,1,1,0.307692,0
4,1,2,26,40988,42035.8,9296,39582,47917.5,48429.1,0.989435,0.877253,0.867985,0,7,0,1,0.353553,1,0.559017,0,0.25,1,3,2,2,2,1.41033,1
4,2,1,189,37145,44761.5,12001,62217,47189.7,46867.3,1.00688,0.948543,0.955068,1,1,1,1,0.25,1,0.25,0,0,1,3,2,2,5,1.60862,1
4,2,1,2798,130065,242821,15571,99013,254501,271732,0.936588,0.954105,0.893604,2,2,1,1,0.25,1,0.25,0,0,0,3,2,2,6,2.21913,1
4,2,5,2553,82138,185021,12586,70778,236849,204860,1.15615,0.781176,0.903159,2,11,0,0,0,0,0,0,0,-1,3,0,2,6,2.06664,1
4,2,0,320,31693,44588.6,11611,57533,44548.3,56967.9,0.78199,1.0009,0.782698,1,30,0,0,0,0,0,0,0,1,3,0,2,4,1.32041,1
4,2,2,1283,82992,134695,13114,77042,176812,194664,0.908295,0.761798,0.691938,2,9,-1,0,0,0,0,0,0,-1,2,0,2,3,1.42285,1
4,2,7,990,61781,101677,12123,66081,130032,161348,0.805906,0.78194,0.63017,2,5,0,9.43398,1.06066,9.43398,1.06066,0,0,-1,3,2,2,5,1.46611,1
4,0,0,3,25255,25375.9,7216,21324,25778.9,25335.6,1.0175,0.984368,1.00159,0,1,0,0,0,0,0,0,0,-1,3,0,2,4,1.02219,0
4,2,0,863,49155,83932.9,12797,74613,84255.3,83892.6,1.00432,0.996174,1.00048,2,27,0,0,0,0,0,0,0,-1,3,0,2,2,1.16704,1
4,2,2,321,38553,51488.9,12384,69104,53661.4,58749.3,0.913397,0.959515,0.876418,1,1,-1,0,0,0,0,0,0,-1,2,0,2,5,1.81275,1
4,2,4,117,29366,34081,11876,63238,35042.6,34055.5,1.02899,0.972558,1.00075,2,6,0,0,0,0,0,0,0,-1,3,0,2,6,1.48151,1
4,0,0,2,19839,19919.6,6480,17046,20351.7,19879.3,1.02376,0.978769,1.00203,0,3,0,0,0,0,0,0,0,-1,3,0,1,3,0.776018,0
4,0,0,1,23859,23899.3,6941,19889,24285.8,23899.3,1.01617,0.984086,1,0,1,0,0,0,0,0,0,0,-1,3,0,2,2,0.4,0
4,1,7,14,20312,20876.2,5889,18433,22580,23061.9,0.9791,0.924545,0.905222,0,1,0,1,0.25,1,0.25,0,0,-1,3,2,2,4,1.8726,1
4,0,0,7,24598,24880.1,7106,20706,25121.9,24799.5,1.013,0.990375,1.00325,0,1,0,0,0,0,0,0,0,-1,3,0,2,6,1.64436,0
4,2,2,636,44341,69971.1,10575,49471,115132,111029,1.03695,0.607749,0.630205,2,4,-1,0,0,0,0,0,0,-1,2,0,2,5,1.82648,1
4,2,2,130,19417,24655.8,7202,23316,27206.3,34159.6,0.796446,0.906256,0.721784,2,15,0,26.1725,0.790569,24.3311,0.790569,1,0.707107,0,3,2,2,6,2.25897,0
4,2,6,542,47887,69729,10842,52690,95668.3,86121.2,1.11086,0.728862,0.809661,2,3,0,25.1794,0.25,25.1794,0.25,0,0,-1,3,2,2,5,1.80169,1
4,2,1,1557,82137,144882,13148,76280,164719,180043,0.91489,0.87957,0.80471,2,13,0,10,0,10.8167,0.5,1,0.5,1,3,0,2,6,2.15547,1
4,2,1,1132,66153,111771,13039,73657,144029,170352,0.845482,0.776032,0.656121,2,1,0,8.48528,0.707107,7.2111,0.707107,2,0,0,3,1,2,6,1.93397,1
4,0,0,4,21855,22016.2,6842,19006,22620.7,21975.9,1.02934,0.973277,1.00183,0,2,0,0,0,0,0,0,0,-1,3,0,2,4,1.39741,0
4,0,0,1,22004,22044.3,6869,18895,22769.7,22044.3,1.03291,0.968143,1,0,1,0,0,0,0,0,0,0,-1,3,0,1,3,0.790724,0
4,0,0,2,24341,24421.6,6930,19334,25147,24421.6,1.0297,0.971154,1,0,1,0,0,0,0,0,0,0,-1,3,0,1,4,1.12005,0
4,0,0,2,23867,23947.6,7130,20476,24673,23907.3,1.03203,0.9706,1.00169,0,2,0,0,0,0,0,0,0,-1,3,0,2,5,0.846154,0
4,0,0,1,25971,26011.3,7020,20982,30820.3,26011.3,1.18488,0.843967,1,0,7,0,0,0,0,0,0,0,-1,3,0,2,3,0.589744,0
4,0,0,1,20780,20820.3,6570,18108,21586,20820.3,1.03678,0.964529,1,0,2,0,0,0,0,0,0,0,-1,3,0,1,1,0.2,0
4,1,0,22,12220,13106.6,5024,12956,13066.3,13269.2,0.984707,1.00308,0.987744,0,1,0,0,0.353553,0,0.707107,0,0.353553,0,3,2,2,4,1,0
4,0,0,4,26348,26509.2,7111,20755,27417.2,26468.9,1.03583,0.966883,1.00152,0,1,0,0,0,0,0,0,0,-1,3,0,2,3,1.08333,0
4,2,6,75,21848,24870.4,10721,52073,25184.7,26931,0.935157,0.98752,0.923487,1,37,0,0,0,0,0,0,0,-1,3,0,2,4,0.967654,1
4,2,2,535,32424,53983.9,11337,57973,55372.5,54035.8,1.02474,0.974921,0.99904,2,58,-1,0,0,0,0,0,0,-1,2,0,2,4,1.66379,1
4,2,0,1259,56511,107247,13052,74604,107207,109378,0.980148,1.00038,0.980516,2,17,0,1.41421,0.353553,1.41421,0.707107,1.41421,0.353553,0,3,2,2,5,1.80258,1
4,2,2,1412,74254,131156,11534,58098,133459,142281,0.937993,0.982746,0.921809,2,13,0,9.89949,1.06066,10.6301,0,2.23607,0.790569,1,3,2,2,6,2.23426,1
4,2,0,1137,48627,94446.8,12640,71278,96710.2,94366.2,1.02484,0.976596,1.00085,2,1,0,0,0,0,0,0,0,-1,3,0,2,6,1.84795,1
4,0,0,2,23084,23164.6,6992,19888,23648.2,23124.3,1.02266,0.979551,1.00174,0,4,0,0,0,0,0,0,0,-1,3,0,0,2,0.705128,0
4,0,0,2,21767,21847.6,6761,18751,22331.2,21807.3,1.02402,0.978345,1.00185,0,1,0,0,0,0,0,0,0,-1,3,0,1,1,0.269231,0
4,0,0,2,23396,23476.6,6993,20127,23960.2,23436.3,1.02235,0.979817,1.00172,0,1,0,0,0,0,0,0,0,-1,3,0,0,0,0,0
4,2,0,43,27355,29087.8,13027,77419,29202,29087.8,1.00393,0.99609,1,1,2,0,0,0,0,0,0,0,-1,3,0,1,1,0.289474,0
4,2,0,46,22471,24324.7,11774,60668,24647.1,24284.4,1.01494,0.98692,1.00166,1,1,0,0,0,0,0,0,0,-1,3,0,2,2,0.333333,0
4,2,0,21,31435,32281.3,13266,79242,32644,32281.3,1.01124,0.98889,1,1,35,0,0,0,0,0,0,0,-1,3,0,2,2,0.630769,0
4,1,0,12,15323,15806.6,5384,13180,15806.6,15991.2,0.988456,1,0.988456,0,1,0,0,0,0,0,0,0,0,1,0,1,1,0.434211,0
4,0,0,3,20159,20279.9,5714,14028,20585,20279.9,1.01504,0.985179,1,0,1,0,0,0,0,0,0,0,-1,1,0,1,1,0.568182,0
4,0,0,3,18504,18624.9,6283,16159,19068.2,18624.9,1.0238,0.976753,1,0,1,0,0,0,0,0,0,0,-1,3,0,1,3,0.971244,0
4,0,0,2,19424,19504.6,6439,16853,19947.9,19464.3,1.02484,0.977778,1.00207,0,1,0,0,0,0,0,0,0,-1,3,0,1,4,1.3209,0
4,2,0,1249,64138,114471,13375,78035,114431,120000,0.953589,1.00035,0.953924,2,20,0,0,0.559017,1,0.5,0,0.559017,0,3,2,2,5,1.91753,1
4,2,1,67,27671,30371,12957,74893,34108.4,32486.7,1.04992,0.890426,0.934874,1,58,-1,0,0,0,0,0,0,-1,2,0,2,6,2.07897,0
4,2,0,464,29859,48557.7,10284,54886,48517.4,65800.1,0.737345,1.00083,0.737957,1,5,0,0,0,0,0,0,0,0,1,0,2,5,1.44989,1
4,2,1,1096,82638,126806,12561,68703,144133,184295,0.782077,0.879781,0.688056,1,12,0,3.60555,0.559017,7.81025,0.5,3.60555,0.559017,1,3,2,2,4,1.46544,1
4,2,2,409,53594,70076.2,13497,76449,93615,88786.9,1.05438,0.748557,0.789263,2,1,0,3.60555,0.707107,3.16228,0.25,2.23607,0.559017,0,3,1,2,3,1.12994,1
4,1,0,20,22723,23529,7073,20667,23488.7,23526.3,0.998401,1.00172,1.00011,0,2,0,0,0,0,0,0,0,0,3,0,1,2,0.529138,0
4,1,2,8,25522,25844.4,7199,21633,26395.9,26033.2,1.01393,0.979107,0.992748,0,1,0,0,0,0,0,0,0,-1,3,0,2,2,0.333333,0
4,2,0,38,32339,33870.4,14066,84054,33870.4,34397.2,0.984684,1,0.984684,1,15,0,0,0,0,0,0,0,0,3,0,2,2,0.5,0
4,2,0,90,27721,31347.9,13193,76109,32394.4,31307.6,1.03471,0.967696,1.00129,1,1,0,0,0,0,0,0,0,-1,3,0,1,1,0.2,0
4,0,0,3,19806,19926.9,6419,16701,20297.9,19886.6,1.02068,0.981723,1.00203,0,3,0,0,0,0,0,0,0,-1,1,0,1,1,0.359375,0
4,1,0,14,21440,22004.2,6399,18027,21963.9,28502.3,0.7706,1.00183,0.772014,0,3,0,0,0.25,0,0.5,0,0.25,0,1,2,1,1,0.272727,0
4,1,6,12,20156,20639.6,6407,17261,21304.7,20717.8,1.02833,0.968781,0.996225,0,1,0,0,0.25,0,0.25,0,0,-1,3,2,1,1,0.239583,0
4,0,0,3,21712,21832.9,6771,18857,22155.3,21832.9,1.01477,0.985449,1,0,1,0,0,0,0,0,0,0,-1,3,0,2,2,0.936425,0
4,0,0,2,27959,28039.6,7787,24725,28482.9,27999.3,1.01727,0.984437,1.00144,0,1,0,0,0,0,0,0,0,-1,3,0,2,4,1.0182,0
4,0,0,2,25898,25978.6,7246,21404,25980.9,25978.6,1.00009,0.999912,1,0,1,0,0,0,0,0,0,0,-1,3,0,2,3,1.21325,0
4,2,1,424,36837,53923.7,10029,51043,73978.8,54519.9,1.35691,0.728907,0.989064,2,5,0,13.0384,0.353553,19.105,0,5.38516,1.06066,1,3,2,2,4,1.3651,1
4,2,1,2222,100616,190160,12530,75300,210235,207598,1.01271,0.90451,0.916003,2,39,0,5.83095,0.75,7.81025,0.5,1.41421,0.559017,1,3,2,2,6,2.22782,1
4,2,2,617,52618,77482.4,11904,68464,137353,127557,1.0768,0.564113,0.607434,2,8,0,4.47214,0.901388,7.07107,0.790569,7.07107,0.75,0,3,2,2,6,1.90491,1
4,0,0,3,31055,31175.9,7960,25696,31498.3,31135.6,1.01165,0.989765,1.00129,0,6,0,0,0,0,0,0,0,-1,3,0,1,3,0.933442,0
4,0,0,3,26912,27032.9,7524,23150,27355.3,26992.6,1.01344,0.988215,1.00149,0,1,0,0,0,0,0,0,0,-1,3,0,1,1,0.166667,0
4,0,0,5,23430,23631.5,7082,20580,23833,23591.2,1.01025,0.991546,1.00171,0,1,0,0,0,0,0,0,0,-1,3,0,2,2,0.439394,0
4,2,0,21,24673,25519.3,13611,82761,25841.7,25519.3,1.01263,0.987524,1,1,1,0,0,0,0,0,0,0,-1,3,0,1,1,0.378947,0
1,2,1,431,20851,23270.2,6782,18848,23350.4,24257.7,0.962596,0.996566,0.95929,1,13,0,1,0.5,1,0.5,0,0,-1,3,1,1,1,1.4375,1
1,2,1,1004,32593,38228.5,7941,25701,39579.3,44200.9,0.895441,0.965871,0.86488,2,29,0,1,0.25,1,0.790569,1,0.559017,1,1,2,1,2,1.69118,1
1,2,1,1935,40076,50937.3,8746,30032,52317.8,58964,0.887284,0.973612,0.86387,2,16,1,0,0,0,0,0,0,-1,3,0,1,2,2.27163,1
1,2,1,2071,39600,51224.6,8655,30155,51441.3,53181,0.967287,0.995788,0.963213,2,14,1,0,0,0,0,0,0,-1,3,0,1,2,2.55,1
1,2,2,1832,33590,43873.1,8234,27362,44748.6,47793.4,0.936293,0.980436,0.917975,1,9,1,1,0.25,1,0.5,1,0.25,0,3,2,1,2,2.44508,1
1,2,2,1008,31587,37245,8123,26913,40657.4,40157.5,1.01245,0.916068,0.927472,2,1,0,1,0.25,1,0.25,0,0,-1,1,2,1,2,2.59735,1
1,2,2,520,25431,28349.8,7851,25003,28635,30864.2,0.927772,0.990041,0.918532,2,27,1,1,0.25,1,0.707107,1,0.559017,0,1,2,1,2,2.06875,1
1,2,4,225,21175,22437.9,7143,20651,22603.3,22669.8,0.997066,0.992683,0.98977,1,1,0,0,0,0,0,0,0,-1,3,0,1,2,1.74089,1
1,2,0,183,20156,21183.2,7158,20942,21177.6,21596.3,0.980611,1.00027,0.980871,1,1,0,1,0.25,1,0.5,1,0.25,1,3,2,1,2,1.86391,1
1,2,2,1849,27502,37880.5,7363,22157,48905.9,51180.5,0.955558,0.774559,0.740137,2,43,0,1,0.5,1,0.75,1,0.25,0,3,1,1,2,1.83929,1
1,2,1,2582,27616,42108.9,7448,22980,42441.5,44990.8,0.943336,0.992164,0.935944,2,13,1,0,0.25,0,0.353553,0,0.25,0,3,2,1,2,2.45872,1
1,2,2,4609,30322,56192.5,7539,23091,57295.5,57729.9,0.992476,0.98075,0.97337,1,2,0,3.60555,0.353553,7.2111,0.707107,3.60555,0.353553,1,3,2,1,2,2.21817,1
1,2,2,61,22125,22467.4,7255,21395,22474.4,22758.5,0.98752,0.999687,0.987211,1,2,1,1,0.25,1,0.707107,1,0.559017,0,3,2,1,2,2.33042,1
1,2,1,167,22271,23208.4,6969,20755,23556.5,25811.4,0.91264,0.98522,0.899151,2,11,1,1,0.25,1,0.707107,1,0.559017,0,3,2,1,3,1.6875,1
1,2,2,1051,36546,42445.3,8324,28184,43512.7,43479,1.00077,0.97547,0.976226,1,25,0,1,0.5,1.41421,0.559017,1,0.25,1,3,1,1,5,1.7125,1
1,2,1,1987,41068,52221.1,8633,29457,53850,53816.4,1.00063,0.969751,0.970358,2,29,1,1,0.25,1,0.25,0,0,-1,3,2,1,5,2.32318,1
1,2,1,1505,37276,45723.6,8522,28400,47843.1,47803.8,1.00082,0.9557,0.956486,2,1,0,1,0.25,1,0.25,0,0,-1,3,2,1,5,2.44361,1
1,2,5,207,19771,20932.9,7050,20526,21046.6,21291.8,0.988483,0.994599,0.983144,1,1,1,1,0.353553,1,0.353553,0,0,-1,3,2,1,5,2.37841,1
1,2,0,137,18720,19489,7084,20754,19472.1,19936.1,0.976727,1.00086,0.977572,1,91,0,0,0.25,0,0.5,0,0.25,0,3,2,0,4,1.60881,1
1,2,2,2166,25256,37413.9,7502,23586,37603.2,38078.4,0.987519,0.994965,0.982547,2,38,1,0,0.707107,0,0.5,1,0.5,1,3,1,1,5,1.71267,1
1,2,1,4328,30664,54957.3,7928,25396,55917.7,57186.2,0.977817,0.982825,0.961023,2,54,1,0,0.25,1,0,0,0.75,0,3,2,1,5,1.60909,1
1,2,5,707,24831,28799.4,7543,23427,28891.3,28863.2,1.00097,0.996821,0.997791,1,43,0,1,0.25,1,0.25,0,0,-1,1,2,1,5,1.95015,1
1,2,6,3063,29915,47107.8,7716,24554,55431.1,56145.2,0.987281,0.849844,0.839035,2,10,0,1,0.25,1,0.25,0,0,-1,3,2,1,5,1.99456,1
1,2,2,4380,32465,57050.2,7681,24317,59409.4,60001.5,0.990133,0.960288,0.950813,2,10,1,1.41421,0.559017,1.41421,0.559017,0,0,-1,3,2,1,5,2.33095,1
1,2,0,2723,29072,44356.3,7830,24798,44388.5,44345.1,1.00098,0.999275,1.00025,2,2,0,1,0.25,1,0.25,0,0,-1,3,2,1,5,1.87792,1
1,2,1,207,24094,25255.9,7714,24330,25290.3,25711.1,0.983633,0.998638,0.982294,2,18,0,1,0.25,1,0.25,0,0,-1,3,2,1,5,1.84491,0
1,2,2,574,30402,33623.9,7566,23312,34361,36769.8,0.934489,0.978549,0.914443,1,25,1,0,0,1,0.353553,1,0.353553,0,3,0,1,3,1.74459,1
1,2,1,418,25979,28325.3,7589,23845,31055.9,34639.6,0.896542,0.912074,0.817712,2,2,0,1,0.559017,1,0.790569,1,0.25,1,3,2,1,5,1.88877,1
1,2,2,3070,40986,58218.1,8552,29338,61799.8,62975.4,0.981333,0.942043,0.924458,1,121,1,1,0.25,1,0.25,0,0,-1,3,2,1,5,2.32572,1
1,2,7,1943,34531,45437.2,8073,26245,46253.6,46225.5,1.00061,0.982348,0.982945,2,19,1,0,0,0,0,0,0,-1,1,0,1,5,2.333,1
1,2,1,191,22899,23971.1,7526,22950,24411.6,24377.9,1.00138,0.981955,0.983312,1,49,0,1,0.25,1,0.25,0,0,-1,3,2,1,5,1.91402,1
1,2,1,3100,30915,48315.5,7702,24054,58869.5,50037.8,1.1765,0.820721,0.965578,2,48,1,1,0.25,1,0.25,0,0,-1,1,2,1,5,1.67337,1
1,3,0,9283,37836,89941.9,200552,12832938,99230.2,94507.2,1.04997,0.906397,0.951694,2,35,-1,0,0,0,0,0,0,-1,0,0,1,5,2.21442,1
1,2,0,3950,30499,52670.5,7838,25028,52653.7,53110.5,0.991399,1.00032,0.991717,1,2,1,1.41421,0.353553,1,0.5,1,0.353553,1,3,2,1,5,2.13423,1
1,2,1,2087,27470,39184.4,7833,24981,48254.6,39841.1,1.21118,0.812035,0.983518,2,5,1,97.5807,0.790569,194.456,0.901388,97.5807,0.901388,0,3,2,1,5,2.3138,1
1,2,2,980,25487,30987.8,7709,24897,31596.3,31568.3,1.00089,0.98074,0.981612,2,4,0,1,0.25,1,0.25,0,0,-1,1,2,1,5,2.12753,1
1,2,0,2941,31483,47991,8127,27113,48473.3,47974.1,1.01041,0.990049,1.00035,2,25,0,0,0.25,0,0.25,0,0,-1,3,2,1,5,2.09677,1
1,2,0,379,20344,22471.3,7191,21525,22555.5,22454.5,1.0045,0.99627,1.00075,2,131,0,1,0.25,1,0.25,0,0,-1,3,2,1,5,1.59484,1
1,2,6,449,23366,25886.3,7588,23598,26068.5,26029.2,1.00151,0.993011,0.99451,1,3,0,0,0,0,0,0,0,-1,3,0,1,3,1.05645,1
1,2,2,940,15494,20770.3,5112,12294,21979,23618.8,0.930574,0.945005,0.879397,1,6,0,1,0.5,3,0,1,0.5,1,1,1,1,3,2.14583,1
1,2,0,446,24707,27210.4,7318,21864,27820.3,27193.6,1.02305,0.978077,1.00062,2,1,0,1,0.353553,1,0.353553,0,0,-1,1,2,1,5,2.15222,1
1,2,1,1688,27733,37207.8,7448,23244,39082.1,39131.1,0.998749,0.952042,0.95085,2,1,0,1,0.707107,1,1.06066,1,0.353553,0,1,1,1,5,2.26509,1
1,2,2,363,24589,26626.5,7560,23704,27927.4,27882.5,1.00161,0.953419,0.954954,2,71,1,0,0,0,0,0,0,-1,1,0,1,5,2.10083,1
1,2,2,1441,27435,35523.4,7490,23196,52125.9,48147.5,1.08263,0.681492,0.737804,2,2,1,1,0.25,1,0.25,0,0,-1,3,2,1,5,2.03159,1
1,3,0,5122,30057,58807,81549,3518237,69719.8,74612.9,0.93442,0.843477,0.788162,1,38,-1,0,0,0,0,0,0,-1,0,0,1,5,2.30104,1
1,3,0,7902,34843,79197.3,187939,13129443,85976.7,87186.3,0.986125,0.921149,0.908368,1,14,-1,0,0,0,0,0,0,-1,0,0,1,5,2.72888,1
1,2,0,1341,23678,31205.1,7577,24037,42486,31177,1.36273,0.73448,1.0009,1,2,1,0,0.25,0,0.25,0,0,-1,3,2,1,5,2.31579,1
1,2,0,355,21091,23083.6,7801,24773,24157.2,23066.8,1.04727,0.955558,1.00073,1,2,0,1,0.25,1,0.25,0,0,-1,1,2,1,5,1.85425,1
1,2,7,286,22406,24011.3,7937,25927,24803.4,24026.8,1.03232,0.968066,0.999356,1,1,0,0,0.25,0,0.25,0,0,-1,3,2,1,5,1.65058,0
1,2,0,290,22433,24060.8,7819,25869,24587.1,24055.2,1.02211,0.978593,1.00023,1,1,0,0,0.25,0,0.25,0,0,-1,3,2,1,4,1.16308,1
1,2,0,404,23291,25558.7,8005,26189,27220.6,25547.4,1.06549,0.938947,1.00044,1,2,0,0,0.25,0,0.25,0,0,-1,3,2,1,5,1.24,1
1,2,0,422,19455,21823.7,7156,21528,22005.7,21806.9,1.00912,0.991729,1.00077,1,2,0,0,0.25,0,0.25,0,0,-1,3,2,1,5,1.23438,0
1,2,1,464,12642,15246.5,5229,11863,15431.9,23648.9,0.652545,0.987981,0.644702,1,11,0,1,0.25,2.23607,0.25,2,0,0,3,2,1,3,2.01515,1
1,2,1,813,26149,30712.4,7212,21804,31060.7,30716.7,1.0112,0.988786,0.99986,2,4,0,0,0.75,1,0.5,0,0.75,1,3,2,1,5,2.16329,1
1,2,6,146,20516,21335.5,7260,22200,21508.9,21592.4,0.996132,0.991939,0.988102,1,2,0,1.41421,0.353553,1.41421,0.353553,0,0,-1,3,2,1,5,2.10116,1
1,2,2,208,18932,20099.5,7347,22651,20150.2,20319.8,0.991653,0.997485,0.989159,1,42,1,0,0.25,0,0.559017,0,0.353553,0,3,2,1,5,1.98018,1
1,2,2,2545,27830,42115.2,7667,24761,49718.9,47920.7,1.03752,0.847066,0.878852,2,8,1,1,0.25,1,0.25,0,0,-1,3,2,1,5,2.06026,1
1,3,0,4299,28069,52199.5,75882,2929988,58462.3,63035.2,0.927455,0.892875,0.828101,2,6,-1,0,0,0,0,0,0,-1,0,0,1,5,2.56106,1
1,3,0,4979,28400,56347.4,75296,2150308,63725.1,64478.9,0.988309,0.884226,0.873889,2,30,-1,0,0,0,0,0,0,-1,0,0,1,5,2.62208,1
1,2,2,3514,28321,48045.3,7730,23930,48625.7,48341.3,1.00588,0.988064,0.993876,2,17,1,0,0.901388,1.41421,0.707107,1,0.75,0,3,2,0,4,1.81538,1
1,2,0,156,22164,23039.6,7656,23894,23078.9,23028.4,1.00219,0.998298,1.00049,1,2,0,0,0.25,0,0.25,0,0,-1,3,2,1,5,1.44116,1
1,2,1,229,22028,23313.4,7654,24064,23649.7,23516.9,1.00564,0.98578,0.991345,1,2,0,1,0.25,1,0.25,0,0,-1,3,2,0,2,0.6,1
1,2,0,302,24276,25971.1,7873,26245,25999.2,25959.9,1.00151,0.998921,1.00043,1,8,0,0,0.25,0,0.25,0,0,-1,3,2,1,4,1.13487,0
1,2,0,257,21878,23320.6,7564,24036,23754.5,23309.3,1.0191,0.98173,1.00048,1,1,0,0,0.25,0,0.25,0,0,-1,3,2,1,4,0.7875,0
1,2,7,3833,31592,53106.8,8049,26369,54209,53281.4,1.01741,0.979668,0.996723,1,89,0,0,0.25,0,0.25,0,0,-1,3,2,1,2,0.888221,1
1,2,0,180,17444,18454.3,6041,15961,18443.1,23331.4,0.790485,1.00061,0.790966,2,8,1,1,0.25,7.07107,0.5,7.07107,0.901388,0,3,2,1,3,2.06278,1
1,2,2,367,20890,22950,6736,19246,24310.4,24824.3,0.979297,0.944042,0.924497,2,20,1,0,0.25,0,0.75,0,0.5,1,3,2,1,5,1.90848,1
1,2,0,311,18518,20263.7,7028,21656,20302.9,20258,1.00222,0.998065,1.00028,1,4,1,1,0.25,1,0.25,0,0,-1,3,2,1,5,1.62988,1
1,2,0,248,19919,21311,7180,21972,21378.4,21299.8,1.00369,0.996849,1.00053,1,164,1,1,0.25,1,0.25,0,0,-1,3,2,1,5,1.67143,1
1,2,1,2642,28992,43821.7,7452,23326,48227.7,51921.2,0.928863,0.908641,0.844003,1,26,1,52.8394,0.901388,105.19,0.25,52.8394,0.707107,0,1,2,1,5,2.02143,1
1,2,0,689,23793,27660.4,7653,24453,28095.2,27649.2,1.01613,0.984525,1.00041,1,57,0,1,0.25,1,0.25,0,0,-1,3,2,1,5,2.53407,1
1,3,0,5864,33236,66150.9,94132,3371990,71854.6,68559.1,1.04807,0.920622,0.964874,1,7,-1,0,0,0,0,0,0,-1,0,0,1,5,2.35432,1
1,3,0,4708,28613,55039.2,75729,2241613,70865.4,73846,0.959638,0.776673,0.745324,2,12,-1,0,0,0,0,0,0,-1,0,0,1,5,2.32623,1
1,2,2,2509,28489,42572.1,7900,25530,51799.5,46433,1.11558,0.821864,0.916852,1,3,0,94.414,0.353553,187.949,0.707107,94.414,0.353553,1,1,2,1,5,1.93452,1
1,2,0,499,21056,23856.9,7705,24195,24042,23840.1,1.00847,0.992302,1.00071,1,34,0,0,0.25,0,0.25,0,0,-1,3,2,1,5,1.12912,1
1,2,0,361,22747,24773.3,8080,26670,24823.8,24762.1,1.00249,0.997965,1.00045,1,60,0,0,0.25,0,0.25,0,0,-1,3,2,1,3,0.6,1
1,2,0,632,27582,31129.4,8355,27847,31168.7,31118.2,1.00162,0.998739,1.00036,1,8,0,1,0.25,1,0.25,0,0,-1,3,2,1,2,1.05806,1
1,2,5,6949,35913,74918.1,7858,24976,74987,75161.1,0.997684,0.999082,0.996767,2,16,0,0,0.25,0,0.25,0,0,-1,3,2,1,4,1.07258,1
1,2,2,149,19365,20201.3,6886,19918,20594.8,30186.6,0.68225,0.980894,0.669215,1,2,0,1,0.25,1,0.25,0,0,-1,3,2,1,3,1.6435,0
1,2,2,1301,22439,29741.6,6858,19570,30367.8,30288.6,1.00262,0.979379,0.981941,1,9,0,1,0.790569,1,0.901388,1,0.25,1,3,2,1,4,1.40087,1
1,2,2,2611,26198,40853.7,6903,19569,42272.2,41920.1,1.0084,0.966443,0.974561,2,4,1,1,0.25,1,0.25,0,0,-1,3,2,1,5,1.59327,1
1,3,0,4558,27831,53415.3,131131,6854767,57232.8,57420.2,0.996737,0.933299,0.930253,2,81,-1,0,0,0,0,0,0,-1,0,0,1,5,2.04942,1
1,2,2,1001,25644,31262.7,7691,24419,31396.6,31351.7,1.00143,0.995733,0.997159,2,53,0,1.41421,0.559017,1.41421,0.901388,1.41421,0.353553,1,3,2,1,5,2.02256,1
1,2,0,476,24412,27083.8,7416,22824,28413.3,27067,1.04974,0.953208,1.00062,1,90,0,1,0.25,1,0.25,0,0,-1,3,2,1,5,1.98277,1
1,3,0,6209,32106,66957.4,67463,2088269,72362.9,72000.9,1.00503,0.925301,0.929953,2,3,-1,0,0,0,0,0,0,-1,0,0,1,5,1.92218,1
1,3,0,8434,38125,85465.5,105639,5010437,88698.3,97318.3,0.911425,0.963552,0.878205,2,61,-1,0,0,0,0,0,0,-1,0,0,1,5,2.65285,1
1,2,2,2884,27428,43616,7837,24961,54498.7,49056.1,1.11095,0.800314,0.889105,2,20,1,103.788,0.790569,159.327,0.901388,56.3205,0.25,0,1,2,1,5,2.25084,1
1,2,2,336,29088,30974,8336,27392,31995.1,37094.6,0.862525,0.968086,0.834999,1,74,0,1,0.353553,1,0.559017,1,0.25,1,3,2,1,5,1.7,1
1,2,1,251,24188,25596.9,8102,26276,25622.2,25855.6,0.990971,0.999012,0.989992,1,1,0,1,0.353553,1,0.353553,0,0,-1,3,2,0,4,0.923077,1
1,2,0,527,22508,25466.1,8142,27066,26424.5,25449.2,1.03832,0.963728,1.00066,1,1,0,0,0.25,0,0.25,0,0,-1,3,2,1,5,1.54211,1
1,2,2,7314,35430,76483.8,8273,27675,79203.7,79669.4,0.994155,0.96566,0.960016,1,10,0,0,0.25,0,0.25,0,0,-1,3,2,1,5,1.60761,1
