4,1,0,14,184121,186552,20777,181219,186552,212400,0.878303,1,0.878303,0,3,0,2.23607,0.353553,2.23607,0.559017,1,0.25,0,3,2,2,2,1.80383,0
4,0,0,2,157188,157535,17782,130312,158924,157535,1.00882,0.99126,1,0,4,0,2.23607,0.353553,2.23607,0.353553,0,0,-1,3,2,1,1,0.333333,0
4,0,0,1,154666,154840,17776,128836,157305,154840,1.01592,0.984328,1,0,4,0,2.23607,0.353553,2.23607,0.353553,0,0,-1,3,2,1,1,0.512821,0
4,1,1,21,185488,189134,21804,258732,202492,217852,0.929492,0.934035,0.868178,0,2,0,2.23607,0.353553,2.23607,0.353553,0,0,0,1,2,2,2,1.41905,1
4,2,1,1180,261107,465995,22089,239925,485126,583237,0.831782,0.960566,0.798981,2,4,0,10.198,0.353553,10.4403,0.75,0,0.901388,1,3,2,2,3,2.04934,1
4,2,2,1322,298232,527776,23347,256647,790550,795886,0.993296,0.667606,0.66313,1,3,0,9.21954,0.790569,9.48683,0.75,0,0.75,1,3,2,2,3,2.19159,1
4,2,1,993,346970,519388,24344,288332,533109,584015,0.912835,0.974263,0.889341,2,5,0,8.544,0.707107,8.24621,0.559017,1,0.25,0,3,1,2,3,2.42774,1
4,2,0,750,254313,384538,29775,402001,384365,398994,0.963336,1.00045,0.963771,2,2,0,2.23607,0.353553,2.23607,0.559017,1,0.25,1,3,2,2,3,2.37711,1
4,2,5,405,236043,306365,28201,375251,349704,386249,0.905387,0.876068,0.79318,1,4,-1,0,0,0,0,0,0,-1,2,0,2,3,2.261,1
4,1,2,31,131484,136867,16272,159572,139778,153693,0.90946,0.979173,0.890518,0,2,-1,0,0,0,0,0,0,-1,2,0,2,3,2.04424,1
4,1,0,18,59757,62882.4,10038,44708,62535.1,66062.3,0.946609,1.00555,0.951866,0,1,0,1,0.901388,1,0.707107,0,0.25,0,3,2,2,3,1.14583,0
4,1,2,20,88930,92402.7,12615,74997,93487.9,97260.3,0.961213,0.988392,0.950056,0,2,0,1,0.901388,1,0.901388,0,0,-1,3,2,2,2,1,0
4,1,0,13,157924,160181,19318,155666,160181,179184,0.893951,1,0.893951,0,1,0,2,0.25,2,0.25,0,0,1,3,2,2,2,1.12829,0
4,2,1,401,291922,361549,31681,437953,388269,376341,1.0317,0.931181,0.960696,2,24,0,2.23607,0.353553,2.23607,0.353553,0,0,-1,3,2,2,2,1.17742,1
4,2,0,40,179819,186764,32098,450926,187806,186591,1.00651,0.994453,1.00093,1,157,-1,0,0,0,0,0,0,-1,2,0,2,3,0.945724,1
4,2,5,486,214267,298653,26003,333931,419737,356816,1.17634,0.711525,0.836994,1,1,-1,0,0,0,0,0,0,-1,2,0,2,3,1.14322,1
4,2,1,296,156300,207696,14643,145659,301649,320172,0.942147,0.688535,0.648701,1,8,0,2.23607,0.353553,2.23607,0.353553,0,0,-1,3,2,2,5,1.62404,1
4,2,2,982,191436,361945,18672,200034,402814,406304,0.99141,0.89854,0.890821,2,3,-1,0,0,0,0,0,0,-1,2,0,2,6,1.96971,1
4,2,0,188,79687,112330,14114,119748,111983,156211,0.716872,1.0031,0.719095,1,2,0,9.05539,0.559017,8.24621,0.353553,1,0.75,0,3,2,2,6,1.95203,1
4,2,2,1497,254458,514388,19888,201266,585220,823150,0.710953,0.878964,0.624902,2,1,1,27.4591,0.790569,28.8617,0.559017,2,0.559017,1,1,2,2,6,2.25767,1
4,2,1,59,38588,48832.4,10411,53823,63131.9,56322.7,1.1209,0.773498,0.867011,1,1,0,10.8167,0.707107,10.8167,0.707107,0,0,-1,3,1,2,6,1.98261,1
4,2,2,534,130614,223335,13784,96856,314328,296166,1.06132,0.710514,0.754086,1,13,0,17.6918,0.901388,18.4391,1.06066,2,0.25,1,3,2,2,6,1.76775,1
4,2,2,192,131347,164685,19699,177623,192501,220044,0.874832,0.855498,0.748417,1,23,0,1,0.5,1,0.25,1,0.25,0,3,1,2,6,1.58611,1
4,1,0,18,123058,126183,13644,87938,126010,130042,0.968994,1.00138,0.970329,0,2,0,1,1.06066,1.41421,0.75,0,0.25,0,3,2,2,4,1.11396,0
4,1,1,30,166792,172001,17778,160104,187662,221283,0.848062,0.916549,0.77729,0,3,0,1,0.5,1,0.5,0,0,-1,3,1,2,2,0.670746,1
4,0,0,3,162880,163401,18421,141397,167569,163401,1.02551,0.975127,1,0,189,0,2,0.25,2,0.25,0,0,-1,3,2,2,3,1.03367,0
4,2,0,471,304363,386145,26529,326151,386145,460997,0.83763,1,0.83763,2,3,0,1.41421,0.25,1.41421,0.707107,1,0.559017,0,3,2,2,4,2.05912,1
4,2,0,801,263414,402495,22691,273971,402148,551623,0.729026,1.00086,0.729656,2,1,0,2.23607,0.353553,7.61577,0.790569,8.94427,0.5,1,3,2,2,6,2.03697,1
4,1,0,27,47006,51694.1,9995,45949,51346.8,57085.2,0.899478,1.00676,0.905561,0,19,0,12.0416,0.25,12.0416,0.25,1,1.06066,1,3,2,2,6,1.75857,0
4,2,2,1289,309219,533033,22495,259801,629559,750036,0.839372,0.846677,0.710677,1,7,0,10.8167,0.353553,10.6301,0.5,2,0.353553,1,3,2,2,5,1.85707,1
4,2,2,400,130519,199973,17344,148616,217733,205484,1.05961,0.918429,0.973178,2,17,1,28.2843,0.75,27.6586,0.353553,2.82843,0.559017,1,1,2,2,6,1.99711,1
4,1,2,28,76793,81654.7,11503,64123,83690.4,92657.3,0.903226,0.975676,0.881256,0,1,0,10.0499,0.353553,10.0499,0.353553,0,0,-1,3,2,2,6,1.91521,0
4,2,2,296,110830,162226,14530,113640,218637,225399,0.969997,0.741988,0.719726,2,2,0,9,0.901388,9,0.75,1,0.790569,0,3,2,2,5,1.54362,1
4,1,2,57,47294,57191.1,10208,70918,61654.2,80385.9,0.766978,0.927612,0.711457,0,2,0,11.6619,0.25,9.84886,0.901388,1.41421,0.790569,1,3,2,2,6,1.78688,1
4,2,2,751,209187,339586,16211,154961,360528,420567,0.857243,0.941913,0.807448,2,5,0,16.1245,0.559017,24.0416,0.25,9,0.790569,0,3,2,2,6,1.72778,1
4,2,2,1091,201448,390883,19241,190683,407810,555739,0.733815,0.958492,0.703356,1,1,0,1,0.901388,1,0.901388,0,0,-1,3,2,2,6,1.75876,1
4,2,7,76,67124,80320.2,13590,90218,82547.7,83504.5,0.988542,0.973015,0.961867,2,29,0,1,0.559017,1,0.559017,0,0,-1,3,2,2,4,1.61601,1
4,2,2,847,289768,436836,23707,287837,454144,556277,0.816399,0.961888,0.785284,2,5,0,3,0.5,5,0.75,2,0.25,0,3,1,2,5,1.30308,1
4,0,0,3,165173,165694,18318,141842,170249,165520,1.02857,0.973247,1.00105,0,3,0,2,0.25,2,0.25,0,0,-1,3,2,2,4,1.58587,0
4,2,1,263,152938,198604,18258,167894,208688,263589,0.791718,0.951677,0.75346,2,2,0,8.94427,0.707107,9.43398,0.707107,1,0,1,3,1,2,4,2.19237,1
4,2,1,276,107724,155647,15345,122027,163096,185914,0.877267,0.954326,0.837199,2,2,0,7.61577,0.790569,7.28011,0,2.23607,0.790569,0,3,2,2,6,1.79206,1
4,2,1,65,61990,73276.2,12034,62116,88636.8,110715,0.800586,0.826702,0.661847,1,1,0,10,0,10.6301,1.06066,1,0.790569,1,3,0,2,4,1.5881,1
4,2,2,616,145190,252148,16220,124422,285915,307339,0.930291,0.8819,0.820424,2,12,0,10.2956,0.559017,10.2956,0.707107,1,0.25,1,3,2,2,5,1.73671,1
4,2,1,908,166344,324004,18556,169182,325287,330587,0.983968,0.996053,0.980085,1,5,0,11.0454,0.559017,12.0416,0.790569,1,0.25,1,3,2,2,6,1.81878,1
4,1,2,23,86315,90308.6,12222,103628,105873,113299,0.934451,0.852994,0.797081,0,19,0,10.0499,0.353553,10.0499,0.353553,0,0,-1,3,2,2,4,1.61141,1
4,2,1,327,123866,180644,16629,130763,195449,203324,0.961266,0.924254,0.888454,2,3,0,10,0.75,10.0499,0.901388,1,0.5,0,3,2,2,5,1.5448,1
4,2,1,853,208222,356332,16379,176779,380581,413702,0.919941,0.936284,0.861326,1,2,0,10,0.901388,10.6301,0.25,1.41421,0.790569,1,3,2,2,6,2.02439,1
4,2,2,2768,457757,938376,27428,359414,1.02742e+06,1.11976e+06,0.917536,0.913333,0.838016,2,17,0,12.0416,0.707107,16.6433,0.25,6.08276,0.901388,0,3,1,2,6,2.26,1
4,2,2,1150,264706,464385,23394,270776,632681,583880,1.08358,0.733996,0.795344,2,57,0,1.41421,0.5,2,0.25,1.41421,0.75,0,3,1,2,6,2.15277,1
4,1,0,21,41144,44790.3,8536,37678,44443,49429.5,0.899119,1.00781,0.906145,0,2,0,1,0.559017,0,0.25,1,0.353553,0,3,2,2,6,1.67793,0
4,2,1,270,196140,243021,19346,173450,331246,438502,0.755405,0.733657,0.554208,2,3,0,2.23607,0.5,3.16228,0.901388,1.41421,0.559017,0,3,1,2,5,1.28136,1
4,2,6,68,233686,245493,27890,360256,353696,335075,1.05557,0.69408,0.732651,2,4,0,2.23607,0.25,2.23607,0.25,0,0,-1,3,2,2,4,1.7577,1
4,1,2,33,52373,58102.9,13193,162025,66867.2,97865.9,0.683254,0.86893,0.5937,0,10,0,10.7703,0.790569,10.7703,0.75,1,0.25,1,1,2,2,4,1.69203,1
4,1,0,19,48393,51692,8509,39747,51171.1,56920.9,0.898987,1.01018,0.908138,0,1,0,9.48683,0.901388,9.48683,0.5,1.41421,0.559017,0,3,2,2,6,1.65846,0
4,0,0,3,11926,12446.9,5000,10438,14940.7,12273.3,1.21733,0.833088,1.01415,0,1,0,8,0.75,8,0.75,0,0,-1,3,2,1,4,1.04945,0
4,1,2,43,108453,115919,12814,106656,119826,175064,0.68447,0.967398,0.662155,0,11,0,9.05539,0.707107,10.0499,0.25,1,0.901388,0,3,1,2,5,1.64665,1
4,2,2,420,186974,259900,18121,142943,295658,304698,0.970332,0.879057,0.852977,2,14,0,10.0499,0.5,12.0416,0.5,2.23607,0.707107,1,3,1,2,6,1.99055,1
4,2,1,374,96950,161889,17146,146224,162425,191044,0.850195,0.996703,0.847392,2,1,0,12,0.559017,14,0.25,1.41421,0.790569,1,3,2,2,6,1.96086,1
4,1,2,50,87795,96476.7,33622,1346364,111781,343944,0.324999,0.863084,0.280502,0,81,0,12.0416,0,12.1655,0.353553,1,0.353553,0,3,0,2,6,1.86734,0
4,2,1,284,87480,136792,12268,97436,153803,202700,0.758768,0.8894,0.674848,1,1,-1,0,0,0,0,0,0,-1,2,0,2,5,1.81622,1
4,2,0,656,261609,375513,23076,275622,375166,388081,0.96672,1.00093,0.967615,2,4,0,2.23607,0.353553,1.41421,0.707107,1,0.790569,1,3,2,2,6,2.30773,1
4,2,2,399,147064,216344,18037,181035,300087,388822,0.771786,0.720936,0.556408,1,2,0,2.23607,0.790569,2.23607,0.5,1.41421,0.353553,0,3,2,2,6,2.01441,1
4,2,1,105,176860,195092,20634,213148,239323,309813,0.772477,0.81518,0.629707,1,3,0,1,0.707107,1,0.559017,1,0.25,0,1,1,2,4,1.85921,1
4,2,2,533,243960,336507,21976,247860,448595,480566,0.933471,0.750135,0.70023,2,5,0,1,0.5,0,0.75,1,0.75,1,1,1,2,5,1.81025,1
4,2,2,245,175075,217615,21190,243508,240569,241475,0.99625,0.904585,0.901193,1,1,0,2.23607,0.901388,2.23607,0.901388,0,0,-1,3,2,2,6,2.20119,1
4,2,2,848,212993,360235,20499,217393,369580,452492,0.816766,0.974714,0.796113,1,1,0,10.7703,0.790569,11.7047,0.790569,1,0,0,3,2,2,4,1.54242,1
4,2,2,2308,449258,850005,28133,388241,859866,935955,0.918704,0.988532,0.908168,2,3,0,10.198,0.707107,11.0454,0.559017,2.23607,0.25,1,3,1,2,4,1.47292,1
4,2,2,73,64217,76892.3,13714,93508,94910,124957,0.759543,0.81016,0.615352,1,1,0,9,0.559017,9.05539,0.75,0,0.707107,0,3,2,2,3,1.38242,1
4,1,0,23,28522,32515.6,6541,28291,32168.3,43049.2,0.747246,1.0108,0.755313,0,1,0,9.05539,0.790569,9.05539,0,1.41421,0.353553,1,3,2,2,5,1.23729,0
4,2,2,123,81112,102469,14505,120983,178067,236867,0.751759,0.575451,0.432601,1,2,0,8.24621,1.06066,8.544,0.790569,1.41421,0.5,0,3,2,2,5,1.51094,1
4,2,1,669,144981,261142,18397,161899,280664,276604,1.01468,0.930443,0.9441,2,1,0,11,0.790569,11.0454,0.707107,1.41421,0.790569,1,3,2,2,6,1.56541,1
4,1,2,22,78294,82113.9,12463,102967,149259,178762,0.834957,0.550144,0.459347,0,3,0,12.1655,0.559017,12.1655,0.790569,1,0.25,0,3,2,2,4,1.56308,1
4,2,1,580,207229,307937,20929,221639,393690,436470,0.901988,0.78218,0.705516,1,3,0,11.1803,0.707107,13,0,2,0.707107,0,3,1,2,5,1.63855,1
4,2,2,143,64199,89028.7,10339,51951,133794,139205,0.961126,0.665418,0.639551,1,1,0,11.1803,0.75,11.1803,0.75,0,0,-1,3,2,2,6,2.09969,1
4,2,0,218,92690,130542,12554,87754,130195,173030,0.752443,1.00267,0.75445,2,2,0,2.23607,0.901388,3.60555,0.901388,2.23607,0.790569,1,3,2,2,6,2.11073,1
4,2,1,147,92742,118266,13850,92980,120858,134683,0.897353,0.978553,0.878108,2,3,0,1,0.901388,1,0.5,1,0.25,1,3,2,2,6,2.03709,1
4,1,2,32,92457,98013.3,12753,131681,98874.6,134657,0.734271,0.991289,0.727875,0,4,0,2,0.559017,2,0.559017,0,0,-1,3,2,2,6,2.03986,1
4,2,1,577,234015,334202,26396,353324,511214,503778,1.01476,0.653742,0.663391,1,2,0,3.16228,0.5,4.24264,0.75,1,0.559017,0,3,1,2,6,2.12094,1
4,2,6,354,286959,348425,32174,435860,377351,371302,1.01629,0.923346,0.938388,2,58,0,2,0.25,2,0.25,0,0,-1,3,2,2,4,2.31527,1
4,2,1,1447,455026,706274,34013,479975,712505,721746,0.987196,0.991255,0.978563,2,5,0,2.23607,0.353553,1.41421,0.5,1,0.353553,0,3,2,2,6,2.10202,1
4,2,2,701,149008,270725,13895,115401,284045,383450,0.740762,0.953107,0.706025,2,4,0,11,0.790569,13,0.901388,2.23607,0.559017,1,3,2,2,6,1.74456,1
4,2,0,39,51046,57817.7,12770,88934,57644.1,106905,0.539209,1.00301,0.540833,1,1,0,9.05539,0.559017,9,1.06066,1,0.559017,1,3,2,2,4,1.26396,0
4,0,0,3,12360,12880.9,5053,11015,16970.9,12880.9,1.31753,0.758997,1,0,1,0,8.24621,1.06066,8.24621,1.06066,0,0,-1,3,2,2,4,1.09221,0
4,2,2,504,131345,218856,14054,108892,229585,230462,0.996194,0.953269,0.949641,2,5,0,10.0499,0,11.0454,0.353553,1,0.790569,0,3,0,2,5,1.45439,1
4,2,2,84,99550,114135,16639,130111,202064,209063,0.966522,0.564846,0.545937,1,2,0,12.1655,0.901388,13.1529,0.75,0,0.5,0,3,2,2,6,1.86751,1
4,2,2,371,141983,206401,17300,165242,230888,251396,0.918424,0.893945,0.821021,2,1,0,10.0499,0.707107,10.0499,0.707107,0,0,-1,3,1,2,6,1.82259,1
4,1,1,17,22477,25428.8,6631,20589,25798,25689.2,1.00424,0.985687,0.989864,0,1,0,11.1803,0.25,11.1803,0.25,0,0,-1,3,2,2,6,2.012,1
4,2,1,240,89581,131253,11797,96893,154287,158412,0.973959,0.85071,0.828556,1,7,0,2.23607,0.353553,1.41421,0.353553,1,0,1,1,2,2,6,1.71749,1
4,2,1,92,106838,122812,12096,95284,138414,165630,0.835679,0.887284,0.741485,1,2,0,4.12311,0,6.32456,1.06066,2.23607,1.06066,0,3,0,2,6,1.98797,1
4,1,1,16,36337,39115.1,7667,30819,40141.6,39842.9,1.0075,0.97443,0.981734,0,1,0,4.12311,0.25,4.12311,0.25,0,0,-1,3,2,2,6,1.77886,0
4,2,2,65,267857,279143,29869,412081,285417,287455,0.992911,0.978019,0.971085,2,1,0,1.41421,0.25,1.41421,0.5,1,0.25,1,3,2,2,5,1.79546,1
3,2,2,1263,161628,247375,18960,159518,290880,341260,0.852371,0.850435,0.724887,2,3,-1,0,0,0,0,0,0,-1,2,0,2,2,2.07216,1
3,0,0,1,155879,155947,17814,130720,156683,155879,1.00516,0.995302,1.00044,0,1,0,3,0.25,3,0.25,0,0,-1,1,2,1,2,1.16941,0
3,1,0,17,145728,146882,18773,143011,146882,147950,0.992783,1,0.992783,0,3,0,3,0.25,3,0.25,0,0,0,3,2,2,2,1.17949,1
3,2,2,1914,193446,323390,20626,173840,324152,392525,0.825814,0.997647,0.823871,1,3,0,3,0.25,3,0.25,0,0,0,1,2,2,3,2.01333,1
3,2,1,805,108148,162800,14594,99314,171356,340738,0.502897,0.950072,0.477788,2,4,0,21.0238,0.707107,21,0.5,0,0.5,0,3,1,2,3,2.34225,1
3,2,2,1860,166509,292787,16157,116183,313634,433796,0.722999,0.933529,0.674941,2,5,-1,0,0,0,0,0,0,-1,2,0,2,3,2.4351,1
3,2,1,3194,188059,404903,18044,137402,416565,483365,0.861802,0.972005,0.837676,2,2,0,17.4929,0.559017,17,0,1,0.559017,0,3,2,2,3,2.70445,1
3,2,2,1777,197815,318458,19533,163177,458934,542664,0.845706,0.693908,0.586842,2,1,1,55.3624,0.559017,109.481,0.5,55.3624,0.559017,0,3,2,2,3,2.47619,1
3,1,1,15,170286,171304,19075,150549,175196,184672,0.948686,0.977787,0.927612,0,2,0,3,0.25,3,0.25,0,0,-1,3,2,2,3,2.35515,1
3,2,2,454,120960,151783,15305,102657,187705,230546,0.814177,0.808621,0.658361,2,29,0,2,0,2,0.75,0,0.25,0,1,0,2,3,2.04755,1
3,1,1,27,53170,55003.1,9252,38224,56374.4,70272.5,0.802226,0.975675,0.782711,0,2,0,2.82843,0.559017,2.82843,0.559017,0,0,-1,3,2,2,3,1.70343,1
3,1,2,41,77845,80628.5,18958,216554,89941.6,132918,0.676671,0.896454,0.606604,0,107,0,2.82843,0.5,2.82843,0.707107,0,0.5,0,3,1,2,3,1.88393,1
3,2,2,118,153258,161269,20721,174761,162610,239249,0.67967,0.991752,0.674064,1,82,0,3,0.25,2,0,0,0.25,1,3,2,2,3,1.95182,1
3,2,2,1246,175763,260355,17398,139616,357658,358103,0.998759,0.727945,0.727041,2,1,-1,0,0,0,0,0,0,-1,2,0,2,4,1.58612,1
3,1,0,19,176439,177729,19234,151832,177661,179282,0.990959,1.00038,0.991338,0,4,0,3,0.25,3,0.25,0,0,0,3,2,2,4,1.46586,1
3,2,1,328,199262,221530,21403,184335,226929,260519,0.871065,0.976209,0.850341,1,4,0,3,0.25,3,0.25,0,0,-1,3,2,2,5,1.5033,1
3,2,2,2086,163777,305398,17039,134895,381497,360705,1.05764,0.800526,0.84667,2,34,0,3,0.25,3,0.25,0,0,1,3,2,2,6,2.07441,1
3,2,1,97,60199,66784.4,11725,66571,77635.3,109071,0.711787,0.860234,0.612303,2,1,0,21.095,0.901388,21.095,0.353553,1,0.559017,1,3,2,2,6,2.22148,1
3,2,2,1877,105986,233418,13028,83224,238426,308439,0.773006,0.978997,0.75677,2,4,0,19.2354,1.06066,18.4391,0.559017,2.23607,0.901388,0,3,2,2,6,2.09119,1
3,2,1,4509,191447,497568,19647,160821,500880,507579,0.986801,0.993389,0.980277,2,34,-1,0,0,0,0,0,0,-1,2,0,2,6,2.5401,1
3,2,0,1617,93589,203369,12511,73453,203165,221335,0.91791,1.001,0.91883,2,6,0,19.2094,0.790569,23.4307,0.790569,6.08276,0.707107,0,3,2,2,6,2.30657,1
3,2,5,1240,109598,193783,13438,83778,199615,195932,1.0188,0.970783,0.989033,2,6,0,2,0,2,0,0,0,-1,3,0,2,6,2.20274,1
3,2,2,771,117900,170244,14667,92601,203988,205273,0.993739,0.83458,0.829354,2,44,0,1,0.5,1.41421,0.5,1,0,0,3,1,2,6,2.1266,1
3,2,1,341,100919,124070,13981,82933,127317,149039,0.854253,0.974497,0.832468,1,47,0,3.60555,0.707107,3.60555,0.707107,0,0,-1,3,1,2,6,1.87881,1
3,2,2,851,122386,180161,14458,91502,207820,218934,0.949238,0.866909,0.822903,2,47,0,3.60555,0,2.82843,0.5,1,0.5,0,3,0,2,6,1.78861,1
3,2,6,154,160544,170999,20013,165627,179520,179044,1.00265,0.952538,0.955066,2,1,0,1.41421,1.06066,1.41421,1.06066,0,0,-1,3,2,2,6,1.91464,1
3,2,2,2041,176765,315331,15538,118156,372465,429296,0.867618,0.846606,0.73453,1,7,0,73.9256,0.75,123.665,0.790569,50.636,0.25,0,3,2,2,4,2.26438,1
3,2,0,1458,227331,326316,20989,180969,326181,366832,0.889184,1.00042,0.889554,2,2,-1,0,0,0,0,0,0,-1,2,0,2,6,2.22509,1
3,3,0,2483,135008,303582,38767,877501,322319,330362,0.975655,0.941866,0.918936,2,2,-1,0,0,0,0,0,0,-1,0,0,2,6,2.10708,1
3,2,2,495,63931,97537.1,10467,47553,174862,255043,0.685618,0.557795,0.382434,1,15,1,66.3702,0.25,69.4262,0.5,12.6491,0.559017,0,3,2,2,6,2.12089,1
3,2,2,255,93706,111018,14090,86374,128899,133621,0.964657,0.861283,0.830842,1,12,0,21.2132,0.559017,21.2132,0.901388,1,0.353553,1,3,2,2,6,1.9041,1
3,2,2,743,86000,136443,11881,60703,138256,186986,0.739395,0.986884,0.729697,2,8,0,19.2354,1.06066,20.2237,0.75,0,0.25,1,3,2,2,6,2.0734,1
3,2,0,325,103790,125855,12484,77460,125719,208472,0.60305,1.00108,0.603701,2,3,-1,0,0,0,0,0,0,-1,2,0,2,6,2.41288,1
3,2,1,511,78280,112972,11666,69070,118884,154267,0.770635,0.950277,0.732317,2,1,0,20.6155,0.559017,20.8087,0.559017,5,1.06066,1,3,2,2,6,2.34813,1
3,2,1,364,46125,70837.4,8252,31364,76204.1,114999,0.66265,0.929575,0.615983,1,3,0,22.6716,0.790569,22.6716,0.790569,0,0,-1,3,2,2,6,2.01449,1
3,2,2,1773,133366,253737,14650,103748,301955,352476,0.856669,0.840313,0.71987,1,3,0,0,1.06066,1.41421,0.75,1,0.25,1,3,2,2,6,2.09112,1
3,2,1,700,67268,114792,10881,52075,120874,171178,0.706127,0.949684,0.670598,2,1,0,12.1655,0.790569,9.21954,0.75,2.23607,0.901388,0,3,2,2,6,2.07917,1
3,2,2,2958,172185,373007,17392,142442,375076,422507,0.88774,0.994484,0.882844,2,5,0,1,0.901388,5.83095,0.707107,4.24264,0.75,1,3,2,2,6,2.2692,1
3,2,2,147,158576,168556,21033,179497,172627,172288,1.00197,0.976415,0.978338,2,1,0,3,0.25,3,0.25,0,0,-1,3,2,2,6,2.29152,1
3,2,2,541,94551,131280,12967,83089,148358,296106,0.50103,0.884886,0.443355,2,15,0,19,0.901388,19,0.901388,0,0,-1,1,2,2,4,2.36806,1
3,2,2,1080,63146,136468,9585,50031,143651,159816,0.89885,0.950001,0.853908,2,2,-1,0,0,0,0,0,0,-1,2,0,2,6,2.21984,1
3,2,2,511,50753,85445.4,9851,42473,98365.3,138998,0.707675,0.868654,0.614724,1,3,0,31.9061,0.790569,44.0114,0.75,15,0.901388,1,3,2,2,6,2.1655,1
3,2,1,923,91841,154505,11387,54339,180472,183234,0.984925,0.856113,0.843207,1,5,-1,0,0,0,0,0,0,-1,2,0,2,6,2.03785,1
3,2,1,1249,119679,204475,14293,91857,260047,259732,1.00121,0.786302,0.787255,2,12,0,23.0868,0.25,24.0832,0.559017,1,0.790569,0,3,2,2,6,2.05454,1
3,2,0,1163,103901,182858,13372,82630,182723,189067,0.966443,1.00074,0.967161,2,6,0,17.2627,0.901388,18.2483,0.75,1,0.353553,0,3,2,2,6,2.14465,1
3,2,2,320,39265,60990.2,7853,30955,76933.9,70083.9,1.09774,0.792761,0.870245,1,5,0,23.5372,0.559017,25.7099,0.901388,2.82843,0.353553,1,1,2,2,6,2.05193,1
3,2,1,104,28907,35967.7,7491,26227,39853,45570.9,0.874528,0.902508,0.789268,1,1,0,22.6716,0.790569,22.6716,0.790569,0,0,-1,3,2,2,6,1.82985,1
3,3,0,5167,204514,555308,80340,4024054,565524,629292,0.898668,0.981935,0.882433,2,8,-1,0,0,0,0,0,0,-1,0,0,2,6,1.94406,1
3,2,2,2720,155848,340512,16722,130304,360834,445989,0.809066,0.94368,0.763499,2,31,0,5.83095,0.707107,11.6619,0.75,5.65685,0.559017,1,3,1,2,6,2.33913,1
3,2,1,128,37534,46224.1,9733,44387,51679.4,89120.7,0.579881,0.894439,0.518668,1,5,0,16.7631,0.790569,18.6815,0.790569,2,0.707107,0,3,2,2,6,2.10173,1
3,2,1,1582,105620,213024,14086,93300,248907,259147,0.960484,0.855837,0.822018,2,3,0,3.60555,0.707107,4.24264,0.75,2.23607,0.559017,1,3,1,2,6,2.1275,1
3,2,6,942,197769,261723,19425,165181,324406,300804,1.07846,0.806774,0.870076,2,12,0,3.60555,0.559017,3.60555,0.559017,0,0,-1,1,2,2,6,2.25941,1
3,2,2,277,72719,91524.9,10272,54830,107559,156862,0.685695,0.850924,0.583474,1,3,0,21,0.707107,22,1.06066,1,0.353553,0,1,1,2,4,1.98888,1
3,2,1,87,20632,26538.5,6243,18899,30249.6,30832.3,0.9811,0.877319,0.860737,1,1,0,20,0.353553,20,0.353553,0,0,-1,3,2,1,5,1.5387,1
3,1,1,62,27359,31568.3,9562,63146,44527.1,52910.4,0.841556,0.708967,0.596636,0,1,0,21.8403,0,22.1359,0.901388,1,0.901388,1,3,0,2,6,1.64169,1
3,2,2,2029,152482,290233,14543,91013,312649,346147,0.903226,0.928304,0.838469,2,7,0,23.3452,0.901388,25.4951,0.75,2.82843,0.5,0,3,2,2,6,1.97741,1
3,2,1,2098,122637,265073,14885,98227,291916,319963,0.912342,0.908046,0.828448,2,4,0,25.4951,0.353553,30.4138,0.901388,5.09902,0.559017,1,3,2,2,6,2.29297,1
3,2,2,637,55144,98390.7,10130,55156,131407,135376,0.970683,0.748747,0.726796,1,1,0,21.587,0.75,20.2485,0.353553,3.60555,0.559017,1,3,2,2,6,2.24595,1
3,2,2,474,79583,111763,12917,84787,137076,323336,0.423945,0.815336,0.345657,1,17,0,24.0208,0.25,24.0208,0.901388,2,0.790569,0,3,2,2,6,1.92926,1
3,2,1,296,32865,52960.8,7615,25663,54285.5,86664.8,0.626384,0.975598,0.611099,2,1,-1,0,0,0,0,0,0,-1,2,0,2,6,1.80727,1
3,2,2,2950,193403,393682,18997,164785,487535,456132,1.06885,0.807494,0.863089,2,8,0,71.5542,0.790569,127.389,0.790569,56.6127,0.707107,1,3,2,2,6,2.11837,1
3,2,0,2241,119473,271617,14486,101980,271414,282396,0.961109,1.00075,0.96183,1,1,0,4.24264,0.559017,3.60555,0.559017,1,0,0,3,2,2,6,2.30152,1
3,2,1,1672,105442,218956,13795,87175,220667,264550,0.834121,0.992247,0.827654,2,1,1,6.7082,1.06066,12.0416,0,5.65685,0.353553,0,3,2,2,6,2.18252,1
3,2,1,2753,145069,331973,15934,116608,339909,391630,0.867934,0.976654,0.847671,2,6,0,4.47214,0.25,6.32456,0.559017,2,0.5,1,3,2,2,6,2.16731,1
3,2,2,815,117348,172679,15074,115546,219364,217369,1.00918,0.787182,0.794407,1,1,0,3.60555,0.901388,1.41421,0.5,2,0.75,0,3,2,2,6,2.37825,1
3,2,2,5235,208131,563541,19958,168256,576345,630544,0.914044,0.977785,0.893738,2,1,0,22,0.353553,22,0.75,1,0.559017,0,3,2,2,4,2.00517,1
3,2,2,2327,132871,290854,14471,109197,308615,330447,0.933932,0.94245,0.880184,2,1,0,21.587,0.559017,23.7697,1.06066,5.09902,0.559017,0,3,2,2,6,1.82989,1
3,2,2,153,57590,67977.4,8803,49475,73424.3,97398.5,0.753855,0.925815,0.69793,2,1,0,22.3607,0.790569,23.0217,0.75,2,0.559017,0,3,2,2,6,1.75354,1
3,2,1,175,61343,73224,9317,45613,87700.2,108049,0.811671,0.834935,0.677692,1,1,0,23.0868,0.75,23.0868,1.06066,0,0.25,0,3,2,2,6,1.90522,1
3,2,2,1923,123461,254016,14963,102473,275330,294967,0.933426,0.922585,0.861165,2,15,0,25.4951,0.901388,25.4951,0.5,1,0.75,1,3,2,2,6,2.2931,1
3,2,1,411,85645,113548,12613,76871,128714,152525,0.843889,0.882176,0.744459,1,1,0,23.3452,1.06066,23.3452,0.901388,1,0.25,1,3,2,2,6,2.16674,1
3,2,0,891,108625,169116,14232,94690,168980,279056,0.605543,1.0008,0.606029,1,3,-1,0,0,0,0,0,0,-1,2,0,2,6,2.03328,1
3,2,2,705,72389,120252,10855,60981,123070,182074,0.675932,0.977108,0.660458,2,1,-1,0,0,0,0,0,0,-1,2,0,2,6,1.93725,1
3,2,2,1908,93644,223180,10868,71566,235347,250485,0.939564,0.948305,0.890993,1,6,0,18.4391,0.790569,16.1245,0.25,6.40312,0.75,0,3,2,2,6,2.1426,1
3,2,2,1073,78075,150922,11434,67474,158657,203669,0.778993,0.95125,0.741017,2,3,0,4.47214,0.790569,2.23607,1.06066,2,0.5,0,3,2,2,6,2.26944,1
3,2,1,949,87723,152152,11989,64733,156790,199103,0.787482,0.970415,0.764185,1,1,0,21.5407,0.75,17.4642,0.790569,4.12311,0.75,1,3,2,2,6,2.21122,1
3,2,1,349,53500,77194,8943,40953,83899.6,98218,0.854219,0.920076,0.785946,2,2,0,4.12311,0,9,0.707107,5.09902,0.707107,1,3,0,2,6,2.13187,1
3,2,2,1892,145714,274164,16984,127242,302938,343640,0.881557,0.905016,0.797824,2,1,0,3.60555,0.5,4.47214,0.707107,1,0.5,1,3,1,2,6,2.2,1
3,2,6,377,248616,274211,21850,189366,323209,333701,0.968558,0.848402,0.821726,1,4,-1,0,0,0,0,0,0,-1,2,0,2,4,2.45455,1
3,2,2,4013,197103,469550,18869,155599,555853,557393,0.997238,0.844738,0.842405,1,4,0,3,0.25,3,0.25,0,0,0,3,2,2,6,2.15126,1
3,2,0,233,33820,49638.6,7514,29372,49502.9,65306.9,0.758003,1.00274,0.760083,1,6,0,24.3516,0.25,24.6982,1.06066,1,0.901388,1,3,2,2,6,2.06428,1
3,2,2,86,30146,35984.6,7749,34317,36149,49138.6,0.735653,0.995454,0.732309,2,5,0,26.2488,0.5,25.7099,0.901388,1,0.901388,0,3,1,2,6,1.83512,0
3,2,1,579,51419,90728,9501,47077,104126,113957,0.913728,0.87133,0.796158,2,13,0,23.5372,1.06066,24.7386,0,2,0.353553,0,3,2,2,5,1.70625,1
3,2,1,565,85198,123557,12860,73988,139261,139717,0.996737,0.887227,0.884332,2,20,0,23.5372,0.353553,22.561,0.559017,1,0.75,1,3,2,2,6,2.12669,1
3,2,1,676,117249,163143,13466,91740,186520,185454,1.00575,0.874672,0.879697,2,1,-1,0,0,0,0,0,0,-1,2,0,2,6,2.09739,1
3,2,0,607,51808,93018,9317,45329,92814.3,98026.7,0.946827,1.00219,0.948905,2,14,0,21.0238,0.790569,21.2132,0,1.41421,1.06066,0,3,2,2,6,2.04703,1
3,3,0,1466,83924,183452,30827,647371,201505,235749,0.854746,0.910411,0.77817,1,1,-1,0,0,0,0,0,0,-1,0,0,2,6,2.06115,1
3,2,1,1295,136921,224840,12270,83138,227929,245490,0.928467,0.986449,0.915885,2,1,0,2,0.25,2,0.707107,0,0.559017,0,3,2,2,6,2.18785,1
3,2,1,684,64643,111081,9597,55587,130873,154436,0.847426,0.848766,0.719266,2,3,0,6.32456,0.559017,10,0.790569,5,0.25,0,3,2,2,6,2.15535,1
3,2,1,165,30123,41325,7643,26681,45308.3,45464.8,0.996557,0.912086,0.908946,1,3,0,5,0.901388,6.7082,0.790569,2.82843,0.559017,1,1,2,2,6,2.04884,1
3,2,1,947,209663,273956,18504,148724,274342,310812,0.882662,0.998592,0.881419,2,2,1,8.06226,0.901388,8.06226,0.75,1,0.5,1,3,2,2,6,2.15683,1
4,2,2,566,215622,313899,29824,395898,324178,356339,0.909746,0.968291,0.880899,2,109,1,7.07107,0.5,14.0357,0,7.07107,0.5,1,1,1,2,2,1.84117,1
4,1,0,16,160995,163773,19205,152609,163600,167982,0.973913,1.00106,0.974947,0,2,0,2,0.25,2,0.25,0,0,0,3,2,0,1,0.733333,0
4,0,0,2,149826,150173,17676,127480,151097,150173,1.00615,0.993885,1,0,2,0,2,0.25,2,0.25,0,0,-1,3,2,2,2,0.846154,0
4,2,2,481,232280,315798,31990,451986,317824,384462,0.826672,0.993624,0.821401,1,24,0,2,0.25,2,0.25,0,0,-1,3,2,2,2,1.53874,1
4,2,0,121,111421,132431,19345,177179,132431,355354,0.372673,1,0.372673,1,1,0,10,0.559017,10.0499,0.5,1.41421,0.25,1,3,2,2,3,2.0896,1
4,2,2,878,250339,402790,22065,233321,560647,758999,0.738666,0.718437,0.530686,2,5,0,10.0499,0.353553,10.0499,0.25,1,0.75,0,3,2,2,3,2.22588,1
4,2,2,535,334884,427778,24224,286830,516964,535085,0.966134,0.827482,0.799458,2,5,0,9.43398,0.5,9.43398,0.75,1,0.25,0,3,1,2,3,2.44055,1
4,2,2,588,313608,415705,28872,383016,493344,510042,0.967261,0.842627,0.81504,2,1,0,8.544,0.790569,8.24621,0.75,1,0.559017,0,3,2,2,3,2.25719,1
4,1,1,19,163758,167057,19187,150433,167381,178010,0.94029,0.998063,0.938469,0,11,0,2,0.25,2,0.25,0,0,-1,3,2,2,3,2.12623,1
4,1,2,34,105821,111725,13904,86632,120686,124699,0.967815,0.925747,0.895952,0,2,0,2,0.25,2,0.25,0,0,0,3,2,2,3,1.66934,1
4,1,0,20,54881,58353.7,9798,43206,58353.7,66723.3,0.874563,1,0.874563,0,1,0,1.41421,0.75,2.23607,0.353553,1,0.559017,1,3,2,2,3,1.4375,0
4,1,2,23,80367,84360.6,12633,69905,85338.8,98904.9,0.862837,0.988537,0.852946,0,1,0,1.41421,0.75,1.41421,0.75,0,0,-1,3,2,2,2,1.14583,0
4,1,0,15,149316,151921,18327,143071,151747,162894,0.931569,1.00114,0.932635,0,1,0,2,0.25,2,0.5,1,0.25,0,3,2,2,2,1.24003,0
4,2,2,660,247683,362281,27338,352378,408788,407572,1.00298,0.886234,0.888877,2,1,0,14.2127,0.559017,15.6205,0.790569,2.23607,0.901388,1,3,2,2,4,1.6929,1
4,0,0,2,181141,181488,19549,153581,183398,181315,1.01149,0.989586,1.00096,0,9,0,2,0.25,2,0.25,0,0,-1,3,2,2,4,1.22906,0
4,2,0,393,235389,303627,33088,464042,316334,303627,1.04185,0.95983,1,1,4,0,2,0.25,2,0.25,0,0,-1,3,2,2,2,1.01257,1
4,2,2,785,259539,395842,22263,275183,497936,486192,1.02416,0.794964,0.814168,2,7,0,2,0.25,2,0.25,0,0,-1,3,2,2,5,1.62743,1
4,2,0,64,100074,111187,15803,130095,110839,149457,0.741611,1.00313,0.743935,2,1,0,10.0499,0.353553,10.0499,0.25,1,0.75,1,3,2,2,6,1.81165,1
4,2,0,542,119854,213964,14135,130995,213616,320797,0.665892,1.00163,0.666975,1,4,0,9.05539,0.559017,8.06226,0.790569,1.41421,0.25,0,3,2,2,6,1.99938,1
4,2,1,2625,373912,829701,25697,306075,860573,925846,0.929499,0.964126,0.896155,2,22,0,7.81025,0.707107,8.06226,0.5,3.60555,0.5,1,3,1,2,6,2.3,1
4,2,1,274,110313,157889,15610,118268,163016,211208,0.771824,0.968549,0.747549,2,3,0,10.7703,0.75,13.3417,0.901388,3.16228,0.5,0,3,2,2,6,1.9484,1
4,2,4,623,137448,245622,15703,138121,279974,246382,1.13634,0.877304,0.996915,1,5,0,2,0.25,2,0.25,0,0,-1,3,2,2,6,1.76251,1
4,2,2,201,138557,173457,19899,169431,196125,213537,0.918457,0.884425,0.812307,1,32,0,1,0.353553,1.41421,0.353553,1,0,0,3,2,2,6,1.50777,1
4,2,1,114,118205,137999,17383,138487,140683,148992,0.944233,0.980923,0.926219,1,28,0,1.41421,0.75,1.41421,0.75,0,0,-1,3,2,2,4,1.22525,1
4,1,2,26,142712,147226,17368,155502,170027,195087,0.871541,0.865903,0.75467,0,18,0,2.82843,0.353553,2.82843,0.353553,0,0,-1,3,2,2,3,1.06794,1
4,0,0,4,149525,150220,17362,125494,151956,150046,1.01273,0.988573,1.00116,0,1,0,2,0.25,2,0.25,0,0,-1,3,2,2,3,1.14416,1
4,2,5,858,289780,438758,24507,305587,563473,456107,1.2354,0.778667,0.961963,1,7,0,2,0.25,2,0.25,0,0,-1,3,2,2,4,1.81653,1
4,2,0,915,316443,475318,30491,441285,476801,475144,1.00349,0.996889,1.00037,2,3,0,2,0.25,2,0.25,0,0,-1,3,2,2,4,1.87834,1
4,2,2,350,136356,197128,14874,132636,223807,236945,0.94455,0.880795,0.831955,2,1,0,12.8062,0.353553,13.4536,1.06066,3,0.707107,1,3,2,2,5,1.79996,1
4,2,2,393,91019,159257,13342,83282,234892,218156,1.07671,0.678001,0.730014,1,1,0,13.4164,0.790569,15.6525,0.559017,3.16228,0.559017,0,1,2,2,6,2.03605,1
4,1,0,26,81120,85634.5,14454,117386,85287.2,122255,0.69762,1.00407,0.700461,0,3,0,10.0499,0.707107,11.0454,0.707107,1,0,1,3,1,2,6,1.82517,0
4,1,0,18,59665,62790.4,9696,43562,62616.8,63092.5,0.992459,1.00277,0.995211,0,1,0,9.05539,0.559017,9.05539,0.5,1,0.25,1,3,2,2,5,1.74783,0
4,2,2,892,152486,307367,15018,124786,344862,429614,0.802726,0.891276,0.71545,1,5,0,9,0.559017,9.05539,0.75,0,0.790569,0,3,2,2,5,1.69844,1
4,1,0,26,85277,89791.5,11304,90118,89617.8,98780.5,0.907242,1.00194,0.909,0,10,0,11.4018,0.707107,12.8062,0.707107,1.41421,0,0,3,1,2,6,1.94189,1
4,2,1,100,79567,96930.4,12345,74547,100393,137096,0.73228,0.965513,0.707026,1,17,0,13.6015,0.790569,15,0,2.82843,0.790569,0,3,2,2,6,1.71453,1
4,2,2,817,181050,322909,19222,197376,418934,577329,0.725641,0.770788,0.559315,2,2,0,0,0.790569,5,0.5,4.12311,0.790569,1,3,2,2,6,2.01582,1
4,2,2,192,73092,106430,14053,101653,110582,118773,0.931036,0.962453,0.896078,2,2,0,6,0.790569,6,0.353553,1,0.5,0,3,2,2,6,1.96179,1
4,2,2,927,304787,465746,23274,272936,500159,584180,0.856173,0.931194,0.797263,1,5,0,1,0.790569,2.82843,0.353553,1.41421,0.5,1,3,2,2,6,1.94924,1
4,0,0,5,152210,153078,17749,129943,154641,152731,1.01251,0.989895,1.00227,0,1,0,2,0.25,2,0.25,0,0,-1,3,2,2,6,1.84205,0
4,2,2,85,100859,115618,16224,129630,167480,258417,0.648098,0.69034,0.447408,2,4,0,9.05539,0.790569,10.0499,0.559017,1.41421,0.559017,0,1,2,2,4,2.14187,1
4,2,2,122,94116,115299,13107,94059,150543,155665,0.967098,0.765889,0.74069,1,2,-1,0,0,0,0,0,0,-1,2,0,2,6,2.04817,1
4,2,1,212,70648,107458,11394,57632,117397,148894,0.788458,0.915344,0.72171,2,7,0,14.8661,0.559017,17.4642,0.75,6.32456,0.353553,1,3,2,2,6,1.86421,1
4,2,1,324,103557,159814,15456,98918,171366,193897,0.883802,0.932589,0.824224,1,5,-1,0,0,0,0,0,0,-1,2,0,2,6,1.6516,1
4,2,1,433,163905,239088,18659,162277,282720,274442,1.03016,0.845673,0.871181,2,1,0,10.0499,0.707107,10.0499,0.707107,0,0,-1,3,1,2,4,1.45912,1
4,1,1,50,95685,104367,16682,210252,156991,167993,0.934509,0.664795,0.621256,0,21,0,8.06226,0.707107,8.06226,0.790569,1.41421,0.353553,0,3,1,2,3,1.32593,1
4,2,2,173,76783,106822,12555,84411,131065,128585,1.01929,0.815029,0.830747,2,1,0,11.1803,1.06066,12.1655,0,1,0.353553,0,1,2,2,5,1.37437,1
4,1,1,42,37128,44420.6,8754,57952,50311,54666,0.920334,0.88292,0.812582,0,6,0,10.6301,0.707107,10.6301,0.707107,0,0,-1,3,1,2,6,1.55497,1
4,2,1,3094,454936,992159,26608,340118,1.01335e+06,1.11527e+06,0.908621,0.979085,0.889617,2,22,0,10.6301,0.559017,8.94427,0.5,2,0.25,1,3,2,2,6,1.81988,1
4,2,2,1043,289672,470772,22782,255604,564629,683215,0.82643,0.833773,0.689055,2,56,0,2.23607,1.06066,2.23607,0.901388,0,0.25,0,3,2,2,6,2.16538,1
4,1,0,32,40192,45748.3,11081,121535,45401,98121.4,0.462703,1.00765,0.466242,0,33,0,7.28011,0.790569,8.544,0.5,2.23607,0.353553,0,3,2,2,6,1.8411,0
4,2,1,429,143863,218352,18889,169965,236380,342136,0.690893,0.923734,0.638202,2,3,0,2.23607,0.25,3.16228,0.901388,1.41421,0.790569,1,3,2,2,5,1.45485,1
4,1,2,25,216520,220861,22714,314490,246523,300190,0.821225,0.895903,0.735738,0,1,0,2,0.5,2,0.75,1,0.25,1,3,1,2,4,1.6798,1
4,1,2,31,57153,62535.7,12267,87639,66810.1,92717.6,0.720576,0.936021,0.674474,0,8,0,10.0499,0.707107,10.198,0.559017,0,0.75,1,1,1,2,4,1.5533,0
4,0,0,2,41172,41519.3,7072,29616,42904.3,41519.3,1.03336,0.967718,1,0,1,0,10.0499,0.25,10.0499,0.25,0,0,-1,3,2,2,5,1.26281,0
4,1,2,25,14879,19219.8,6234,34354,21095.7,21491.5,0.98158,0.911081,0.894298,0,2,0,10.0499,0.25,10.0499,0.25,0,0,-1,3,2,2,5,1.31924,0
4,2,1,320,168164,223727,19035,161309,239793,312911,0.766332,0.932998,0.714986,2,4,0,10.198,0.901388,9.05539,0.75,2,1.06066,0,3,2,2,5,1.79833,1
4,2,2,524,188361,279345,18043,157983,283902,407918,0.695979,0.983949,0.684808,2,2,0,12.1655,0,13.0384,0.790569,1.41421,0.353553,0,3,0,2,6,2.05,1
4,1,1,36,59445,65695.8,10259,79207,68121.5,75784,0.89889,0.964392,0.866882,0,4,0,11.1803,0.901388,11.1803,0.5,1,0.25,1,3,2,2,6,1.96016,1
4,1,2,46,110451,118438,31151,952735,133387,405774,0.328722,0.887932,0.291882,0,86,0,12,0,12.0416,0.790569,1,0.790569,0,3,0,2,6,1.59054,1
4,2,2,57,37976,47873.1,11087,63885,84080.4,86445.5,0.97264,0.569373,0.553796,1,1,0,11,0,11,0,0,0,-1,3,0,2,6,1.63636,1
4,2,0,1019,319678,496611,25841,355073,496264,526018,0.943434,1.0007,0.944095,1,2,0,2,0.25,4.47214,0.559017,4,0.5,1,3,2,2,6,1.97375,1
4,2,1,1033,152698,332062,19731,200499,351779,446208,0.788375,0.94395,0.744186,1,4,0,2.23607,0.901388,2.82843,0.901388,1.41421,0.790569,0,3,2,2,6,1.99068,1
4,2,2,790,188558,325729,19138,176482,326637,390228,0.837041,0.99722,0.834715,2,3,1,5.83095,0.901388,70.1142,0.790569,64.0312,0.559017,0,3,2,2,4,1.64735,1
4,2,6,644,245494,357314,20590,215568,391284,434941,0.899626,0.913184,0.821524,2,2,0,5.09902,0.559017,5.09902,0.559017,0,0,-1,3,2,2,5,1.70698,1
4,1,2,16,125717,128495,15022,132262,134133,180017,0.745116,0.957966,0.713795,0,2,0,2,0.5,2,0.5,0,0,-1,3,1,2,6,1.98756,1
4,2,2,2108,410627,776647,27763,351807,810417,824297,0.983162,0.95833,0.942193,2,1,0,10.0499,0.901388,11.0454,0.901388,0,0.790569,0,1,2,2,2,1.26272,1
4,2,2,1819,357935,673775,23920,302930,687698,820355,0.838293,0.979755,0.821322,2,1,0,9.05539,1.06066,9.48683,0.901388,2.23607,0.25,1,3,2,2,3,1.24389,1
4,1,0,22,48591,52410.9,11516,102942,52237.3,67595.2,0.772797,1.00332,0.775365,0,8,0,10.0499,1.06066,11.1803,0.353553,1,0.707107,1,3,2,2,3,1.2697,0
4,1,2,28,47712,52573.7,9980,63812,65732,105234,0.624626,0.79982,0.499589,0,3,0,10.0499,1.06066,10.0499,1.06066,0,0,-1,3,2,2,4,1.1965,1
4,2,1,374,128184,193123,17122,146004,221563,258832,0.85601,0.871641,0.746133,1,10,0,12.1655,0.901388,13.1529,0.790569,1,0.25,1,3,2,2,6,1.87507,1
4,1,2,36,86131,92381.8,14262,126032,98535.9,140373,0.701958,0.937544,0.658117,0,1,0,11.1803,0.790569,10.198,1.06066,1,0.5,1,3,2,2,6,1.73833,0
4,1,2,21,81985,85631.3,13387,186533,90039.8,193472,0.46539,0.951039,0.442604,0,12,0,12.0416,0.353553,12.0416,0.353553,0,0,-1,3,2,2,5,1.2326,1
4,2,2,349,144549,205147,18224,168606,281511,405265,0.694633,0.728737,0.506205,1,3,0,11.0454,0.25,11.1803,0.5,1,0.25,1,3,2,2,6,1.57422,1
4,2,1,499,123940,210583,11758,101052,228509,286729,0.796949,0.921555,0.734433,1,1,0,6.32456,0.353553,11.6619,0.75,5.83095,0.901388,1,3,2,2,6,1.91302,1
4,2,1,130,104716,127288,13724,108418,130141,178735,0.728125,0.978079,0.712164,1,2,0,1.41421,0,2.23607,0.75,1,0.25,1,3,0,2,6,2.24657,1
4,2,6,313,107062,161409,15560,116056,184798,187220,0.987065,0.873437,0.86214,2,1,0,7,0.901388,7,0.901388,0,0,-1,3,2,2,6,2.13679,1
4,2,2,68,53281,65088.1,13420,83708,74766.2,85695,0.872468,0.870556,0.759532,2,1,0,0,0.559017,0,0.559017,0,0,-1,3,2,2,6,1.96871,1
4,1,1,41,262820,269939,24190,417982,330775,398379,0.830302,0.81608,0.677593,0,24,0,3.16228,0.559017,3.60555,0.790569,1.41421,0.25,0,3,2,2,6,1.90035,1
4,1,6,14,254363,256794,25816,309242,282485,294295,0.959873,0.909052,0.872574,0,2,-1,0,0,0,0,0,0,-1,2,0,2,4,2.14088,1
4,2,2,2385,506722,920839,33141,489791,959496,949254,1.01079,0.959711,0.970066,2,2,0,2,0.25,2,0.25,0,0,-1,1,2,2,6,1.86684,1
4,1,2,28,51804,56665.7,9080,69766,71711.4,79829.7,0.898304,0.790192,0.709833,0,6,0,11.6619,1.06066,12.2066,0.5,1.41421,1.06066,0,1,2,2,4,1.61754,1
4,1,0,31,35605,40987.7,9367,84909,40640.4,86110.2,0.471958,1.00854,0.475991,0,11,0,12.6491,0.75,12.3693,0.5,0,0.901388,0,3,2,1,4,1.02914,0
4,2,1,177,59090,89823.2,9487,49337,105522,100344,1.05161,0.851226,0.895154,1,1,-1,0,0,0,0,0,0,-1,2,0,2,5,0.99405,1
4,2,1,130,98177,120749,17483,139351,122790,131341,0.934898,0.983378,0.919358,2,1,0,11.1803,0.901388,11.1803,0.5,1,0.25,1,3,2,2,4,1.37595,1
4,2,2,97,117454,134296,16859,151539,151297,197791,0.764934,0.887633,0.67898,1,1,0,11.1803,0.707107,11.1803,0.707107,0,0,-1,3,1,2,5,1.45387,1
4,1,6,11,91349,93259,13142,131000,104634,125828,0.831561,0.891292,0.741163,0,4,0,11.0454,0.353553,11.0454,0.353553,0,0,-1,3,2,2,6,1.64716,1
4,2,1,342,145990,205373,12530,116124,218109,249070,0.875695,0.941607,0.82456,1,1,0,7.28011,0.75,5.38516,0.75,2,0,0,3,2,2,6,1.85143,1
4,2,0,311,181341,235341,16560,183402,234994,299883,0.783619,1.00148,0.784777,2,1,0,2,0.25,2,0.75,1,0.5,0,3,2,2,6,2.0741,1
4,2,1,47,79577,87737.8,11527,84727,107047,126429,0.846698,0.819617,0.693969,2,7,0,2.23607,0.559017,3.60555,0.559017,2,0,0,1,2,2,6,1.97142,1
4,1,2,30,27611,32820,7150,26978,32645.8,35531.5,0.918785,1.00534,0.923687,0,1,0,3,0.790569,3,0.790569,0,0,-1,3,2,2,6,1.75312,1
4,2,0,207,249640,285582,28656,388374,285235,346612,0.822923,1.00122,0.823924,2,64,0,2,0.5,2,0.75,1,0.25,1,3,1,2,6,2.00728,1
4,2,2,199,155965,190518,23856,284068,421695,405921,1.03886,0.451791,0.469348,2,5,-1,0,0,0,0,0,0,-1,2,0,2,2,2.12385,1
4,1,0,22,151006,154826,18766,145480,154652,159671,0.968571,1.00112,0.969658,0,3,1,4,0.5,4,0.75,1,0.25,1,3,1,1,2,1.20513,0
4,0,0,2,145649,145996,17111,121387,147495,145996,1.01027,0.989839,1,0,3,1,4,0.5,4,0.5,0,0,-1,3,1,2,2,1,0
4,2,2,692,236096,356251,27389,340729,604205,573214,1.05406,0.589619,0.621496,2,1,0,2,0.25,2,0.25,0,0,0,3,2,2,2,1.61874,1
4,2,2,1108,202513,394899,21203,212325,400957,428918,0.93481,0.984892,0.920687,2,10,0,10.198,0.75,10.198,0.75,0,0,-1,3,2,2,3,2.30714,1
4,2,2,234,169033,209663,18235,163167,249014,388926,0.640261,0.841974,0.539083,2,2,-1,0,0,0,0,0,0,-1,2,0,2,3,2.37909,1
4,2,2,553,352374,448394,26485,328427,457084,493114,0.926935,0.980986,0.909311,1,2,0,8.94427,0.559017,8.544,0.75,1,0.353553,0,3,2,2,3,2.41974,1
4,2,2,731,279196,406122,27492,356048,586876,589108,0.996212,0.692007,0.689386,1,1,0,7.07107,0.559017,5.38516,0.25,2.23607,0.707107,0,3,2,2,3,2.346,1
4,1,1,21,158433,162079,18442,141138,162742,171053,0.951413,0.995927,0.947538,0,2,1,4,0.559017,4,0.559017,0,0,-1,3,2,2,3,2.24123,0
4,1,2,33,166562,172292,21344,206728,305305,280547,1.08825,0.564327,0.614128,0,7,0,2,0.25,2,0.25,0,0,0,3,2,2,2,1.55591,1
4,1,0,17,58406,61357.8,9797,43689,61184.1,62109.9,0.985095,1.00284,0.98789,0,1,0,3.16228,0.901388,3.16228,1.06066,1,0.25,0,3,2,2,3,1.57738,0
4,1,2,23,84524,88517.6,12980,87120,88602.7,91006.2,0.97359,0.99904,0.972655,0,1,0,3.16228,0.901388,3.16228,0.901388,0,0,-1,3,2,2,2,1.21726,0
4,1,2,29,149798,154833,19644,165678,163280,198593,0.822183,0.94827,0.779652,0,14,0,2,0.25,1,0,0,0.25,1,3,2,2,2,1.41444,0
4,2,2,452,213694,292177,21910,260288,531119,393575,1.34947,0.550115,0.742365,1,2,0,14.2127,0.901388,16.2788,0.790569,2.23607,0.75,1,3,2,2,4,1.53,1
4,0,0,3,177616,178137,19419,150009,180483,177963,1.01416,0.986999,1.00098,0,4,1,4,0.5,4,0.5,0,0,-1,3,1,2,4,1.24716,0
4,2,0,96,200420,217089,31429,425389,217783,216915,1.004,0.996811,1.0008,1,22,0,2,0.25,2,0.25,0,0,-1,3,2,2,2,1.05792,1
4,2,2,917,257713,416935,25313,301355,607922,655643,0.927215,0.685837,0.635918,2,6,0,2,0.25,2.23607,0.353553,1,0.25,1,3,2,2,5,1.78829,1
4,1,0,20,47115,50587.7,8614,39308,50414,52143.6,0.96683,1.00344,0.97016,0,2,0,11.7047,0.25,10.7703,0.707107,1.41421,0.559017,0,3,2,2,6,1.92782,0
4,2,4,996,188162,361101,17981,181207,454837,473451,0.960684,0.793915,0.762701,2,3,0,8.94427,0.559017,8.94427,0.559017,0,0,-1,3,2,2,5,1.86088,1
4,2,1,1068,325016,510457,25467,289401,535322,628884,0.851225,0.953551,0.811687,2,23,0,8.94427,0.559017,8.94427,0.790569,1,0.559017,0,3,2,2,6,2.43107,1
4,2,1,813,217372,358536,19491,194303,389307,393124,0.99029,0.92096,0.912017,2,1,0,9.48683,0.901388,11.1803,0.707107,2.23607,0.75,0,3,2,2,6,1.94519,1
4,2,1,212,124687,161497,17995,168913,179359,186002,0.96428,0.900417,0.868254,2,5,0,2.23607,0.353553,2.23607,0.559017,1,0.25,1,3,2,2,4,1.80028,1
4,2,2,264,148842,194681,19904,177028,197051,200705,0.981793,0.987975,0.969987,2,30,0,2.23607,0.25,2,0.790569,0,0.559017,1,3,2,2,5,1.46602,1
4,1,0,19,97184,100483,12899,82099,100309,118222,0.848487,1.00173,0.849956,0,3,0,3.16228,0.75,4.12311,0.901388,1,0.5,1,3,2,2,4,1.18132,0
4,2,2,142,119099,143755,18649,150039,156382,161345,0.969245,0.919253,0.890981,1,35,0,3.16228,0.75,3.16228,0.75,0,0,-1,3,2,2,2,0.727028,1
4,1,6,12,152963,155047,21943,224087,215148,236350,0.910293,0.720651,0.656004,0,7,0,2.23607,0.901388,2.23607,0.901388,0,0,-1,3,2,2,3,1.22873,1
4,2,5,1423,304068,551149,21042,245870,593264,561582,1.05642,0.929011,0.981422,2,1,0,2,0.353553,2,0.353553,0,0,-1,3,2,2,4,1.81653,1
4,2,6,207,241467,277409,34543,505299,285401,304082,0.938569,0.971997,0.912286,1,90,1,4,0.5,4,0.5,0,0,-1,3,1,2,4,1.88147,1
4,2,7,932,271534,433361,25612,317942,558231,538385,1.03686,0.77631,0.804927,2,3,0,2,0.25,2,0.25,0,0,-1,3,2,2,5,1.84877,1
4,2,6,167,78197,107194,14465,99909,128840,144976,0.888697,0.831992,0.739389,2,6,0,7.07107,0.25,7.07107,0.25,0,0,-1,1,2,2,6,1.77202,1
4,2,0,54,80535,89911.2,17284,136454,89911.2,91869.5,0.978685,1,0.978685,1,6,0,10.7703,0.790569,10.4403,0.75,0,0.25,1,3,2,2,4,1.76518,1
4,2,0,878,166033,318484,16720,135876,323308,318136,1.01626,0.985079,1.00109,1,4,0,10.7703,0.901388,10.7703,0.901388,0,0,-1,3,2,2,5,1.70881,1
4,2,1,226,134926,174167,18183,170021,178405,259934,0.686347,0.976249,0.670045,2,3,0,7.81025,0.790569,7.07107,0.5,1.41421,0.790569,1,3,2,2,6,2.23632,1
4,1,2,41,109213,116332,14525,148035,117228,158331,0.740403,0.992353,0.734741,0,1,0,8.06226,0.75,8.06226,0,1,0.25,1,3,2,2,6,2.14915,1
4,2,4,87,51350,66456.2,10391,50789,84819.1,88279.3,0.960804,0.783505,0.752794,2,1,0,3.16228,0.559017,3.16228,0.559017,0,0,-1,3,2,2,6,1.86827,1
4,2,2,1077,199293,386297,17870,161130,413151,475363,0.869128,0.935,0.812634,1,68,0,2,0.25,4.24264,0.25,5.83095,0.5,1,3,2,2,6,1.77792,1
4,2,4,457,114619,193970,15555,115353,258245,234834,1.09969,0.751106,0.825985,2,2,0,3.16228,0.75,3.16228,0.75,0,0,-1,3,2,2,4,1.729,1
4,2,2,785,288245,424548,22444,247388,439872,550202,0.799475,0.965161,0.771622,2,3,0,3,0.5,5.09902,0.559017,2.23607,0.25,1,3,1,2,5,1.89665,1
4,2,2,108,161760,180512,33909,505639,182129,180189,1.01077,0.991124,1.0018,2,1,0,2,0.25,2,0.25,0,0,-1,3,2,2,6,2.07799,1
4,1,2,30,91370,96579,16967,223031,104791,462512,0.226569,0.921635,0.208814,0,5,0,12.3693,0.790569,12.3693,0.707107,0,0.353553,0,1,2,2,4,2.126,1
4,2,4,596,168165,271651,17391,181743,447436,355034,1.26026,0.607128,0.765141,2,1,-1,0,0,0,0,0,0,-1,2,0,2,6,2.01715,1
4,2,2,324,111023,167280,13944,86932,181293,237755,0.762519,0.922708,0.703583,1,4,0,15.2315,0.75,17.088,0.25,2,0.5,1,3,2,2,6,2.02458,1
4,2,1,93,129085,145233,16930,128112,155797,155252,1.00351,0.932196,0.935468,1,4,0,11.4018,0.5,11.4018,0.5,0,0,-1,3,1,2,6,1.79204,1
4,2,1,115,110685,130653,17329,143109,154920,207314,0.747272,0.843357,0.630217,1,2,0,10.7703,0.559017,9.84886,0.707107,1.41421,0.25,0,3,2,2,6,2.01223,1
4,2,7,980,177581,347742,18825,163429,353498,408099,0.866206,0.983719,0.852103,1,1,0,9.84886,1.06066,9.84886,1.06066,0,0,-1,3,2,2,6,1.79673,1
4,1,5,16,29907,32685.1,7054,25508,33728.3,84231.1,0.400426,0.969071,0.388041,0,27,-1,0,0,0,0,0,0,-1,2,0,2,6,1.9304,1
4,1,2,31,24894,30276.7,7373,27233,30729.8,42366.8,0.725329,0.985252,0.714632,0,1,0,8.94427,0.75,9.84886,1.06066,1,0.75,1,3,2,2,6,1.5321,0
4,2,0,2059,339941,697453,22054,253428,697280,775280,0.899391,1.00025,0.899615,2,3,0,8.94427,0.901388,9.84886,0.353553,1,0.559017,0,3,2,2,5,1.75578,1
4,2,2,997,236252,409365,21217,224091,416813,524482,0.794714,0.982132,0.780514,1,7,0,1.41421,0.901388,2,0.790569,1.41421,0.559017,0,3,2,2,6,2.25811,1
4,1,2,30,37993,43202,8748,37552,46904.8,52472.5,0.893893,0.921057,0.823326,0,4,0,12.3693,0.707107,13.6015,0.790569,2,0.790569,1,3,1,2,6,2.07185,0
4,2,1,580,167949,268657,18362,166394,318898,388055,0.821786,0.842452,0.692315,2,3,0,1,0.25,2.23607,0.75,1.41421,0.5,1,3,2,2,5,1.84351,1
4,2,2,588,236199,338296,29357,399533,413689,442358,0.935192,0.817753,0.764756,2,1,0,2.23607,0.75,3.60555,0.790569,1.41421,0.25,0,3,2,2,6,2.18261,1
4,1,2,33,66628,72357.9,13133,123965,75506.6,130120,0.580285,0.9583,0.556087,0,2,0,12.3693,0,11.7047,0.790569,1.41421,0.353553,0,1,0,2,4,1.87176,1
4,0,0,4,12038,12732.5,4987,10505,15323,12385.3,1.2372,0.83094,1.02804,0,3,0,12.3693,0,12.3693,0,0,0,-1,3,0,1,5,1.14668,0
4,2,1,72,48864,61365.6,9901,51099,63316.6,69324.1,0.913342,0.969187,0.8852,1,4,0,11.4018,0,11.4018,0,0,0,-1,3,0,2,5,1.48859,1
4,2,1,691,228953,348934,20098,172058,360777,424645,0.849597,0.967174,0.821708,2,9,0,10.7703,0.707107,12.6491,0.790569,1.41421,0.790569,1,3,1,2,6,1.83168,1
4,2,1,417,170690,243095,20129,204065,379990,370758,1.0249,0.639742,0.655671,2,1,0,9.84886,0.353553,9.48683,0,1,0.353553,1,3,2,2,6,2.02967,1
4,2,2,111,105259,124532,15538,134918,142398,192316,0.740437,0.874538,0.64754,1,4,0,11.4018,0.25,10.4403,0.75,1,0.5,1,3,2,2,6,1.78677,1
4,1,1,22,62891,66710.9,9552,56058,75408.1,143414,0.525806,0.884665,0.465162,0,4,0,11.1803,0.707107,11.1803,0.707107,0,0,-1,3,1,2,6,1.42692,1
4,2,0,83,42046,56457.6,9971,51067,56284,58399.8,0.96377,1.00308,0.966743,2,1,0,10.0499,0,10,0.901388,1,0.901388,0,3,0,2,4,1.44553,1
4,2,6,1353,340054,574981,26586,359490,577034,583495,0.988927,0.996442,0.985408,2,2,0,10.198,0.790569,10.198,0.790569,0,0,-1,3,2,2,5,1.85881,1
4,2,7,1455,175972,428609,18802,181114,432359,436224,0.99114,0.991327,0.982544,1,2,0,3,0,3,0,0,0,-1,3,0,2,6,1.95736,1
4,2,7,430,142097,216760,17815,161895,336153,305287,1.1011,0.644824,0.710019,1,1,0,14.5602,0.353553,14.5602,0.353553,0,0,-1,3,2,2,4,1.66384,1
4,2,1,1015,258105,434343,22371,246505,454331,572102,0.794143,0.956006,0.759206,2,1,0,2.23607,0.75,2.82843,0.901388,1,0.5,1,3,2,2,5,1.84725,1
4,2,2,286,149244,198903,19749,223529,268741,338074,0.794918,0.740129,0.588342,1,4,0,2.23607,1.06066,2.23607,1.06066,0,0,-1,3,2,2,6,2.17066,1
4,2,2,2659,443570,905263,27907,365935,911619,944631,0.965052,0.993028,0.958324,2,2,0,11.7047,0.901388,12.083,0.5,1.41421,0.901388,0,3,2,2,4,1.5637,1
4,2,2,257,112446,157070,14830,115606,190592,230998,0.825081,0.824115,0.679961,1,1,0,12.083,0.901388,11.1803,0.901388,1,0.790569,0,3,2,2,4,1.52929,1
4,1,2,26,46592,51106.5,8265,54109,52026.3,69049.3,0.753467,0.98232,0.740145,0,4,0,12.3693,0.25,13.3417,0,0,0.75,1,3,2,2,5,1.38476,1
4,1,2,59,60628,70872.4,13533,137025,119533,130619,0.915124,0.592911,0.542587,0,12,0,11.4018,0.901388,11.1803,0.353553,1.41421,0.559017,0,3,2,2,6,1.69131,1
4,2,2,729,175061,301640,18373,163409,308221,348191,0.885208,0.978648,0.866307,2,3,0,12.1655,0.790569,12.0416,0.25,1.41421,0.559017,0,3,2,2,6,2.02497,1
4,1,1,37,61147,67571.5,11267,106757,84839.3,123628,0.686244,0.796464,0.546569,0,14,0,11.4018,0.559017,10.4403,0.790569,1,0.75,0,3,2,2,6,1.83638,0
4,1,2,36,106138,112389,18996,339274,125197,241670,0.518047,0.897699,0.46505,0,17,0,11.1803,0,12.1655,0.559017,1,0.901388,1,1,0,2,5,1.59064,1
4,1,0,18,41631,44756.4,8226,39246,44409.1,48583.9,0.914071,1.00782,0.921219,0,1,0,10.198,0.5,10.198,0.790569,1,0.353553,0,3,1,2,6,1.83582,0
4,2,2,1204,256018,465073,20170,247906,487684,577258,0.844829,0.953636,0.805659,2,1,0,8.24621,0.707107,6.08276,0.5,2,0.5,0,3,1,2,5,1.8298,1
4,2,2,538,176879,270294,15361,135151,292838,342252,0.855622,0.923015,0.789751,2,2,0,3.16228,0.5,3.60555,0.707107,1,0.5,0,3,1,2,6,2.15148,1
4,2,1,346,121190,181267,18305,157365,188536,256827,0.734098,0.961448,0.705797,2,2,0,14.5602,0.901388,22.4722,0.901388,8.06226,0,1,3,2,2,6,2.03929,1
4,2,2,76,45046,58242.2,10359,57635,80422.1,91175.7,0.882056,0.724207,0.638791,2,1,0,1,0.75,3.60555,0.559017,2.23607,0.707107,1,3,2,2,6,1.88188,1
4,2,1,490,247673,332754,23874,304724,354186,359160,0.986152,0.939488,0.926478,1,1,0,2.23607,0.901388,4,0.559017,2,1.06066,1,3,2,2,6,1.89116,1
4,2,2,456,305377,384554,32363,439725,419998,497629,0.843997,0.91561,0.772772,1,2,0,2,0.25,2,0.25,0,0,0,3,2,2,4,2.01203,1
4,2,2,1051,335750,518239,22268,276952,670085,676715,0.990202,0.773394,0.765816,2,1,1,4,0.559017,4,0.559017,0,0.353553,0,3,2,2,6,2.04285,1
4,1,0,33,38081,43810.9,9643,79753,43290,80791.3,0.535825,1.01203,0.542273,0,15,0,12.6491,0.901388,14.5602,0.25,1,0.353553,0,3,2,2,6,1.70555,0
4,1,6,16,25430,28208.1,6416,25030,30001.6,31112.8,0.964284,0.940222,0.906641,0,1,0,11.4018,1.06066,11.4018,1.06066,0,0,-1,3,2,1,4,1.06981,0
4,2,2,148,83978,109676,13590,102480,161210,209656,0.768925,0.680329,0.523122,1,1,0,14.5602,0.75,15.8114,0.559017,1.41421,0.707107,1,3,2,2,5,1.29408,1
4,1,1,28,79738,84599.7,12138,74452,87998.5,86964.2,1.01189,0.961377,0.972812,0,6,0,12.3693,0.559017,12.3693,0.559017,0,0,-1,3,2,2,4,1.59121,1
4,1,2,38,90965,97563.1,14301,120307,104518,134179,0.778947,0.933455,0.727112,0,10,0,10.4403,0.790569,10.4403,0.790569,0,0,1,3,2,2,5,1.30753,0
4,2,2,30,57154,62363,11540,64858,64777.4,62611.8,1.03459,0.962728,0.996026,1,1,0,10.4403,0.790569,10.4403,0.790569,0,0,-1,3,2,2,3,1.28596,1
4,2,1,426,158321,232289,16601,176219,324482,397916,0.815454,0.715876,0.583764,1,2,0,2,0.25,2,0.25,0,0,-1,3,2,2,5,1.69599,1
4,2,1,247,154811,197699,18648,216666,197936,200289,0.988252,0.998799,0.987065,2,1,0,2,0.25,2,0.25,0,0,0,3,2,2,6,2.08888,1
4,2,2,180,81707,112961,11710,81000,134145,214445,0.625546,0.84208,0.52676,2,5,0,5.09902,0.901388,8.544,0.75,4.47214,0.353553,0,3,2,2,6,1.92962,1
4,1,1,37,31585,38009.5,7636,35478,43767.7,41687.3,1.04991,0.868437,0.911776,0,2,0,2.23607,0.901388,2.23607,0.901388,0,0,-1,3,2,2,6,1.74202,1
4,2,2,295,238315,289537,25848,334240,294926,298695,0.987381,0.981727,0.969338,2,1,0,2.23607,0.25,3.16228,1.06066,1.41421,0.901388,1,3,2,2,6,1.74897,1
1,2,0,2832,61319,111786,10300,46728,111786,190448,0.586965,1,0.586965,2,1,0,50.3587,0.25,99.7246,0.5,50.3587,0.25,0,1,2,1,1,2.35484,1
1,2,2,3903,93658,163211,12797,68511,189814,207461,0.914942,0.859844,0.786707,2,8,0,51.3517,0.353553,53.3385,0.75,3,0.901388,0,1,2,1,2,2.03984,1
1,3,0,4156,72160,146221,179971,11361431,225841,218262,1.03472,0.647452,0.669934,2,5,-1,0,0,0,0,0,0,-1,0,0,1,2,2.24324,1
1,2,2,4697,102342,186044,14171,79077,206659,237910,0.868644,0.900246,0.781993,2,20,0,92.228,0.901388,95.5249,0.25,2.82843,0.790569,0,3,2,1,2,2.62882,1
1,3,0,6857,105967,228161,60454,1508574,251679,268404,0.937685,0.906556,0.850065,1,20,-1,0,0,0,0,0,0,-1,0,0,1,2,2.54194,1
1,3,0,7366,103643,234908,103826,4371208,247391,265891,0.930423,0.949539,0.883473,1,10,-1,0,0,0,0,0,0,-1,0,0,1,2,2.5,1
1,3,0,4832,81540,167648,63208,3635934,186446,242467,0.768955,0.899175,0.691425,2,3,-1,0,0,0,0,0,0,-1,0,0,1,2,2.84615,1
1,3,0,6461,97681,212818,117264,6454038,232275,236998,0.980072,0.916231,0.897973,1,23,-1,0,0,0,0,0,0,-1,0,0,1,2,2.44958,1
1,3,0,6228,96274,207259,76027,3012865,232564,235969,0.985569,0.891192,0.878331,2,2,-1,0,0,0,0,0,0,-1,0,0,1,2,2.63667,1
1,2,2,3033,80668,134717,12025,60005,148505,167522,0.886483,0.907152,0.804175,1,51,1,14.5602,0.707107,27.2029,0.5,17.6918,0.5,1,3,1,1,2,2.4221,1
1,2,1,1214,49440,71073.9,9219,35891,73537.1,94111.2,0.781386,0.966503,0.755212,2,7,1,15.8114,0.559017,16.1555,0.25,1.41421,1.06066,0,3,2,1,2,1.91875,1
1,2,2,2080,69983,107049,10773,50371,116764,137664,0.84818,0.916803,0.777614,2,38,1,15.8114,0.25,21.587,0.707107,10.8167,0.901388,1,1,2,1,2,1.91484,1
1,2,2,3689,108398,174137,14710,83892,174991,236476,0.739993,0.995122,0.736383,2,2,0,9.43398,0.353553,10.7703,0.75,5.83095,0.559017,1,1,2,1,2,2.33529,1
1,3,0,6197,83788,194221,81815,3678111,196905,200690,0.98114,0.986367,0.967764,2,3,-1,0,0,0,0,0,0,-1,0,0,1,3,2.31692,1
1,2,2,3317,82317,141427,12242,64680,197595,188334,1.04917,0.715743,0.750936,2,16,0,44.1814,0.559017,80.0562,0.901388,37.0135,0.790569,0,1,2,1,5,2.4463,1
1,2,2,3207,73585,130735,11064,51472,135195,140268,0.963831,0.967008,0.932033,2,11,0,85.1469,0.790569,170.294,0.707107,85.1469,0.790569,1,1,2,1,5,2.4426,1
1,2,1,3707,69330,135390,10796,52910,141338,152734,0.925383,0.957919,0.886442,2,1,1,170.238,0.25,167.147,0.790569,3.60555,0.25,0,3,2,1,5,2.45501,1
1,3,0,3952,67357,137783,104149,3620119,180303,174735,1.03187,0.764172,0.788525,1,2,-1,0,0,0,0,0,0,-1,0,0,1,5,2.44972,1
1,3,0,2012,43036,78890.5,31157,1149095,139814,127016,1.10076,0.564254,0.621107,2,12,-1,0,0,0,0,0,0,-1,0,0,1,5,2.48712,1
1,3,0,3980,64596,135521,66326,4279434,161354,172508,0.935339,0.8399,0.78559,2,33,-1,0,0,0,0,0,0,-1,0,0,1,5,2.63847,1
1,3,0,6972,99320,223563,242231,23448159,239828,227547,1.05397,0.932182,0.982491,2,20,-1,0,0,0,0,0,0,-1,0,0,1,5,2.51399,1
1,3,0,3862,66483,135305,103684,8582840,151398,143198,1.05727,0.893706,0.944884,2,9,-1,0,0,0,0,0,0,-1,0,0,1,5,2.53071,1
1,2,1,2648,69209,116397,11311,53971,118265,133592,0.88527,0.984204,0.871286,2,18,0,13,0.901388,15.6525,0.707107,2.23607,0.75,1,3,2,1,5,2.29213,1
1,2,2,2032,59210,95420.9,9909,40219,98043.7,104969,0.934025,0.973249,0.909039,2,22,1,15.1327,0.559017,16.1245,0.790569,1.41421,0.25,0,3,2,1,5,2.05846,1
1,2,2,1856,63679,96753.5,10373,44443,100079,111617,0.896632,0.966768,0.866836,2,7,1,16.2788,0.901388,17.0294,0.25,1.41421,1.06066,1,3,2,1,5,2.11382,1
1,2,6,3309,110664,169631,14583,83171,173668,173543,1.00072,0.976758,0.97746,2,1,0,17.4642,0.5,17.4642,0.5,0,0,-1,3,1,1,5,2.30629,1
1,3,0,8533,108690,260751,91400,3854812,265007,276011,0.960133,0.983938,0.944712,1,1,-1,0,0,0,0,0,0,-1,0,0,1,3,2.60172,1
1,3,0,6247,96012,207336,91979,4818539,238875,234962,1.01666,0.867966,0.882422,2,2,-1,0,0,0,0,0,0,-1,0,0,1,5,2.37939,1
1,2,2,2096,60099,97450.4,10638,47720,116442,119101,0.977673,0.8369,0.818215,2,33,1,167.362,0.559017,162.444,0.353553,5.09902,0.75,0,3,2,1,5,2.39244,1
1,2,1,1109,46682,66444.7,8601,30759,71241.4,75091.2,0.948733,0.93267,0.884854,2,24,1,169.499,0.901388,168.502,0.25,2.23607,0.707107,0,3,2,1,5,2.3752,1
1,3,0,1782,49753,81508.8,95065,3119089,95843.3,144896,0.661461,0.850439,0.562532,2,1,-1,0,0,0,0,0,0,-1,0,0,1,5,2.26458,1
1,3,0,9305,105817,271635,187978,15974080,289879,296641,0.977205,0.937064,0.915703,2,6,-1,0,0,0,0,0,0,-1,0,0,1,5,2.33751,1
1,3,0,5854,87813,192133,96111,7034957,204036,223192,0.914169,0.941665,0.860841,2,7,-1,0,0,0,0,0,0,-1,0,0,1,5,2.53646,1
1,2,2,4542,82362,163302,12243,63151,167886,190891,0.879486,0.972697,0.855473,2,2,0,59.0339,0.5,64.3273,0.707107,5.38516,0.5,0,1,1,1,5,2.6079,1
1,3,0,2433,54121,97477.8,38333,1258293,109471,105633,1.03633,0.890441,0.922794,2,1,-1,0,0,0,0,0,0,-1,0,0,1,5,2.39397,1
1,3,0,2071,44302,81207.9,49334,2073750,97426.6,115263,0.845256,0.833529,0.704545,2,3,-1,0,0,0,0,0,0,-1,0,0,1,5,2.43176,1
1,3,0,2998,63325,116750,224900,24203048,153621,141492,1.08572,0.759991,0.825137,2,2,-1,0,0,0,0,0,0,-1,0,0,1,5,2.2758,1
1,3,0,5329,87837,182802,93180,6628274,202697,217974,0.929917,0.901845,0.838641,2,7,-1,0,0,0,0,0,0,-1,0,0,1,5,2.44812,1
1,2,0,2627,109281,156095,14715,83893,156059,160242,0.973899,1.00023,0.974122,2,14,1,18.6815,0.75,18.6815,0.559017,0,0.353553,0,3,2,1,5,2.46102,1
1,2,5,6501,111585,227435,15066,87398,227680,227591,1.00039,0.998924,0.999315,2,1,1,18.4391,1.06066,18.4391,1.06066,0,0,-1,1,2,1,3,2.34307,1
1,3,0,4556,77167,158356,53110,1506052,204874,208198,0.984036,0.772945,0.760605,1,15,-1,0,0,0,0,0,0,-1,0,0,1,5,2.35248,1
1,3,0,6229,95590,206593,203151,16798975,216455,214529,1.00898,0.954436,0.963008,2,6,-1,0,0,0,0,0,0,-1,0,0,1,5,2.38571,1
1,2,1,1487,57735,84233.8,9936,42162,84521.6,96944.8,0.871853,0.996595,0.868884,2,6,0,89.3588,0.790569,87.4643,0.559017,2.23607,0.75,1,3,2,1,5,2.32525,1
1,3,0,2793,60650,110422,157606,11922630,184895,165326,1.11837,0.597214,0.667904,2,8,-1,0,0,0,0,0,0,-1,0,0,1,5,2.36275,1
1,3,0,5222,75351,168409,100508,6351508,171008,223835,0.763989,0.984801,0.752377,1,3,-1,0,0,0,0,0,0,-1,0,0,1,5,2.48783,1
1,3,0,5492,82139,180008,88145,4823237,184963,200403,0.922953,0.973213,0.89823,2,2,-1,0,0,0,0,0,0,-1,0,0,1,5,2.50313,1
1,2,2,1398,38094,63006.8,7445,27705,64240.2,69203,0.928286,0.980801,0.910464,2,1,0,57.0088,0.707107,56.0892,0,3.16228,0.707107,0,1,1,1,5,2.56208,1
1,3,0,3204,56762,113858,118574,14595718,137048,115311,1.18851,0.830789,0.987401,1,1,-1,0,0,0,0,0,0,-1,0,0,1,5,2.42264,1
1,2,1,2340,50442,92141.6,9477,39715,98205.6,175949,0.558147,0.938252,0.523683,2,3,1,54.3323,0.353553,103.368,0.75,48.7032,0.901388,0,1,2,1,5,2.45507,1
1,3,0,3268,60677,118914,94766,6328946,138408,132865,1.04172,0.859152,0.894995,2,1,-1,0,0,0,0,0,0,-1,0,0,1,5,2.35515,1
1,3,0,4887,82488,169576,109757,8498525,198636,204693,0.97041,0.853702,0.828441,2,1,-1,0,0,0,0,0,0,-1,0,0,1,5,2.56206,1
1,2,0,5719,115435,217349,14923,86079,250334,217296,1.15204,0.868239,1.00025,1,2,1,18.4391,0.75,18.4391,0.75,0,0,-1,3,2,1,5,2.50328,1
1,3,0,811,22106,36558.3,33949,832429,38248.4,37492.8,1.02015,0.955813,0.975075,1,13,-1,0,0,0,0,0,0,-1,0,0,1,3,2.49137,1
1,3,0,3748,74773,141564,87409,4128317,146644,143687,1.02058,0.965355,0.98522,2,34,-1,0,0,0,0,0,0,-1,0,0,0,4,1.94563,1
1,3,0,3202,64929,121990,130211,8478755,126041,125775,1.00212,0.967853,0.969903,2,2,-1,0,0,0,0,0,0,-1,0,0,1,5,2.4868,1
1,2,2,2185,49592,88529.4,9044,37254,94075.5,103639,0.907721,0.941046,0.854207,2,2,0,80.0562,0.559017,75.0267,0.353553,5.09902,0.25,0,3,2,1,5,2.54617,1
1,2,2,3507,69993,132489,10765,51079,139414,171667,0.812122,0.950324,0.771779,2,8,1,168.19,0.901388,174.413,0.5,7.07107,0.901388,0,1,2,1,5,2.41679,1
1,2,1,1128,31856,51957.3,7590,28162,55725.3,53426.9,1.04302,0.932383,0.972493,1,3,0,64.195,0.707107,55.6058,0.790569,22.0227,1.06066,0,1,1,1,5,2.63913,1
1,3,0,1098,28437,48003.7,46099,830847,63189.8,67768.3,0.932439,0.759675,0.708351,2,2,-1,0,0,0,0,0,0,-1,0,0,1,5,2.39674,1
1,3,0,1083,30697,49996.4,26953,344803,60697.1,70223.7,0.86434,0.823703,0.711959,1,4,-1,0,0,0,0,0,0,-1,0,0,1,5,2.37024,1
1,3,0,1066,34503,53499.5,38086,584346,60446.2,144770,0.417532,0.885076,0.369547,2,1,-1,0,0,0,0,0,0,-1,0,0,1,5,2.22086,1
1,3,0,3814,67458,135425,65603,2783723,155025,167871,0.923478,0.873568,0.80672,2,1,-1,0,0,0,0,0,0,-1,0,0,1,5,2.31159,1
1,3,0,4820,76239,162133,103813,5191491,176622,184944,0.955004,0.917966,0.876661,2,2,-1,0,0,0,0,0,0,-1,0,0,1,5,2.41159,1
1,3,0,2555,51672,97202.9,44546,1811280,131456,121668,1.08045,0.739431,0.798916,1,1,-1,0,0,0,0,0,0,-1,0,0,1,5,2.67299,1
1,2,6,4950,84340,172551,11784,61592,194616,188528,1.0323,0.886619,0.915253,2,13,0,27.2029,0.75,27.2029,0.75,0,0,-1,1,2,1,5,2.53474,1
1,2,2,1137,43713,63974.7,7925,31839,68963.8,95753.6,0.720221,0.927656,0.668118,2,1,0,115.117,1.06066,231.225,0.707107,115.117,1.06066,0,1,2,1,3,2.40724,1
1,3,0,2169,45637,84289.3,35373,1251937,92775.3,117886,0.786989,0.908531,0.715004,2,1,-1,0,0,0,0,0,0,-1,0,0,1,5,2.16753,1
1,3,0,2801,57800,107715,85256,4991144,117745,132898,0.885978,0.914814,0.810505,2,33,-1,0,0,0,0,0,0,-1,0,0,1,5,2.23946,1
1,3,0,2784,54670,104282,36587,1261909,115607,129410,0.893335,0.902039,0.805823,2,1,-1,0,0,0,0,0,0,-1,0,0,1,5,2.48338,1
1,2,2,2695,54984,103010,9245,39731,115447,128359,0.899413,0.892266,0.802515,2,2,0,85.1469,0.559017,89.3588,0.5,4.24264,0.75,1,3,2,1,5,2.36902,1
1,2,1,3386,76300,136640,11175,56627,157025,158658,0.989713,0.870175,0.861223,2,7,0,87.0057,0.707107,99.1413,0,16.4012,0.707107,0,1,1,1,5,2.30493,1
1,2,2,276,13128,18046.4,5097,11577,19890.5,19013.7,1.04611,0.907289,0.949126,1,1,0,73.8241,0.790569,73.8241,0.790569,0,0,-1,3,2,1,5,2.29705,1
1,3,0,1979,38517,73783.4,53068,1796452,96580,97438.6,0.991188,0.763962,0.75723,1,4,-1,0,0,0,0,0,0,-1,0,0,1,5,1.92931,1
1,3,0,4325,64990,142063,83243,3553533,148132,173359,0.854483,0.959027,0.819473,2,1,-1,0,0,0,0,0,0,-1,0,0,1,5,2.30657,1
1,3,0,2167,52458,91074.6,49891,1716741,96557,100476,0.960992,0.943222,0.906428,2,5,-1,0,0,0,0,0,0,-1,0,0,1,5,2.48963,1
1,3,0,644,20677,32153.3,29449,320773,45033.3,85247.2,0.528267,0.713989,0.377177,2,9,-1,0,0,0,0,0,0,-1,0,0,1,5,2.67553,1
1,3,0,2872,47850,99030,39017,1130887,106825,122487,0.872133,0.927032,0.808495,2,5,-1,0,0,0,0,0,0,-1,0,0,1,5,2.40984,1
1,2,2,5554,88601,187575,13148,73136,190135,219947,0.86446,0.986534,0.852819,1,4,0,28.3196,0.559017,29.8329,0.75,3.16228,0.707107,0,1,2,1,5,2.48126,1
1,3,0,1994,41075,76608.7,67214,4563062,84591.1,78732.5,1.07441,0.905636,0.973025,1,1,-1,0,0,0,0,0,0,-1,0,0,1,3,2.15963,1
1,3,0,555,16009,25899.3,12284,120240,26423.6,59961.7,0.440674,0.980159,0.431931,2,1,-1,0,0,0,0,0,0,-1,0,0,1,5,2.172,1
1,3,0,1126,25930,45995.7,36955,1336269,49545.9,56962.6,0.869797,0.928344,0.807471,2,2,-1,0,0,0,0,0,0,-1,0,0,1,5,2.14957,1
1,3,0,2617,61325,107961,53669,1505771,113807,116931,0.973281,0.948631,0.923284,1,1,-1,0,0,0,0,0,0,-1,0,0,1,5,2.2139,1
1,3,0,2969,59315,112224,48592,1672572,127016,133095,0.954327,0.88354,0.843186,2,2,-1,0,0,0,0,0,0,-1,0,0,1,5,2.45363,1
1,3,0,4456,70383,149790,59612,3353028,162962,154711,1.05333,0.919175,0.968193,2,1,-1,0,0,0,0,0,0,-1,0,0,1,5,2.27382,1
1,3,0,308,10902,16390.7,26665,298979,23401.9,18659.1,1.25418,0.700397,0.878427,1,1,-1,0,0,0,0,0,0,-1,0,0,1,5,2.22953,1
1,3,0,5224,63538,156631,70302,3022708,159319,178365,0.893221,0.983129,0.878151,1,1,-1,0,0,0,0,0,0,-1,0,0,1,5,1.84331,1
1,3,0,6960,87389,211418,87459,3434855,214608,225984,0.949661,0.985135,0.935545,1,3,-1,0,0,0,0,0,0,-1,0,0,1,5,2.40036,1
1,3,0,1065,27318,46296.6,18514,292170,50313.3,51420.1,0.978475,0.920168,0.900361,1,8,-1,0,0,0,0,0,0,-1,0,0,1,5,2.42155,1
1,3,0,1384,31706,56369.3,22506,567242,66597.3,87508,0.761043,0.846421,0.644162,2,1,-1,0,0,0,0,0,0,-1,0,0,1,5,2.29801,1
1,3,0,638,21218,32587.4,19201,195495,38327.2,39678.7,0.965938,0.850242,0.821281,1,2,-1,0,0,0,0,0,0,-1,0,0,1,5,2.17488,1
1,3,0,5420,80237,176823,55231,1577171,191037,197102,0.969229,0.925597,0.897116,2,1,-1,0,0,0,0,0,0,-1,0,0,1,5,2.34044,1
