4,1,0,15,309026,319471,25436,277238,319471,327354,0.975917,1,0.975917,0,2,0,2.23607,0.353553,2.23607,0.559017,1,0.25,0,3,2,2,2,1.48,0
4,0,0,2,269431,270824,23415,224641,277868,270824,1.02601,0.974649,1,0,1,0,2.23607,0.353553,2.23607,0.353553,0,0,-1,3,2,0,0,0,0
4,0,0,1,258952,259648,23205,218309,267308,259648,1.0295,0.971346,1,0,1,0,2.23607,0.353553,2.23607,0.353553,0,0,-1,3,2,1,1,0.512821,0
4,1,1,13,333397,342449,27499,370313,344349,396791,0.867835,0.994483,0.863047,0,11,0,2.23607,0.353553,2.23607,0.353553,0,0,0,1,2,2,2,1,1
4,2,2,311,561505,778061,35389,601895,810034,1.0279e+06,0.788049,0.960528,0.756943,1,1,-1,0,0,0,0,0,0,-1,2,0,2,3,1.80252,1
4,2,2,529,604467,972820,38639,702673,1.73666e+06,1.67766e+06,1.03516,0.560168,0.579866,1,6,0,10.198,0.353553,10.198,0.353553,0,0,-1,3,2,2,3,1.91704,1
4,2,2,219,683938,836432,37294,709162,863145,1.02566e+06,0.841555,0.969052,0.81551,1,4,0,10,0.353553,10.8167,0.790569,2,0.5,0,3,2,2,3,2.31535,1
4,2,1,76,602275,655195,39255,696867,750787,757952,0.990547,0.872678,0.864429,1,2,0,1.41421,0.25,1.41421,0.901388,1,0.353553,1,1,2,2,3,2.03994,1
4,2,1,181,490182,616216,39739,724141,627139,661395,0.948208,0.982582,0.931692,1,1,-1,0,0,0,0,0,0,-1,2,0,1,2,1.26246,1
4,1,1,17,220543,232380,18795,178165,234110,259774,0.901205,0.992613,0.894548,0,5,0,1,0,1,0,0,0,-1,3,0,2,3,1.87179,0
4,1,0,13,107130,116182,12413,69045,116182,120716,0.962445,1,0.962445,0,2,-1,0,0,0,0,0,0,-1,2,0,0,0,0,0
4,0,0,5,168407,171889,16074,114162,175366,171889,1.02023,0.980168,1,0,1,0,1,0,1,0,0,0,-1,3,0,2,2,1.1325,0
4,0,0,4,294257,297042,23941,238079,298024,297042,1.0033,0.996707,1,0,1,0,1,0,1,0,0,0,-1,3,0,0,0,0,0
4,2,1,158,497792,607811,54402,1343364,665363,638371,1.04228,0.913503,0.952128,2,3,0,2.23607,0.353553,2.23607,0.353553,0,0,-1,3,2,2,2,1.09091,1
4,1,0,12,322191,330547,27446,335736,329851,355779,0.927121,1.00211,0.929078,0,6,-1,0,0,0,0,0,0,-1,2,0,1,2,0.645833,0
4,2,1,167,400868,517153,39603,789067,729558,623602,1.16991,0.708859,0.829301,1,2,-1,0,0,0,0,0,0,-1,2,0,2,2,0.849567,1
4,1,1,26,286634,304738,26391,669849,468443,492912,0.950358,0.650535,0.618241,0,1,0,2.23607,0.353553,2.23607,0.353553,0,0,-1,3,2,2,5,1.48841,1
4,2,1,420,409829,702283,27973,445251,767533,774601,0.990875,0.914987,0.906639,2,3,1,28.6356,0.25,27.2029,0.901388,2.82843,1.06066,1,3,2,2,6,1.80311,1
4,2,0,114,136277,215657,20240,258482,214961,260472,0.825277,1.00324,0.82795,1,2,0,9.05539,0.559017,8.24621,0.559017,1,1.06066,0,3,2,2,6,1.67105,1
4,2,2,623,560722,994529,32113,608813,1.16887e+06,1.37578e+06,0.849609,0.850846,0.722886,2,2,1,27.4591,0.790569,27.6586,0.75,0,0.75,0,1,2,2,6,2.02487,1
4,1,2,15,55381,65825.8,10088,49252,94119.8,68424.3,1.37553,0.699383,0.962023,0,1,0,10.8167,0.559017,10.8167,0.559017,0,0,-1,3,2,1,5,1.42354,0
4,2,2,236,270671,435003,22321,235767,506893,593883,0.853523,0.858175,0.732472,1,7,0,17.6918,0.707107,17.6918,0.707107,0,0,-1,3,1,2,5,1.21875,1
4,2,2,61,251569,294045,28769,364099,310011,513596,0.603609,0.948496,0.572521,1,15,0,1,0.5,0,0.901388,1,0.75,0,3,1,2,4,1.03102,0
4,1,0,20,211581,225507,18044,145708,225507,241323,0.934463,1,0.934463,0,4,0,1,0.75,1.41421,0.5,0,0.75,1,3,2,1,1,0.324561,0
4,1,1,33,261304,284283,22821,255295,335493,338432,0.991317,0.847358,0.84,0,3,0,1,0,1,0,0,0,-1,3,0,2,2,0.580492,1
4,0,0,3,267070,269159,22995,221569,271341,268463,1.01072,0.991957,1.00259,0,20,0,1,0,1,0,0,0,-1,3,0,2,3,0.858929,0
4,2,5,159,517446,628161,40441,829589,653196,652466,1.00112,0.961673,0.962749,1,1,0,2.23607,0.353553,2.23607,0.353553,0,0,-1,3,2,2,4,1.75,1
4,2,1,363,461778,714542,32410,570134,732383,716367,1.02236,0.97564,0.997452,2,1,0,2.23607,0.353553,2.23607,0.353553,0,0,-1,3,2,2,4,1.8149,1
4,1,0,39,80306,107462,13111,88325,106070,111330,0.952755,1.01313,0.965264,0,4,0,12.0416,0.5,13.6015,0,4.12311,0.5,1,3,1,1,4,1.24424,0
4,2,2,325,674930,901234,38550,879620,1.0884e+06,1.37477e+06,0.7917,0.828035,0.655555,1,13,0,10.2956,0.901388,10.2956,1.06066,1,0.25,1,1,2,2,5,1.68755,1
4,2,2,162,251206,364010,27642,398064,379651,391822,0.968937,0.9588,0.929017,2,8,1,28.2843,0.75,29.4279,0,1,0.25,0,1,2,2,6,1.84515,1
4,1,0,20,120461,134387,14231,101635,133691,148924,0.897716,1.00521,0.902391,0,1,0,9.05539,0.707107,9.05539,0.901388,0,0.25,1,3,1,2,6,1.70535,0
4,2,2,127,214951,303384,22843,263817,417560,412464,1.01236,0.726562,0.73554,1,1,0,9.05539,0.707107,9.05539,0.707107,0,0,-1,3,1,2,5,1.3474,1
4,1,0,31,88706,110292,13474,103230,109596,119709,0.91552,1.00635,0.921337,0,8,0,11.6619,0.5,13.4164,0.790569,2,0.790569,0,3,1,2,4,1.51588,0
4,2,1,215,386308,536017,24724,365106,603884,709434,0.851219,0.887615,0.755555,1,1,0,17.2047,0.790569,17.2047,0.790569,0,0,-1,3,2,2,4,0.888763,1
4,2,2,183,518882,646309,29989,514295,707133,919809,0.768783,0.913984,0.702655,1,1,0,1,0.5,1,0.5,0,0,-1,3,1,2,4,1.27006,1
4,0,0,3,120570,122659,14727,99011,129523,121963,1.06199,0.947007,1.00571,0,6,0,1,0.707107,1,0.707107,0,0,-1,3,1,2,3,1.02244,0
4,2,1,132,554368,646282,35627,654041,676528,958585,0.705756,0.955293,0.674204,2,2,0,3,0.5,4,0.707107,1,0.5,0,3,1,2,4,1.06881,1
4,1,0,15,287617,298062,24897,259465,297365,300105,0.990872,1.00234,0.993192,0,2,0,1.41421,0.25,1.41421,0.5,1,0.25,1,3,2,2,4,1.53068,0
4,1,1,36,276272,301340,26467,542405,353878,410977,0.861063,0.851536,0.733226,0,7,0,8.94427,0.353553,8.94427,0.901388,0,0.559017,1,3,2,2,4,1.89509,1
4,2,1,71,212444,261883,22180,260364,292762,314680,0.930348,0.894523,0.832218,1,1,0,7.61577,0.790569,7.28011,0.559017,1.41421,0.25,0,3,2,2,6,1.62483,1
4,1,1,11,107958,115618,14807,102523,152191,151931,1.00171,0.759687,0.760987,0,1,0,12.0416,0.5,12.0416,0.5,0,0,-1,3,1,2,4,1.40719,0
4,2,2,292,315526,518851,22672,294564,577477,653319,0.883913,0.89848,0.794178,2,5,0,9.84886,0.75,10.2956,0.25,1.41421,0.353553,1,3,2,2,4,1.36093,1
4,2,0,320,431135,653957,28004,430706,653261,708166,0.922469,1.00107,0.923453,1,4,0,11.0454,0.559017,13.0384,0.5,1,0.75,1,3,2,2,6,1.6269,1
4,1,2,25,130740,148148,14351,121327,160253,154683,1.03601,0.924462,0.957755,0,2,0,9.05539,0.707107,9.05539,0.707107,0,0,-1,3,1,2,4,1.40081,1
4,2,1,90,233299,295968,25431,331131,343660,333402,1.03077,0.861223,0.887722,2,1,0,10.0499,0.790569,10.0499,0.75,1,0.75,0,3,2,2,5,1.06121,1
4,2,1,137,408554,503950,23966,371192,582285,611702,0.95191,0.865469,0.823848,1,3,0,10,0.790569,8.06226,0.75,1,0.901388,1,3,2,2,4,1.46522,1
4,2,2,900,1126624,1753312,46962,1122638,2.08399e+06,2.25769e+06,0.923063,0.841325,0.776597,2,12,0,12.0416,0.707107,13.4536,0.707107,2,0,0,3,1,2,5,1.74957,1
4,2,2,313,565778,783726,37394,697914,1.09755e+06,1.08221e+06,1.01417,0.714072,0.72419,1,29,0,1.41421,0.5,1,0.25,1.41421,0.559017,0,3,1,2,6,1.70547,1
4,1,2,19,69353,82583.1,11960,93866,85004,117791,0.721654,0.971519,0.701101,0,2,0,1,0.707107,1,0.707107,0,0,-1,3,1,1,3,1.2033,0
4,1,1,37,327640,353404,37237,1109149,474180,738968,0.641678,0.745295,0.47824,0,15,0,2.23607,0.5,3.16228,0.901388,1.41421,0.559017,0,3,1,2,4,0.990385,1
4,1,6,11,337950,345610,29346,542656,498324,605807,0.822579,0.693544,0.570495,0,8,0,2.23607,0.901388,2.23607,0.901388,0,0,-1,1,2,2,4,1.50818,1
4,1,2,34,72421,96095.9,14832,140608,120503,134431,0.896391,0.797456,0.714833,0,1,0,10.7703,0.707107,10.4403,0.5,2,0.5,1,1,1,2,4,1.28846,1
4,1,0,26,90259,108363,11031,69527,106971,111307,0.961042,1.01302,0.973554,0,1,0,9.48683,0.901388,9.21954,0.5,2.23607,0.559017,0,3,2,1,5,0.998974,0
4,0,0,4,20202,22987.3,6542,17338,34016.4,22291,1.52602,0.675771,1.03124,0,1,0,8.06226,0.5,8.06226,0.5,0,0,-1,3,1,1,2,0.717949,0
4,1,0,24,156139,172851,17363,235603,172154,288249,0.597241,1.00404,0.599657,0,10,0,9.05539,0.790569,11,0.5,1,0.790569,0,3,2,2,4,1.24133,0
4,2,2,143,347091,446665,28498,393082,454430,586414,0.774929,0.982913,0.761688,1,18,0,10.0499,0.790569,9.05539,0.25,2.23607,0.559017,1,3,2,2,5,1.51099,1
4,2,4,83,197854,255649,24077,338577,312244,328536,0.950411,0.818746,0.778145,2,1,0,10.0499,0.75,10.0499,0.75,0,0,-1,3,2,2,6,1.67929,1
4,1,2,47,149393,182120,24846,557266,184423,589352,0.312925,0.987511,0.309017,0,13,0,12.0416,0,12.1655,0.901388,1,0.901388,0,3,0,2,6,1.48306,0
4,2,1,137,138191,233587,18585,273387,243687,363998,0.669473,0.958554,0.641726,1,1,-1,0,0,0,0,0,0,-1,2,0,2,5,1.5193,1
4,2,0,204,531712,673761,33923,607387,673065,692389,0.972091,1.00103,0.973097,2,4,0,2.23607,0.353553,1.41421,0.559017,1.41421,0.25,1,3,2,2,6,1.99863,1
4,1,2,37,360607,386371,25305,734101,502734,723851,0.694527,0.768539,0.533771,0,8,0,2.23607,0.790569,2.23607,0.5,1.41421,0.353553,0,3,2,2,6,1.8298,1
4,1,1,20,272312,286238,25653,428079,353245,598158,0.590555,0.810311,0.478533,0,5,0,1,0.901388,1,0.901388,0,0,-1,1,2,2,4,1.48381,1
4,1,2,28,471063,490560,35725,1152615,701545,1.06761e+06,0.657119,0.699256,0.459494,0,21,0,1,0.5,0,0.75,1,0.75,1,1,1,2,5,1.49851,1
4,1,2,19,318430,331660,23304,326022,340356,363776,0.935622,0.974449,0.911716,0,1,0,3.16228,0.790569,3.16228,0.790569,0,0,-1,3,2,2,6,1.80098,1
4,1,0,23,486115,502130,28806,575102,501434,630777,0.794946,1.00139,0.79605,0,2,0,10.7703,0.790569,11.7047,0.790569,0,0.707107,1,3,2,2,4,1.27679,1
4,2,1,350,1051124,1294836,44939,947633,1.31328e+06,1.48114e+06,0.88667,0.985955,0.874216,2,1,0,9.05539,0.901388,11.7047,0,2.23607,0.559017,1,3,2,2,4,1.28284,1
4,1,5,13,136583,145635,13961,108737,169155,162631,1.04011,0.860959,0.895493,0,1,0,9.05539,0.790569,9.05539,0.790569,0,0,-1,3,2,2,3,0.989524,1
4,0,0,6,46204,50381.9,7490,33944,55326,49685.6,1.11352,0.910637,1.01401,0,1,0,9.05539,0.25,9.05539,0.25,0,0,-1,3,2,2,3,0.842147,0
4,1,2,52,128407,164616,17669,264791,329504,400330,0.823082,0.499586,0.4112,0,3,0,8.24621,1.06066,8.94427,0.559017,2.23607,0.559017,0,3,2,2,4,0.90625,1
4,2,1,191,332017,465014,27899,394999,485597,475998,1.02017,0.957614,0.976925,1,1,0,11,0.790569,11.0454,0.707107,1.41421,0.790569,1,3,2,2,6,1.2045,1
4,1,2,29,112624,132817,13775,124841,308872,316776,0.975047,0.430008,0.419278,0,10,0,12.1655,0.559017,13,0.25,4,0.5,1,3,2,2,4,1.25364,0
4,2,1,124,371436,457780,38738,777070,669103,706940,0.946478,0.684169,0.647551,1,4,0,11.1803,0.707107,10.4403,0.75,1,0.901388,0,3,1,2,4,1.36616,1
4,2,1,64,96000,140564,13610,117422,296670,291537,1.01761,0.473808,0.48215,1,1,-1,0,0,0,0,0,0,-1,2,0,2,6,1.86893,1
4,2,1,59,148531,189614,20224,267706,200183,258659,0.773924,0.947205,0.733065,1,3,-1,0,0,0,0,0,0,-1,2,0,2,6,1.992,1
4,2,2,48,166192,199615,20524,213840,208941,229564,0.910165,0.955365,0.86954,1,3,0,1,0.707107,0,0.559017,0,0.75,1,3,1,2,6,1.69537,1
4,1,0,25,109826,127234,13134,131004,125841,182947,0.687857,1.01107,0.695469,0,13,0,4.12311,1.06066,6.08276,0.790569,2,0.5,1,3,2,2,6,1.65425,0
4,1,1,29,478521,498714,28939,546409,722510,727670,0.992908,0.690253,0.685357,0,1,0,3.16228,0.5,3.16228,0.353553,1,0.790569,0,3,1,2,5,1.64236,1
4,2,6,165,535814,650707,53920,1296238,724771,705916,1.02671,0.89781,0.921791,2,4,0,2,0.25,2,0.25,0,0,-1,3,2,2,4,2.02823,1
4,2,1,486,884068,1.22248e+06,59316,1528234,1.25262e+06,1.26985e+06,0.986431,0.975939,0.962697,2,6,0,2.23607,0.353553,1.41421,0.5,1,0.353553,0,3,2,2,6,1.87629,1
4,2,0,312,322039,539291,21182,263052,537898,648644,0.829266,1.00259,0.831413,2,11,0,10,0.901388,12.0416,0.559017,1,1.06066,1,3,2,2,6,1.55335,1
4,1,0,19,84700,97930.1,11436,80112,97233.8,104456,0.930862,1.00716,0.937528,0,1,0,9.05539,0.5,9.05539,0.75,1,0.25,0,3,1,2,4,1.19472,0
4,0,0,3,16138,18227,5583,13597,27074.1,17530.6,1.54439,0.673224,1.03972,0,1,0,9.05539,0.5,9.05539,0.5,0,0,-1,3,1,2,4,0.898674,0
4,2,2,126,302461,390197,21678,254458,420352,401767,1.04626,0.928263,0.971203,2,2,0,10.0499,0,10,0.75,1,0.75,1,1,0,2,5,1.15824,1
4,1,2,55,141544,179842,21818,327344,275253,348894,0.78893,0.653369,0.515462,0,3,0,12.1655,1.06066,13.1529,0.25,1,0.559017,0,3,2,2,4,1.45497,1
4,1,2,52,298168,334377,22579,427811,371029,485462,0.764282,0.901213,0.688781,0,9,0,13.0384,0.5,14.0357,0.559017,1,0.25,0,3,1,2,5,1.48073,1
4,0,0,5,29075,32556.6,7220,23408,39574.1,31164,1.26987,0.822675,1.04469,0,1,0,10.4403,0.5,10.4403,0.5,0,0,-1,3,1,2,6,1.35255,0
4,2,1,86,166868,226752,15892,164960,258469,228267,1.13231,0.877288,0.99336,2,4,0,1.41421,0.901388,1,0.75,1.41421,0.790569,1,1,2,2,5,1.21374,1
4,1,1,36,139603,164671,15765,265765,184586,305946,0.603329,0.892108,0.538234,0,1,0,5.09902,0.25,6.08276,0.25,2,1.06066,0,3,2,2,6,1.25077,0
4,0,0,3,66305,68394,10119,53067,80038.1,68394,1.17025,0.854518,1,0,1,0,4.12311,1.06066,4.12311,1.06066,0,0,-1,3,2,2,3,0.75641,0
4,0,0,3,465022,467111,29749,419817,473378,466415,1.01493,0.986761,1.00149,0,4,0,1.41421,0.25,1.41421,0.25,0,0,-1,3,2,2,4,1.16369,0
3,2,2,395,341324,450112,29956,427758,523224,581766,0.899372,0.860266,0.7737,2,1,-1,0,0,0,0,0,0,-1,2,0,2,2,2.08,1
3,0,0,1,269069,269344,23546,227112,271548,269069,1.00921,0.991886,1.00102,0,2,0,3,0.25,3,0.25,0,0,-1,1,2,1,2,1.33948,0
3,0,0,1,255580,255855,23126,216312,257286,255855,1.00559,0.994441,1,0,2,0,3,0.25,3,0.25,0,0,-1,1,2,2,2,1.10931,0
3,2,2,556,456757,609887,35645,567815,783884,680528,1.15187,0.778033,0.896196,1,3,0,3,0.25,3,0.25,0,0,-1,1,2,2,2,1.57895,1
3,2,1,289,217978,297573,20798,216164,329469,572793,0.575197,0.903189,0.519511,2,2,0,21.0238,0.707107,21.0238,0.559017,0,0.25,0,3,1,2,3,2.25801,1
3,2,2,785,350579,566779,25024,305730,598236,945475,0.632736,0.947416,0.599465,2,3,-1,0,0,0,0,0,0,-1,2,0,2,3,2.18429,1
3,2,1,1090,521091,821292,28318,371690,858187,1.01479e+06,0.845681,0.957009,0.809324,2,4,0,17.4929,0.559017,17,0.75,1,0.353553,0,3,2,2,3,2.46667,1
3,2,2,564,443594,598927,32061,477785,823848,895830,0.919647,0.726988,0.668572,2,1,0,14.3178,0,12.0416,0.75,4.47214,0.25,0,3,0,2,3,2.33788,1
3,0,0,6,295343,296995,24860,254010,302389,296720,1.01911,0.982162,1.00093,0,4,0,3,0.5,3,0.5,0,0,-1,3,1,1,2,1.53121,1
3,2,2,105,250351,279269,23566,263556,305684,458687,0.666433,0.913588,0.608845,2,18,0,2,0,2.23607,0.790569,1,0.353553,0,3,0,2,3,1.8244,1
3,0,0,2,96008,96558.8,11340,56168,98369.7,96283.4,1.02167,0.981591,1.00286,0,1,0,2.82843,0.707107,2.82843,0.707107,0,0,-1,3,1,1,2,1.10373,0
3,1,2,26,121919,129080,18109,183299,137276,153171,0.896226,0.940296,0.842718,0,5,0,2.82843,0.707107,2.82843,0.707107,0,0,-1,3,1,2,2,1.02462,0
3,1,0,20,291136,296644,26166,289958,296369,349870,0.847084,1.00093,0.847871,0,2,0,3,0.25,2,0.75,0,0.5,1,3,2,1,1,0.712121,1
3,2,2,325,346457,435966,30160,477668,628494,627213,1.00204,0.693668,0.695085,2,2,-1,0,0,0,0,0,0,-1,2,0,2,4,1.55519,1
3,0,0,2,305933,306484,25250,256690,309710,306208,1.01144,0.989582,1.0009,0,1,0,3,0.25,3,0.25,0,0,-1,1,2,1,3,0.994048,0
3,2,1,149,365001,406038,40313,707583,413165,508679,0.812231,0.982749,0.79822,1,3,0,3,0.25,3,0.25,0,0,-1,1,2,2,2,1.09311,1
3,2,2,594,403605,567201,27984,396196,726587,763069,0.952191,0.780637,0.743315,2,6,0,3,0.25,3,0.25,0,0,1,3,2,2,5,1.69465,1
3,1,2,41,93258,104550,13119,111355,120583,138358,0.871524,0.86704,0.755646,0,1,0,21.095,0.5,20.0998,0.901388,1,0.901388,0,3,1,2,6,1.99877,0
3,2,0,837,245273,475794,20944,260298,475519,713401,0.666552,1.00058,0.666938,2,3,1,56.0357,1.06066,59.1354,0.790569,7.28011,0.707107,1,3,2,2,5,1.7011,1
3,2,1,2026,526736,1.08472e+06,32939,486965,1.11775e+06,1.23961e+06,0.901692,0.970457,0.875053,2,24,-1,0,0,0,0,0,0,-1,2,0,2,6,2.30903,1
3,2,2,541,234630,383629,18273,185117,383550,442962,0.865875,1.00021,0.866053,2,3,0,19.2094,0.790569,22.6716,0.790569,5,0,0,3,2,2,6,1.90613,1
3,2,1,349,237177,333296,19003,201321,377224,377528,0.999195,0.883549,0.882838,2,5,0,23.0217,0.559017,20.6155,0.75,2.23607,0.353553,0,3,2,2,6,1.9026,1
3,2,2,323,211321,300280,21084,194326,350354,360341,0.972285,0.857075,0.833321,2,12,0,1.41421,0.790569,1,0,1,0.790569,1,3,2,2,6,1.54041,1
3,2,1,151,179460,221047,20927,190419,221574,359233,0.616799,0.997622,0.615333,1,28,0,3.60555,0.901388,4.47214,0.5,1.41421,0.25,0,3,2,2,4,1.20976,1
3,2,2,311,229786,315440,21297,199269,358465,382089,0.938171,0.879974,0.825566,2,26,0,4.47214,0.790569,4.47214,0.353553,0,0.5,0,3,2,2,3,1.16383,1
3,1,6,13,262532,266112,25840,287880,306314,323620,0.946521,0.868758,0.822298,0,7,0,2.23607,0.790569,2.23607,0.790569,0,0,-1,3,2,2,5,1.5734,1
3,2,2,806,362540,584523,24827,331543,686258,793218,0.865157,0.851754,0.736901,1,5,1,131.046,0.790569,271.074,0.25,138.708,0.901388,1,3,2,2,4,1.94679,1
3,2,6,336,451690,544229,38435,663435,605639,603987,1.00274,0.898603,0.901061,2,2,0,16,0,16,0,0,0,-1,3,0,2,4,1.84522,1
3,2,2,734,359207,561361,22719,287571,598127,620840,0.963416,0.93853,0.904195,2,3,0,24.8395,1.06066,30.4138,0.559017,6.32456,0.901388,0,3,2,2,5,1.56107,1
3,2,2,271,116712,191349,14240,90084,322663,476129,0.67768,0.593031,0.401885,1,3,1,65.5134,0.75,71.5612,0.901388,6.40312,0.5,1,1,2,2,6,1.65131,1
3,2,2,100,152098,179639,21155,196823,208115,211921,0.982037,0.863175,0.84767,1,4,0,21.2132,0.559017,20.0998,0.75,1,0.790569,0,3,2,2,4,1.55713,1
3,2,2,296,166520,248042,18270,151036,264599,422662,0.62603,0.937427,0.586857,1,6,0,19.2354,0.901388,19.2354,0.901388,0,0,-1,3,2,2,5,1.49534,1
3,2,0,99,165217,192483,20684,204308,191932,606376,0.316523,1.00287,0.317432,2,2,-1,0,0,0,0,0,0,-1,2,0,2,6,2.23089,1
3,2,0,75,168531,189187,16548,161534,188636,291128,0.64795,1.00292,0.649842,2,1,0,20.6155,0.901388,17.8045,0.559017,5.09902,0.5,1,3,2,2,6,2.08958,1
3,2,2,149,89017,130054,11991,63197,134583,151303,0.889495,0.966345,0.859558,2,18,0,26.2488,0.707107,28.3196,0.901388,5.09902,0.25,1,3,1,2,6,1.81228,1
3,2,2,799,283604,503660,22725,253405,624357,818983,0.762357,0.806685,0.614982,1,3,0,0,0.901388,3.16228,0.75,3,0.353553,1,3,2,2,6,1.80588,1
3,2,1,333,131962,223675,15715,113445,244905,339226,0.721953,0.913312,0.659368,2,1,0,11.1803,0.901388,21.3776,0.5,10.0499,0.25,0,3,2,2,6,1.76608,1
3,2,2,1047,459205,747563,27112,353498,748306,951608,0.78636,0.999007,0.785579,2,9,0,1,0.901388,6.40312,0.790569,5,0.75,1,3,2,2,6,1.83034,1
3,2,0,35,301781,311420,39090,670092,312798,310870,1.0062,0.995598,1.00177,2,1,0,3,0.25,3,0.25,0,0,-1,1,2,2,6,1.93856,1
3,2,2,154,210516,252930,19236,186076,287497,662556,0.433922,0.879764,0.381748,1,12,0,19,1.06066,19,1.06066,0,0,-1,1,2,2,4,1.98932,1
3,2,2,515,142489,284327,14841,121563,332377,348518,0.953685,0.855436,0.815816,2,1,-1,0,0,0,0,0,0,-1,2,0,2,6,2.08685,1
3,2,2,260,89331,160939,13469,75353,170759,245116,0.696646,0.942489,0.656581,1,1,0,32.45,0.790569,47.0106,0.559017,17.0294,0.559017,1,3,2,2,6,1.95755,1
3,2,1,402,192618,303334,17397,124213,344500,359709,0.957719,0.880505,0.843276,1,4,-1,0,0,0,0,0,0,-1,2,0,2,6,1.73269,1
3,2,1,597,236381,400803,20650,195012,517007,534146,0.967913,0.775238,0.750363,2,1,0,23.0868,0.75,25.0799,0.559017,1,0.707107,0,3,2,2,6,1.8506,1
3,2,1,512,214633,355645,19812,193278,362829,375995,0.964985,0.980199,0.945877,1,1,0,17.2627,0.559017,17.2627,0.559017,0,0,-1,1,2,2,6,1.91816,1
3,2,2,144,63575,103235,9419,50809,147996,141456,1.04624,0.697548,0.729801,1,1,0,23.3452,0.901388,22.3607,1.06066,1,0.75,0,1,2,2,6,2.02441,1
3,2,0,58,41604,57578,9607,39695,57027.2,60609.2,0.9409,1.00966,0.949988,1,2,0,22.6716,0.707107,24.7588,0.707107,2.23607,0,1,1,1,2,6,1.65282,1
3,2,2,2167,624002,1.22082e+06,31090,502596,1.25537e+06,1.40142e+06,0.895787,0.972481,0.871136,2,3,-1,0,0,0,0,0,0,-1,2,0,2,6,1.84394,1
3,2,2,1347,363297,734279,26011,339887,758406,913203,0.83049,0.968188,0.80407,2,17,-1,0,0,0,0,0,0,-1,2,0,2,6,2.14412,1
3,2,1,85,56034,79444.2,14031,108367,93195.9,142979,0.651815,0.852442,0.555635,1,2,0,16.7631,0,18.6815,1.06066,2,1.06066,0,3,0,2,6,2.06437,1
3,2,1,600,244353,409601,20869,220427,513994,571850,0.898825,0.7969,0.716273,2,3,0,3.60555,0.559017,4.24264,0.901388,2.23607,0.353553,1,1,2,2,6,1.86005,1
3,2,2,267,409446,482981,33688,545672,572975,575953,0.994829,0.842936,0.838577,2,7,0,3.16228,0.25,3.16228,0.790569,0,0.25,0,3,2,2,6,2.20028,1
3,1,2,37,138159,148349,27765,654785,190681,334999,0.569198,0.777998,0.442835,0,2,0,21,0.559017,23.0217,0.353553,1.41421,0.901388,0,1,2,2,4,1.7735,1
3,2,4,34,34630,43994.1,9451,41057,54334.9,44567.8,1.21915,0.809683,0.987126,1,6,-1,0,0,0,0,0,0,-1,2,0,2,6,1.51541,1
3,1,0,33,38290,47378.7,11647,132769,46827.8,84960.4,0.551172,1.01176,0.557656,0,1,0,24.3311,1.06066,27.2947,0.75,3.16228,0.25,0,3,2,2,6,1.41775,0
3,2,2,850,336790,570892,22772,228960,615915,657444,0.936833,0.926899,0.86835,2,8,0,23.3452,0.559017,22.2036,0.790569,2,0.559017,0,3,2,2,5,1.5942,1
3,2,1,897,309346,556392,22279,236649,634392,690495,0.918749,0.877048,0.805787,2,2,0,25.4951,0.353553,25.4951,0.353553,0,0,0,3,2,2,6,2.0676,1
3,2,2,121,145371,178696,14919,132021,227179,238665,0.95187,0.786589,0.74873,2,1,0,23.5372,0.790569,24.5153,0.353553,1,0.5,0,3,2,2,6,2.04743,1
3,1,2,46,174506,187175,51320,2684762,251493,406463,0.618736,0.744255,0.460498,0,4,0,24.0208,0.25,24.0208,0.790569,2,0.75,1,3,2,2,6,1.63495,1
3,2,1,102,54647,82739.2,11973,68217,84447.1,103033,0.819611,0.979775,0.803034,1,1,-1,0,0,0,0,0,0,-1,2,0,2,6,1.52871,1
3,2,2,1175,468951,792562,30538,480752,933024,882861,1.05682,0.849455,0.89772,2,5,0,51.0392,0.790569,87.0919,0.559017,36.0555,0.75,1,3,2,2,6,1.93382,1
3,2,1,1317,271266,633986,22313,263747,633937,714493,0.887254,1.00008,0.887323,1,25,0,4.24264,0.559017,6.7082,0.353553,3,0.75,0,3,2,2,6,2.17474,1
3,2,1,739,258850,462381,20708,213808,484864,509382,0.951867,0.953629,0.907728,1,113,1,6.7082,1.06066,13,1.06066,6.32456,0,1,3,2,2,6,2.0509,1
3,2,2,1221,344710,680990,25802,320960,734614,892833,0.82279,0.927004,0.76273,2,4,0,6.32456,0.559017,9.05539,0.25,3.60555,0.5,1,3,2,2,6,1.99095,1
3,2,2,187,219592,271094,23777,320989,331571,409915,0.808878,0.817605,0.661343,1,1,0,3.60555,0.707107,5,0.790569,2.23607,0.790569,1,3,1,2,6,2.22777,1
3,2,2,1673,689034,1.1498e+06,34871,571747,1.21492e+06,1.28812e+06,0.943174,0.9464,0.89262,2,3,0,22,0.353553,23,0.25,0,0.75,0,3,2,2,4,1.78245,1
3,2,2,726,344570,544520,22662,289894,597407,674100,0.886229,0.911473,0.807773,2,1,0,21.587,0.559017,21.587,0.25,1.41421,0.790569,1,3,2,2,6,1.5632,1
3,2,1,50,86700,100471,12518,92314,100813,141557,0.712174,0.996604,0.709755,1,3,0,23.3452,0.353553,23.1948,0.559017,0,0.75,0,3,2,2,4,1.4573,1
3,2,1,63,96969,114320,13333,110675,136023,246205,0.552477,0.840449,0.464328,1,1,0,23.0868,1.06066,24.1661,0.707107,3.16228,0.790569,0,1,2,2,5,1.5072,1
3,2,2,801,293199,513805,23050,251128,593078,624966,0.948976,0.866337,0.822133,2,8,0,26.4764,0.5,26.4764,0.901388,0,0.75,1,3,1,2,6,2.02449,1
3,2,1,80,157932,179965,19418,208676,206533,322259,0.640891,0.871362,0.558448,1,2,0,23.3452,1.06066,25.2982,0.707107,4,1.06066,1,3,2,2,6,1.86959,1
3,2,0,269,207665,281751,22957,270939,281200,705317,0.398687,1.00196,0.399468,1,4,-1,0,0,0,0,0,0,-1,2,0,2,6,1.6566,1
3,2,1,188,147269,199047,17050,177512,210174,231564,0.907628,0.947057,0.859576,1,1,-1,0,0,0,0,0,0,-1,2,0,2,6,1.76654,1
3,2,2,499,289008,426439,18313,244397,521605,537132,0.971093,0.817553,0.79392,1,1,0,18.2483,0.353553,23.2594,0.25,6.7082,0.75,0,3,2,2,6,1.92296,1
3,2,2,349,202477,298596,16377,170927,303895,456636,0.665508,0.982564,0.653904,2,1,0,4.47214,0.707107,5.09902,0,2.82843,0.707107,1,3,1,2,6,2.18364,1
3,2,6,410,176776,289696,18618,160278,307276,404885,0.758921,0.942787,0.715501,2,1,0,4.47214,0.707107,4.47214,0.707107,0,0,-1,1,1,2,6,2.14949,1
3,2,2,135,92236,129417,13894,87280,139899,170680,0.819654,0.925076,0.758242,2,1,0,0,0.901388,3,0.707107,2,0.75,1,3,2,2,6,1.92435,1
3,2,2,324,410973,500207,29063,459401,549784,753403,0.729734,0.909825,0.66393,2,8,0,3.60555,0.901388,4.47214,0.790569,1.41421,0.559017,1,3,2,2,6,2.12244,1
3,2,2,83,513040,535899,41676,734756,629356,754435,0.834208,0.851505,0.710332,1,24,-1,0,0,0,0,0,0,-1,2,0,2,4,2.33711,1
3,2,7,1211,634912,968438,34588,589318,1.21585e+06,1.09186e+06,1.11356,0.796513,0.886965,1,2,0,3,0.25,3,0.25,0,0,-1,3,2,2,6,1.99303,1
3,2,0,121,55035,88360.1,10787,65661,87533.8,89046.8,0.983009,1.00944,0.992288,1,2,0,24.3516,0.25,25.632,0.25,1,0.790569,1,3,2,2,6,1.88894,1
3,2,0,40,44174,55190.5,10634,74946,54364.3,129227,0.420689,1.0152,0.427083,1,1,0,26.2488,0.5,27.2029,0.901388,1,0.75,1,3,1,2,6,1.56612,0
3,2,1,317,97024,184330,12538,82790,215807,223387,0.966067,0.854143,0.825159,1,7,0,24.5153,0.353553,25.4951,0.901388,1.41421,0.559017,1,3,2,2,5,1.60358,1
3,2,1,116,175801,207749,19272,179206,229231,247153,0.927485,0.906286,0.840567,2,12,0,23.5372,0.559017,23.5372,0.707107,1,0.25,1,3,2,2,6,2.05713,1
3,2,2,98,191774,218765,20168,206272,270615,253033,1.06948,0.808399,0.864569,1,1,0,24.3311,0.559017,24.3311,0.559017,0,0,0,3,2,2,6,1.96149,1
3,2,2,127,123283,158261,14118,118696,159259,188145,0.846469,0.993731,0.841163,1,8,0,20.025,0.901388,21.3776,0.25,2,0.790569,1,3,2,2,6,1.9382,1
3,3,0,582,198927,359218,32700,884950,410741,398299,1.03124,0.87456,0.901879,1,1,-1,0,0,0,0,0,0,-1,0,0,2,6,1.71168,1
3,2,1,398,309088,418703,22412,337722,428337,466164,0.918854,0.977508,0.898187,1,1,0,0,1.06066,4.12311,0.5,3,0.790569,0,3,2,2,6,2.06488,1
3,2,2,122,144240,177840,13260,128598,243778,306104,0.796389,0.729519,0.580981,1,7,0,5,1.06066,10.0499,0.707107,5,1.06066,0,3,2,2,6,1.88933,1
3,2,2,67,61116,79568.7,10183,49919,80163.1,88886.4,0.901859,0.992586,0.895173,1,2,0,0,0,0,0,0,0,-1,3,0,2,6,1.79911,1
3,2,0,311,349852,435506,33062,550614,434404,505858,0.858747,1.00254,0.860925,2,90,1,8.06226,0.901388,7.07107,0.25,0,0.790569,1,3,2,2,6,1.99497,1
4,2,1,234,400931,563870,39930,724656,566894,587432,0.965037,0.994666,0.959889,1,1,0,2,0.25,2,0.5,1,0.25,0,1,2,2,2,1.90857,1
4,0,0,1,282483,283179,23678,232710,286395,282483,1.01385,0.988771,1.00246,0,3,0,2,0.25,2,0.25,0,0,-1,1,2,0,1,0.479167,0
4,0,0,1,270144,270840,23443,225755,271954,270144,1.0067,0.995906,1.00258,0,3,0,2,0.25,2,0.25,0,0,-1,1,2,1,1,0.512821,0
4,2,4,155,488568,596498,45324,929428,620515,615641,1.00792,0.961294,0.968905,1,4,0,2,0.25,2,0.25,0,0,-1,3,2,2,2,1.37255,1
4,1,0,25,181803,199211,36390,960028,198515,605577,0.327811,1.00351,0.328961,0,29,0,10,0.559017,10.0499,0.25,1,0.790569,1,3,2,2,3,1.93907,0
4,2,2,400,472304,750832,33251,582327,1.15765e+06,1.43849e+06,0.804767,0.648582,0.521957,2,2,0,10.0499,0.353553,10.0499,0.25,1,0.75,0,3,2,2,2,1.33333,1
4,2,2,166,528539,644128,36319,653889,734856,1.32318e+06,0.555371,0.876537,0.486803,1,3,0,10,0.559017,10.6301,1.06066,2.23607,0.559017,1,3,2,2,3,2.24,1
4,2,2,124,539348,625692,39410,703060,964052,963688,1.00038,0.649023,0.649268,2,4,0,8.544,0.790569,7.28011,0.75,1,0.25,1,3,2,2,3,1.80316,1
4,0,0,2,290267,291660,24550,245764,297927,290963,1.02393,0.978965,1.00239,0,2,-1,0,0,0,0,0,0,-1,2,0,1,2,1.1325,0
4,1,0,18,206856,219390,20168,187166,219390,271369,0.808456,1,0.808456,0,1,0,2,0.25,2,0.75,1,0.5,0,3,2,2,2,1.25758,0
4,1,0,20,96979,110905,11674,61194,110905,111040,0.998791,1,0.998791,0,4,0,2.23607,0.790569,2.23607,1.06066,1,0.5,1,3,2,0,0,0,0
4,0,0,3,152897,154986,14837,98659,156837,154290,1.01651,0.988195,1.00451,0,1,0,2.23607,0.790569,2.23607,0.790569,0,0,-1,3,2,1,1,0.479167,1
4,1,0,17,273165,285002,23475,234755,284306,289486,0.982108,1.00245,0.984513,0,1,0,2,0.5,2,0,1,0.5,1,3,1,1,2,0.979167,0
4,2,2,73,516577,567408,43470,930432,701584,811074,0.865006,0.808753,0.699576,1,1,0,15,0.353553,16.4012,1.06066,2.82843,0.707107,1,3,2,2,4,1.47707,1
4,1,0,20,305037,318963,25881,268481,318267,319278,0.996833,1.00219,0.999014,0,1,0,2,0.5,2,0.75,1,0.25,0,3,1,0,2,0.599232,0
4,2,1,210,409401,555628,48212,1049984,557012,560297,0.994137,0.997515,0.991666,1,3,0,2,0.5,2,0.5,0,0,-1,3,1,2,2,0.871642,1
4,2,7,210,478821,625048,31336,545338,882889,873292,1.01099,0.707958,0.715738,2,5,0,2,0.25,2,0.25,0,0,-1,1,2,2,5,1.30624,1
4,1,0,21,139298,153921,15133,152905,153921,180547,0.852523,1,0.852523,0,2,0,10.0499,0.353553,10,0.75,0,0.559017,1,3,2,1,3,1.25274,0
4,2,0,262,254846,437282,24481,372929,437282,467667,0.935028,1,0.935028,1,1,0,9.05539,0.707107,8.06226,1.06066,1.41421,0.790569,0,3,1,2,4,1.09743,1
4,2,1,891,963046,1.58347e+06,44309,913237,1.59971e+06,1.67325e+06,0.956054,0.989844,0.946344,2,5,0,8.06226,0.707107,8.48528,0.901388,3.16228,0.25,1,3,1,2,6,1.8667,1
4,2,2,110,180518,257113,19241,205081,265960,339963,0.782321,0.966736,0.756298,2,3,0,7.2111,1.06066,4.12311,0.75,2.82843,0.75,0,3,2,2,6,1.38663,1
4,2,7,139,284464,381252,21756,295142,496430,447171,1.11016,0.767988,0.852588,1,3,0,12.53,0.25,12.53,0.25,0,0,-1,3,2,2,4,1.22593,1
4,1,2,27,269652,288453,22453,240109,304540,322601,0.944015,0.947174,0.894146,0,2,0,1,0.353553,1,0.707107,1,0.353553,0,3,2,2,3,0.985376,1
4,1,0,21,232437,247060,18878,167728,247060,271304,0.910639,1,0.910639,0,1,0,2.23607,0.25,2.82843,0.353553,1,0.25,0,3,2,2,3,0.914305,0
4,1,2,29,234805,254998,21247,208155,281657,290189,0.970598,0.90535,0.878731,0,1,0,2.23607,0.25,2.23607,0.25,0,0,-1,3,2,2,4,0.832137,1
4,0,0,3,251905,253994,22440,209128,260540,253994,1.02577,0.974873,1,0,2,0,2,0.5,2,0.5,0,0,-1,3,1,2,4,0.971429,0
4,2,1,287,553892,753736,33791,654437,887552,931749,0.952566,0.84923,0.808947,2,3,0,2,0.25,1,0,0,0.25,0,3,2,2,4,1.89947,1
4,2,0,394,574192,848542,42920,912992,847846,869553,0.975036,1.00082,0.975837,2,3,0,2,0.5,2,0.5,0,0,1,3,1,2,4,1.80539,1
4,2,0,87,268218,328798,20881,252401,346133,327405,1.0572,0.949917,1.00425,2,1,0,11.1803,0.5,11.1803,0.5,0,0,-1,1,1,2,5,1.63804,1
4,2,2,121,206379,290634,20417,201879,414839,395349,1.0493,0.700594,0.735132,1,7,0,12.083,0,13.9284,0.5,2,0.5,1,1,0,2,6,1.48155,1
4,0,0,4,139955,142740,14113,96597,154865,142044,1.09026,0.921705,1.0049,0,1,0,10.0499,0.353553,10.0499,0.353553,0,0,-1,3,2,2,4,1.34504,0
4,1,0,22,97912,113231,12765,77529,113231,126993,0.891635,1,0.891635,0,1,0,9.05539,0.707107,8.06226,1.06066,1.41421,0.790569,0,3,1,2,4,1.28459,0
4,2,6,385,329888,597971,24308,306128,737824,890639,0.828421,0.810452,0.671396,2,1,0,9.05539,0.707107,9.05539,0.707107,0,0,-1,3,1,2,5,1.63905,1
4,1,0,32,124991,147273,17149,250819,145881,217104,0.671938,1.00955,0.678353,0,4,0,11.4018,0.707107,9.21954,0.790569,1.41421,0.790569,1,3,1,2,6,1.77154,1
4,1,2,25,129703,147111,13751,120415,150178,180775,0.830746,0.979579,0.813782,0,9,0,13.6015,0.790569,13.6015,0.790569,0,0,-1,3,2,2,6,1.40949,1
4,2,2,330,376561,606347,29786,491780,838173,876241,0.956556,0.723414,0.691986,2,1,0,0,0.790569,5.09902,0.790569,4.12311,0.707107,1,3,2,2,6,1.63926,1
4,2,0,34,169433,193108,18853,233815,194522,192412,1.01097,0.992729,1.00362,1,1,0,6.08276,0.353553,6.08276,0.353553,0,0,-1,3,2,2,4,1.27066,1
4,2,2,224,578338,734314,35296,630502,808612,1.03563e+06,0.780789,0.908116,0.709047,1,4,0,1,0.790569,2.82843,0.353553,1.41421,0.5,1,3,2,2,5,1.1738,1
4,0,0,3,279483,281572,24057,241171,290624,280876,1.03471,0.968852,1.00248,0,3,0,2,0.5,2,0.5,0,0,-1,3,1,2,4,1.24895,0
4,1,2,41,195019,223568,41615,1557965,300500,692881,0.433696,0.743987,0.322665,0,9,0,9.05539,0.790569,8.544,0.790569,1.41421,0.707107,0,1,2,2,4,1.9321,1
4,2,2,82,154237,211335,17661,169779,246393,298124,0.826478,0.857717,0.708884,1,1,-1,0,0,0,0,0,0,-1,2,0,2,6,1.89526,1
4,2,1,66,110971,156928,18357,142461,191363,213655,0.895663,0.820057,0.734495,2,4,0,10.8167,1.06066,10.8167,1.06066,0,0,-1,3,2,2,6,1.67536,1
4,2,0,138,203837,299929,21924,202086,298537,327221,0.912338,1.00466,0.916594,1,5,-1,0,0,0,0,0,0,-1,2,0,2,6,1.47538,1
4,2,2,132,333926,425840,28194,385374,449464,433358,1.03717,0.94744,0.982651,2,7,0,10.0499,0.353553,10.0499,0.353553,0,0,-1,3,2,2,4,1.32573,1
4,1,1,51,148425,183937,19542,250428,243469,220162,1.10586,0.755486,0.835465,0,5,0,8.06226,0.707107,7.07107,0.707107,1,0,1,3,1,2,3,1.11075,1
4,2,2,72,103848,153983,17310,169290,215509,209929,1.02658,0.714508,0.7335,2,1,0,11.1803,0.901388,11.1803,0.901388,0,0,0,1,2,2,5,1.21105,1
4,0,0,6,61293,65470.9,8667,37415,78799.9,64078.3,1.22974,0.83085,1.02173,0,10,0,13.6015,0.790569,13.6015,0.790569,0,0,-1,3,2,2,6,1.45811,1
4,2,1,829,1213702,1.79095e+06,43937,999783,1.8039e+06,2.1495e+06,0.839221,0.99282,0.833195,2,7,0,10.6301,0.559017,8.06226,0.790569,2.23607,0.559017,1,3,2,2,6,1.86299,1
4,2,2,451,538578,852618,38401,727091,1.05287e+06,1.16342e+06,0.904985,0.8098,0.732858,1,20,0,2.23607,0.707107,4.12311,0.5,2.23607,0.5,1,3,1,2,6,2.0593,1
4,1,0,35,64572,88943.2,13204,154046,86854.2,217151,0.399971,1.02405,0.409591,0,6,0,7.28011,0.559017,8.544,0.559017,1.41421,0.790569,0,3,2,2,6,1.49262,0
4,2,0,219,269154,421648,26267,338387,420952,647421,0.650198,1.00165,0.651273,2,3,0,3.16228,0.559017,3.16228,0,1.41421,0.901388,1,3,2,2,5,1.10462,1
4,1,2,26,322403,340507,25430,304334,373600,368726,1.01322,0.911422,0.923471,0,2,0,2,0.559017,2,0.707107,0,0.25,0,3,2,2,4,1.49035,0
4,1,2,34,79305,102980,14831,123519,103053,144351,0.713908,0.99929,0.713401,0,3,0,10.0499,0.790569,12,0.707107,1.41421,1.06066,0,1,2,2,4,1.29359,0
4,1,1,12,61719,70074.8,9220,41010,77703,71470,1.08721,0.901829,0.98048,0,1,0,10.0499,0,10.0499,0,0,0,-1,3,0,2,5,1.1987,0
4,0,0,6,26084,30261.9,6482,20300,35164.4,29565.6,1.18937,0.860583,1.02355,0,1,0,12.1655,0.790569,12.1655,0.790569,0,0,-1,3,2,1,4,0.998098,0
4,2,1,99,327712,396648,28820,373376,428488,547548,0.782558,0.925691,0.724407,1,34,0,10.198,0.901388,9.21954,0.353553,2,0.559017,0,3,2,2,5,1.50881,1
4,2,2,172,374421,494188,28989,427951,524159,514865,1.01805,0.942822,0.95984,1,19,0,11.1803,0.901388,12.1655,0.5,0,0.25,0,3,2,2,6,1.6145,1
4,1,4,15,99784,110229,12855,117899,119544,124644,0.959082,0.922079,0.884349,0,2,0,11.1803,0.901388,11.1803,0.901388,0,0,-1,3,2,2,6,1.51446,1
4,1,2,43,171844,201786,32608,934588,216568,1.01969e+06,0.212387,0.931742,0.19789,0,25,0,12,0,12.0416,0.559017,1,0.559017,0,3,0,2,6,1.22132,0
4,1,7,13,68203,77255.2,8981,49203,123168,138030,0.892329,0.627234,0.559699,0,6,0,11,0.5,11,0.5,0,0,-1,3,1,2,5,1.17903,0
4,2,6,292,646525,849850,40312,824316,910931,916688,0.99372,0.932947,0.927088,2,2,0,10.2956,0.25,10.2956,0.25,0,0,-1,3,2,2,5,1.64956,1
4,2,1,529,367875,736228,30649,516105,790047,943850,0.837048,0.931879,0.780027,1,5,0,2.23607,0.901388,2.82843,0.901388,1.41421,0.790569,0,3,2,2,6,1.85785,1
4,2,2,258,366434,546085,32007,528827,660776,736168,0.897589,0.826429,0.741793,1,57,1,6.7082,0.353553,10.0499,0.75,3.16228,0.901388,0,1,2,2,4,1.55653,1
4,2,2,366,425628,680481,34891,661661,736798,949461,0.776018,0.923565,0.716703,2,2,0,2.82843,1.06066,3.16228,0.5,1,1.06066,1,3,2,2,5,1.32172,1
4,0,0,5,194389,197871,17397,169531,202745,197174,1.02825,0.975959,1.00353,0,3,0,2,0.5,2,0.5,0,0,-1,1,1,2,4,1.46438,1
4,2,2,258,1009318,1.18897e+06,42284,860220,1.23667e+06,1.2963e+06,0.954001,0.961428,0.917204,1,1,0,10.0499,0.901388,11.1803,0.5,0,0.901388,0,1,2,2,2,1.06579,1
4,2,2,271,821895,1.0106e+06,37651,748285,1.04728e+06,1.31692e+06,0.795253,0.964972,0.767396,2,1,0,9.05539,1.06066,9.48683,0.707107,2.23607,0.790569,1,3,2,2,3,1.15073,1
4,1,0,20,82543,96469.4,14402,178346,95773.1,109013,0.878545,1.00727,0.884933,0,3,0,11.0454,0.25,11,0,1.41421,0.25,0,3,2,2,3,1.03011,0
4,1,2,30,68945,89834.6,11210,101096,101733,117741,0.864041,0.883046,0.762987,0,2,0,11.0454,0.25,11.0454,0.25,0,0,-1,3,2,2,4,0.948718,0
4,1,1,38,308058,334518,26152,615540,380924,474215,0.803272,0.878176,0.705414,0,27,0,12.1655,0.901388,13.0384,0.790569,0,0.901388,1,3,2,2,5,1.2915,1
4,1,2,31,127263,148849,16686,180148,151102,201804,0.748758,0.985087,0.737592,0,2,0,11.1803,0.707107,11.1803,0.559017,1,0.25,1,3,1,2,6,1.29023,0
4,1,1,36,101856,126924,12786,122984,127379,149477,0.852166,0.996421,0.849116,0,1,0,11.0454,0.75,10.198,0.707107,1.41421,0.901388,1,3,2,2,3,0.799908,1
4,1,2,46,269779,301810,34143,1333621,487609,1.00948e+06,0.483032,0.618958,0.298976,0,27,0,11.0454,0.25,10.198,0.707107,1.41421,0.559017,1,3,2,2,3,1.18292,1
4,2,1,85,234939,294126,17710,213280,341032,359496,0.948638,0.86246,0.818162,1,6,0,5.38516,0.75,11.1803,0.559017,5.83095,0.707107,1,3,2,2,5,1.57118,1
4,1,1,33,159520,182499,16252,207028,189169,242746,0.779289,0.964738,0.75181,0,2,0,1.41421,0,2,0.353553,1.41421,0.353553,0,3,0,2,6,2.04799,0
4,2,6,60,212276,254055,20996,236012,335456,316012,1.06153,0.757343,0.803942,2,1,0,8,0.353553,8,0.353553,0,0,-1,3,2,2,5,1.47476,1
4,1,0,22,92758,108077,12695,86649,107381,117047,0.917416,1.00648,0.923365,0,2,0,3,0.559017,3,0.75,1,0.790569,1,3,2,2,6,1.5008,0
4,1,1,40,335512,363365,25702,412988,396256,481396,0.82314,0.916994,0.754814,0,1,0,3,0.25,3.16228,0.559017,1,0.5,0,3,2,2,5,1.37995,1
4,1,2,24,466244,482956,33930,503638,536539,531125,1.01019,0.900132,0.909307,0,2,-1,0,0,0,0,0,0,-1,2,0,2,4,2.13893,0
4,2,1,395,1141855,1.4169e+06,54874,1365142,1.44775e+06,1.67594e+06,0.863845,0.97869,0.845436,2,13,1,7.07107,0.25,8.06226,0.901388,1.41421,0.790569,0,3,2,2,5,1.58725,1
4,1,2,22,82510,97829,11211,104599,133011,141975,0.936865,0.735495,0.68906,0,6,0,12.083,0,12.083,0,0,0,-1,3,0,2,4,1.30335,1
4,1,0,22,49411,64730,9188,55908,64033.7,69560.6,0.920545,1.01087,0.930556,0,12,0,11.7047,0.901388,12.6491,0.707107,0,0.75,1,3,2,1,2,0.718531,0
4,2,4,62,112949,156121,13010,85638,160643,173020,0.928467,0.971849,0.90233,1,1,-1,0,0,0,0,0,0,-1,2,0,2,4,0.735577,1
4,0,0,4,174496,177281,15651,119675,184383,176585,1.04416,0.961484,1.00394,0,24,0,11.1803,0.707107,11.1803,0.707107,0,0,-1,3,1,2,4,1.38794,1
4,1,2,32,189148,211430,17468,207392,220863,328572,0.672191,0.957291,0.643483,0,13,0,11.1803,0.707107,11.1803,0.707107,0,0,-1,3,1,2,5,1.17898,0
4,1,6,12,132919,141275,14742,189438,141312,216818,0.651753,0.999737,0.651582,0,5,0,11.0454,0,11.0454,0,0,0,-1,3,0,2,5,1.36063,0
4,2,5,83,218489,276284,17365,241237,314506,338409,0.929367,0.878469,0.81642,1,1,0,7.28011,0.901388,7.28011,0.901388,0,0,-1,3,2,2,5,1.03604,1
4,2,0,112,300810,378798,26865,508233,378102,469381,0.805533,1.00184,0.807016,2,4,0,2,0.5,2,0.75,1,0.25,0,3,1,2,4,1.70655,1
4,1,2,39,109064,136220,18478,361330,156070,319391,0.488648,0.872817,0.426501,0,18,0,3,0.75,6,0.5,3,0.75,0,1,2,2,5,1.27439,0
4,0,0,4,50812,53597.3,8917,39149,59214,53597.3,1.1048,0.905145,1,0,3,0,2,0.25,2,0.25,0,0,-1,3,2,2,3,1.0083,0
4,1,2,36,394783,419851,28566,392646,436965,435350,1.00371,0.960834,0.964398,0,2,0,2,0.75,2,0,1,0.25,1,3,2,2,4,1.11106,0
4,2,2,108,252479,327682,31348,481160,634779,741884,0.855631,0.516214,0.441688,1,9,-1,0,0,0,0,0,0,-1,2,0,2,2,2.02857,1
4,0,0,1,280688,281384,23907,231171,283898,280688,1.01144,0.991145,1.00248,0,2,1,4,0.5,4,0.5,0,0,-1,1,1,1,2,1.3871,0
4,1,0,18,254191,266725,24096,239808,266725,271140,0.983715,1,0.983715,0,2,1,4,0.5,4,0.5,0,0,0,3,1,1,1,0.596491,0
4,2,2,149,472086,575838,40691,751561,943984,1.17007e+06,0.806773,0.610008,0.492138,2,2,1,4,0.5,4,0.5,0,0,0,1,1,2,2,1.61816,1
4,2,2,497,427069,773140,32499,509417,790346,870858,0.907549,0.978229,0.887791,1,4,-1,0,0,0,0,0,0,-1,2,0,2,3,2.08016,1
4,1,2,37,282607,308371,41430,1777204,366742,788966,0.464839,0.840838,0.390854,0,29,-1,0,0,0,0,0,0,-1,2,0,2,3,2.20513,1
4,2,2,57,588709,628399,40553,759275,647925,757874,0.854924,0.969864,0.829161,1,1,0,8.94427,0.707107,8.94427,0.901388,1,0.25,0,3,1,2,3,2.10667,1
4,1,7,11,651175,658835,31611,691319,779700,1.10403e+06,0.706233,0.844984,0.596756,0,4,0,7,0.25,7,0.25,0,0,-1,3,2,2,3,2.19645,1
4,0,0,3,279944,282033,24093,236087,287085,281337,1.02043,0.982402,1.00248,0,3,0,2,0.25,2,0.25,0,0,-1,1,2,2,3,2.04993,0
4,1,6,14,245839,255587,23718,282496,413260,366921,1.12629,0.618467,0.696573,0,1,0,2,0.25,2,0.25,0,0,-1,3,2,2,2,1.26948,1
4,1,1,27,99862,118663,13297,80677,118085,138543,0.852331,1.00489,0.856502,0,1,-1,0,0,0,0,0,0,-1,2,0,1,2,1.1444,0
4,1,1,26,122052,140156,17650,146920,141346,213890,0.660837,0.99158,0.655273,0,1,0,3.16228,0.790569,3.16228,0.790569,0,0,-1,3,2,1,1,0.545455,0
4,1,2,31,252375,273961,24366,251712,273361,296502,0.921954,1.00219,0.923976,0,14,0,1,0.25,1,0.901388,0,0.353553,1,3,2,2,2,1.35795,0
4,2,2,180,361982,487320,31059,573795,835765,793922,1.0527,0.583082,0.613813,1,1,0,15,0.353553,16.4012,1.06066,2.82843,0.707107,1,3,2,2,4,1.52679,1
4,0,0,4,305950,308735,25383,253621,314963,308039,1.02248,0.980226,1.00226,0,4,1,4,0.5,4,0.5,0,0,-1,3,1,1,3,1,0
4,2,0,52,363532,399741,50518,1161002,399044,441687,0.903455,1.00174,0.905031,1,6,-1,0,0,0,0,0,0,-1,2,0,2,2,0.96907,1
4,2,2,337,532224,766884,35652,652402,893624,1179304,0.757755,0.858173,0.650285,2,12,1,4,0.559017,4,0.707107,0,0.25,1,1,2,2,5,1.67215,1
4,1,7,19,77764,90994.1,10317,52147,92382.4,112536,0.820912,0.984972,0.808575,0,1,0,11.7047,0.559017,11.7047,0.559017,0,0,-1,3,2,1,5,1.49179,0
4,2,4,456,392599,710121,27683,441745,990423,985811,1.00468,0.716988,0.720342,2,1,0,8.94427,0.559017,8.94427,0.559017,0,0,-1,3,2,2,5,1.62493,1
4,2,1,241,684548,852361,42783,886669,910186,1.08635e+06,0.837839,0.936469,0.784611,1,9,0,8.94427,0.559017,8.06226,0.5,1,0.901388,0,3,2,2,6,2.04895,1
4,2,1,299,398591,606791,26580,387584,615529,661855,0.930005,0.985804,0.916802,2,1,0,7.28011,0.559017,6,0.75,2,0.5,0,3,2,2,6,1.83902,1
4,1,1,38,197266,223726,19912,219426,239818,253589,0.945696,0.932898,0.882238,0,2,0,2.23607,0.559017,2.23607,0.25,1,0.5,1,3,2,2,4,1.71652,1
4,1,0,23,283207,299222,23905,285709,297830,384467,0.774656,1.00468,0.778278,0,2,0,2.23607,0.25,2,0.25,0,0.790569,0,3,2,2,5,1.23887,0
4,1,0,22,151418,166737,16241,124787,166737,196274,0.84951,1,0.84951,0,2,0,3.16228,0.75,4.47214,0.790569,1.41421,0.901388,1,3,2,2,3,0.738866,0
4,1,2,7,201545,206419,17795,144697,224778,213968,1.05052,0.918326,0.964719,0,1,0,3.16228,0.75,3.16228,0.75,0,0,-1,3,2,2,2,0.657895,0
4,1,6,10,248015,254978,26023,292563,319881,340296,0.940009,0.797102,0.749283,0,1,0,3.16228,0.353553,3.16228,0.353553,0,0,-1,3,2,2,2,0.625,0
4,3,0,536,596736,969964,60475,1913015,1.07217e+06,1.11444e+06,0.962072,0.904674,0.870362,1,1,-1,0,0,0,0,0,0,-1,0,0,2,4,1.78,1
4,2,0,76,406582,459502,51720,1215476,458806,530290,0.865198,1.00152,0.866511,1,4,-1,0,0,0,0,0,0,-1,2,0,2,4,1.62164,1
4,2,2,299,522585,730785,37961,728489,1.11898e+06,879925,1.27168,0.65308,0.830508,2,1,0,2,0.25,2,0.25,0,0,-1,3,2,2,5,1.72112,1
4,2,2,60,143472,185251,20447,218457,193069,229038,0.842954,0.959508,0.808822,1,3,0,11.1803,0.901388,11.0454,0.559017,1,0.5,1,1,2,2,6,1.56107,1
4,0,0,2,136963,138356,14075,99427,145908,137659,1.05992,0.948238,1.00506,0,2,0,11.7047,0.559017,11.7047,0.559017,0,0,-1,3,2,2,4,1.34894,0
4,2,7,384,362477,629864,24567,307905,648552,639645,1.01393,0.971185,0.984709,1,3,0,10.7703,0.901388,10.7703,0.901388,0,0,-1,3,2,2,4,1.40996,1
4,2,0,61,229715,272191,29124,476986,271494,407848,0.665675,1.00256,0.667383,2,1,-1,0,0,0,0,0,0,-1,2,0,2,6,2.13704,1
4,1,0,28,141384,160881,17395,213123,159488,231370,0.689321,1.00873,0.69534,0,6,0,8.94427,0.790569,9.43398,0.559017,1.41421,0.559017,1,3,2,2,6,1.96708,0
4,1,4,11,81574,89233.5,12707,99581,128540,113485,1.13265,0.694211,0.786299,0,6,0,3.16228,0.901388,3.16228,0.901388,0,0,-1,3,2,2,5,1.05186,1
4,2,2,407,395730,679132,29348,440206,808146,841948,0.959852,0.840358,0.80662,1,33,0,2,0.25,2,0.75,0,0.5,1,3,2,2,4,1.33084,1
4,2,4,164,243703,357899,21132,227702,476893,456357,1.045,0.750481,0.784253,2,6,0,5.09902,0.707107,5.09902,0.707107,0,0,-1,3,1,2,3,0.9925,1
4,2,2,143,529190,628764,34884,632884,661902,725471,0.912377,0.949934,0.866698,2,4,0,3,0.5,4.12311,0.790569,1,1.06066,1,3,1,2,3,1.16222,1
4,0,0,4,309608,312393,25044,263190,316852,311697,1.01654,0.985927,1.00223,0,4,0,1,0.25,1,0.25,0,0,-1,3,2,2,3,1.14769,0
4,1,0,18,155163,167697,43664,1774986,167000,568051,0.293989,1.00417,0.295215,0,17,0,12.3693,0.790569,11.1803,1.06066,1.41421,0.5,1,1,2,2,4,1.74489,0
4,2,4,221,297523,451410,25801,408229,729016,670175,1.0878,0.619204,0.67357,2,1,-1,0,0,0,0,0,0,-1,2,0,2,5,1.59774,1
4,1,2,76,201559,254479,27646,385756,287563,426647,0.674006,0.884952,0.596463,0,5,0,15.2643,0.901388,24.0416,0.901388,10,1.06066,1,3,2,2,6,1.58827,1
4,1,1,45,207022,238356,17424,184634,239010,252527,0.94647,0.997267,0.943883,0,6,0,11.4018,0.75,12.3693,0.75,0,0.353553,1,3,2,2,6,1.39613,1
4,1,1,50,185909,220725,18177,218143,221308,391365,0.565478,0.997364,0.563988,0,1,0,10.4403,0.25,9.48683,0.75,2,0.353553,0,3,2,2,4,1.47191,1
4,2,2,324,437319,662927,29483,448441,673551,811987,0.829509,0.984227,0.816425,1,1,0,9.84886,0.790569,8.94427,0.75,2,0.25,1,3,2,2,5,1.62231,1
4,1,5,13,52583,61635.2,8680,42310,61274.5,146870,0.417203,1.00589,0.419659,0,8,-1,0,0,0,0,0,0,-1,2,0,2,6,1.64023,1
4,0,0,5,43022,46503.6,8424,31082,54168,45807.3,1.18252,0.858508,1.0152,0,1,0,8.94427,0.790569,8.94427,0.790569,0,0,-1,3,2,2,4,1.23046,0
4,2,0,681,800291,1.27448e+06,36316,791510,1.27379e+06,1.48812e+06,0.855972,1.00055,0.85644,1,5,0,8.94427,0.901388,9.84886,0.353553,1,0.559017,0,3,2,2,4,1.37185,1
4,2,2,456,445963,763485,33635,601599,774691,1.1558e+06,0.670261,0.985535,0.660566,1,5,0,1.41421,0.901388,1.41421,0.559017,1,0.790569,0,3,2,2,6,2.02641,1
4,1,2,11,54767,62426.5,9636,42756,74350.3,64413,1.15428,0.839627,0.969161,0,2,0,12.3693,0.790569,12.3693,0.790569,0,0,-1,3,2,2,6,1.7921,0
4,2,1,274,315216,506008,28205,415827,571725,799707,0.714918,0.885054,0.632741,2,3,0,1,0.25,3.16228,0.559017,2.23607,0.353553,1,3,2,2,5,1.47789,1
4,1,6,16,420999,432140,32532,562192,769037,766901,1.00279,0.561924,0.563489,0,2,0,2.23607,0.75,2.23607,0.75,0,0,-1,3,2,2,4,1.49767,1
4,1,0,14,117492,127240,12864,113014,126544,186937,0.676935,1.0055,0.68066,0,2,0,12.3693,0,12.3693,0.25,0,0.75,1,1,0,2,2,1.37651,0
4,0,0,6,20651,24828.9,6676,18604,35747.4,24132.6,1.48129,0.694567,1.02885,0,1,0,12.3693,0,12.3693,0,0,0,-1,3,0,2,4,0.881579,0
4,0,0,3,82052,84141,10426,63058,107472,83444.6,1.28794,0.782913,1.00834,0,1,0,11.7047,0.559017,11.7047,0.559017,0,0,-1,3,2,1,4,1.01316,0
4,2,1,234,410149,573088,32972,491592,605714,817939,0.740537,0.946136,0.700649,2,8,0,10.7703,0.75,11.1803,0.75,1.41421,1.06066,0,3,2,2,5,1.36052,1
4,2,1,138,309083,405175,29142,484520,621945,679869,0.914801,0.651465,0.59596,2,3,0,9.84886,0.25,8.544,0.5,1,0.559017,1,1,2,2,6,1.72962,1
4,2,2,60,143315,185094,24380,366932,220462,332701,0.662641,0.839576,0.556337,1,23,0,9.84886,0.707107,9.84886,0.707107,0,0,-1,3,1,2,6,1.60025,1
4,1,1,21,101813,116436,11787,93845,123727,229484,0.539152,0.941072,0.507381,0,3,0,11.1803,0.707107,11.1803,0.707107,0,0,-1,3,1,2,6,1.20132,1
4,1,1,18,65704,78237.8,11005,61161,83967.7,80172.3,1.04734,0.93176,0.97587,0,1,0,8.544,0.75,8.544,0.75,0,0,-1,3,2,2,4,1.25919,0
4,2,6,389,687578,958446,40372,851436,1.31387e+06,1.03208e+06,1.27303,0.729482,0.928655,2,1,0,7.28011,0.901388,7.28011,0.901388,0,0,-1,3,2,2,4,1.50189,1
4,2,7,370,509781,767419,32901,615155,910302,911899,0.998248,0.843039,0.841562,1,20,0,3,0.75,3,0.75,0,0,-1,3,2,2,6,1.88777,1
4,1,2,26,340495,358599,23713,382339,536420,410725,1.30603,0.668505,0.873088,0,8,0,11.1803,0.790569,11.1803,0.790569,0,0,-1,3,2,2,4,1.51516,1
4,2,2,390,468949,740514,33395,608213,915399,1.14594e+06,0.798819,0.808952,0.646206,2,1,0,5.38516,0.5,1,0.559017,5.09902,0.75,0,3,1,2,5,1.47321,1
4,1,7,17,265606,277443,19981,268689,433672,388182,1.11719,0.639754,0.714725,0,4,0,2.23607,0.75,2.23607,0.75,0,0,-1,3,2,2,6,1.79865,1
4,2,2,335,1145596,1.37886e+06,45907,982475,1.50075e+06,1.49752e+06,1.00216,0.91878,0.920761,1,2,0,11.7047,0.707107,11.7047,0,1.41421,0.707107,0,3,1,2,2,1.23887,1
4,1,2,46,209589,241620,18372,295522,265714,347200,0.765305,0.909323,0.69591,0,12,0,12.083,0.790569,12.083,0.25,1,0.25,0,3,2,2,3,1.12097,1
4,1,0,26,66502,84606.3,12248,132316,83910,87668.3,0.957131,1.0083,0.965073,0,7,0,12.3693,0.25,13.3417,0.75,1,0.5,1,3,2,2,3,0.994602,0
4,1,2,40,89840,117693,15492,186204,152699,193791,0.787958,0.770748,0.607317,0,1,0,11.4018,0.901388,12.1655,0.75,0,0.790569,1,3,2,2,4,1.1317,0
4,2,0,180,380097,505435,30487,452493,505435,560622,0.90156,1,0.90156,2,2,0,12.1655,0.5,11,0.901388,2.23607,0.25,0,3,1,2,5,1.58152,1
4,1,1,38,86609,113069,12804,130956,116367,148339,0.784467,0.971658,0.762233,0,1,0,11.4018,0.559017,11.4018,0.25,1,0.5,0,3,2,2,6,1.74789,0
4,1,2,32,148769,171051,18505,222037,177021,256687,0.689636,0.966278,0.666381,0,72,0,11.1803,0.790569,11.1803,0,1.41421,0.353553,1,1,2,2,5,1.29385,0
4,0,0,3,65208,67297,9664,51368,76789.5,67297,1.14105,0.876383,1,0,2,0,10.198,1.06066,10.198,1.06066,0,0,-1,3,2,2,3,1.18453,0
4,2,2,133,549398,642009,29728,555106,750775,871737,0.86124,0.855128,0.73647,2,1,0,7.28011,0.901388,7.28011,0.901388,0,0,-1,3,2,2,4,1.50806,1
4,2,0,102,318534,389559,21862,375210,388862,454808,0.855003,1.00179,0.856534,1,1,0,3.60555,0.353553,10.4403,0.75,9.05539,0.901388,0,3,2,2,6,1.98039,1
4,2,2,96,233196,300043,27476,365496,308430,576921,0.534615,0.972805,0.520076,1,9,0,14.5602,0.707107,18.9737,1.06066,5.38516,0.353553,1,3,1,2,6,1.77826,1
4,1,2,32,70927,93209.2,12055,137047,125459,132594,0.94619,0.742946,0.702968,0,5,0,6,1.06066,6,1.06066,0,0,-1,3,2,2,6,1.59455,0
4,1,5,15,380121,390566,23284,358766,471528,471863,0.99929,0.828298,0.82771,0,8,0,2.23607,0.5,2.23607,0.5,0,0,-1,3,1,2,5,1.61947,1
4,2,2,160,591682,703093,55735,1379051,731798,798078,0.91695,0.960775,0.880983,1,7,0,2,0.559017,2,0.901388,1,0.353553,1,3,2,2,4,2.10239,1
4,2,2,188,594802,725710,34660,705552,995476,990583,1.00494,0.729008,0.732609,2,1,1,4,0.5,4,0.25,0,0.25,0,3,1,2,6,1.80503,1
4,0,0,5,58544,62025.6,8273,40955,68009,61329.3,1.10892,0.91202,1.01135,0,32,0,11.4018,0.901388,11.4018,0.901388,0,0,-1,3,2,2,4,1.12351,0
4,0,0,2,42696,44088.6,7092,25468,49559.4,43392.3,1.14212,0.889613,1.01605,0,1,0,11.4018,0.901388,11.4018,0.901388,0,0,-1,3,2,1,1,0.622024,0
4,1,2,57,134596,174286,16926,179868,240311,243726,0.985987,0.725254,0.715091,0,3,0,13.9284,0.559017,16.1555,0.25,2.23607,1.06066,0,3,2,2,4,0.975774,1
4,0,0,3,121780,123869,14136,97004,135010,123173,1.0961,0.917479,1.00565,0,6,0,12.3693,0.5,12.3693,0.5,0,0,-1,3,1,2,4,1.30363,0
4,0,0,4,168924,171709,16352,137566,177650,171709,1.0346,0.966561,1,0,8,0,12.3693,0.5,12.3693,0.5,0,0,-1,3,1,2,2,0.648674,0
4,0,0,3,78418,80507,11358,65632,92707.1,80507,1.15154,0.868401,1,0,1,0,10.198,1.06066,10.198,1.06066,0,0,-1,3,2,2,2,0.962038,0
4,2,7,88,257483,318759,25344,413222,474639,601493,0.789101,0.671583,0.529947,1,11,0,7.28011,0.901388,7.28011,0.901388,0,0,-1,3,2,2,4,1.29832,1
4,1,0,21,296977,311600,20413,297157,310903,335743,0.926017,1.00224,0.928091,0,3,0,1,0,1,0.75,0,0.25,0,3,0,2,6,1.93206,1
4,1,2,54,148797,186398,14348,260162,192198,274850,0.699281,0.969826,0.678181,0,14,0,5.09902,0.901388,7.2111,0.25,2.82843,0.790569,0,1,2,2,6,1.58193,1
4,0,0,4,55518,58303.3,8407,37417,66971.4,58303.3,1.14867,0.870569,1,0,3,0,2.23607,0.75,2.23607,0.75,0,0,-1,3,2,2,4,1.44749,0
4,1,2,40,383380,411233,28680,442494,418086,480151,0.87074,0.983607,0.856466,0,2,0,3.60555,0.75,5.65685,0.559017,2.23607,0.790569,0,3,2,2,4,1.19032,1
1,2,0,1697,129121,225130,14381,97215,225074,358325,0.628129,1.00025,0.628286,2,1,0,50.3587,0.25,99.7246,0.5,50.3587,0.25,0,1,2,1,1,2.2,1
1,2,2,1488,225558,309743,20392,183528,396340,434847,0.911447,0.781509,0.712304,2,2,0,51.3517,0.353553,53.3385,0.901388,3,0.559017,0,1,2,1,2,2.30565,1
1,3,0,2297,165857,295812,174429,11104431,385346,447664,0.860793,0.767652,0.66079,2,6,-1,0,0,0,0,0,0,-1,0,0,1,2,2.09928,1
1,2,2,2173,253882,376822,22796,214438,428184,508027,0.842836,0.880047,0.741736,2,1,0,91.7878,0.559017,93.5361,0.5,2.23607,0.75,0,3,2,1,2,2.64261,1
1,3,0,3514,279651,478459,62354,1661976,509443,594574,0.85682,0.939181,0.804709,2,6,-1,0,0,0,0,0,0,-1,0,0,1,2,2.43118,1
1,3,0,3926,281846,503963,116387,4950899,548873,595828,0.921195,0.918178,0.845821,2,2,-1,0,0,0,0,0,0,-1,0,0,1,2,2.58042,1
1,3,0,3005,182880,352891,62327,3062151,384851,504881,0.762261,0.916954,0.698958,2,3,-1,0,0,0,0,0,0,-1,0,0,1,2,2.82353,1
1,3,0,3996,232969,459047,129986,7447210,497406,503945,0.987024,0.922882,0.910906,1,16,-1,0,0,0,0,0,0,-1,0,0,1,2,2.42014,1
1,3,0,3486,242824,440048,79605,2762141,492157,499301,0.985691,0.894121,0.881327,2,11,-1,0,0,0,0,0,0,-1,0,0,1,2,2.58253,1
1,2,2,1622,180340,272106,17451,137089,288651,346257,0.83363,0.942684,0.78585,2,39,0,11.7047,0.559017,21.9317,0.790569,12.53,0.25,1,3,2,1,2,2.27592,1
1,2,0,693,93377,132584,12790,69966,132528,167311,0.792104,1.00043,0.792442,2,5,0,10.4403,0.901388,15.2643,0.790569,5,0.75,0,1,2,1,2,1.98173,0
1,2,2,1001,134712,191345,15192,100632,206300,253235,0.814659,0.927507,0.755601,2,20,1,15.8114,0.25,19.6469,0.5,9.84886,0.559017,1,1,2,1,1,0.818182,1
1,2,1,1381,262334,340465,24126,230362,344010,491662,0.699688,0.989697,0.692479,2,8,0,9.43398,0.353553,10.7703,0.901388,5.83095,0.901388,1,1,2,1,2,2.14883,1
1,2,0,3748,210725,422772,19687,181641,422715,464137,0.910756,1.00013,0.910878,2,8,0,58.8303,0,86.2148,0.25,37.1214,0.25,0,1,0,1,3,2.28636,1
1,2,2,1255,198433,269436,19266,175212,395583,397607,0.99491,0.68111,0.677644,2,1,0,43.1856,0.559017,37.1214,0.75,5.38516,0.707107,0,3,2,1,5,2.37339,1
1,2,1,1598,149096,239504,16205,113623,260191,278087,0.935645,0.920494,0.861256,2,17,1,171.421,0.790569,173.416,0.5,1.41421,0.353553,1,1,2,1,5,2.36765,1
1,2,1,1955,163122,273728,15608,119166,311311,334712,0.930086,0.879276,0.817802,2,1,1,170.238,0.353553,168.146,0.790569,2.82843,0.5,0,3,2,1,5,2.3938,1
1,3,0,2034,175143,290219,48376,1098266,356357,350933,1.01545,0.814405,0.826991,1,1,-1,0,0,0,0,0,0,-1,0,0,1,5,2.36709,1
1,3,0,1240,83336,153490,31685,1146567,287646,261077,1.10176,0.533609,0.587911,2,3,-1,0,0,0,0,0,0,-1,0,0,1,5,2.51298,1
1,3,0,2468,145730,285360,67381,4365269,345849,386813,0.894098,0.825099,0.73772,2,15,-1,0,0,0,0,0,0,-1,0,0,1,5,2.60292,1
1,3,0,4191,246266,483376,242624,23487812,522677,490599,1.06538,0.924809,0.985277,2,16,-1,0,0,0,0,0,0,-1,0,0,1,5,2.49797,1
1,3,0,2073,164379,281661,100833,8357215,309674,287480,1.0772,0.909541,0.979758,1,7,-1,0,0,0,0,0,0,-1,0,0,1,5,2.50965,1
1,2,2,1169,140740,206877,15430,100178,215924,244259,0.883996,0.958101,0.846958,2,11,1,15.2971,0.559017,17.0294,0.5,2.23607,0.25,0,3,2,1,5,1.89732,1
1,2,1,923,120755,172975,13789,79891,181384,207671,0.873418,0.953639,0.832925,1,18,0,11.7047,0.353553,12.083,0.5,1,0.790569,1,3,2,1,3,1.68649,1
1,2,1,863,119468,168293,14424,87196,175812,181582,0.968221,0.957235,0.926815,2,1,1,16.4924,0.901388,17.4642,0.353553,1,0.901388,1,3,2,1,4,1.67417,1
1,2,2,1641,250949,343790,23242,220060,351113,367988,0.954143,0.979144,0.934243,2,61,0,15.1327,0.901388,13.0384,0.5,2.82843,0.75,0,3,2,1,5,2.05571,1
1,3,0,5012,305678,589237,86538,3433654,604597,638055,0.947563,0.974595,0.92349,1,1,-1,0,0,0,0,0,0,-1,0,0,1,3,2.39497,1
1,3,0,3533,240573,440456,98904,5025198,519270,513198,1.01183,0.848221,0.858258,2,1,-1,0,0,0,0,0,0,-1,0,0,1,5,2.34074,1
1,2,2,1088,124637,186192,14430,92698,214843,230642,0.931498,0.866641,0.807274,2,19,1,166.364,0.75,160.378,0.5,7,0.25,0,3,2,1,5,2.29549,1
1,2,1,641,83178,119443,11920,61038,124392,200256,0.621165,0.960218,0.596454,2,1,0,90.4489,0.790569,95.6347,0.75,5.83095,0.75,0,1,2,1,5,2.14076,1
1,3,0,1041,87328,146224,42613,1408917,166327,174748,0.951814,0.879133,0.83677,2,1,-1,0,0,0,0,0,0,-1,0,0,1,5,2.10525,1
1,2,1,5907,291860,626054,23141,228181,674920,683291,0.987748,0.927599,0.916234,2,2,1,139.807,0.353553,135.724,0.707107,3,1.06066,0,3,2,1,5,2.25357,1
1,3,0,3501,212093,410166,96064,6985956,438104,482197,0.908558,0.936228,0.850617,2,3,-1,0,0,0,0,0,0,-1,0,0,1,5,2.5186,1
1,2,1,2336,180940,313102,17284,134754,320677,390777,0.820614,0.976377,0.801229,1,2,0,61.4003,0.707107,76.1183,0,16.5529,0.707107,0,3,1,1,5,2.52951,1
1,3,0,1363,112862,189975,37577,1249181,211259,200731,1.05245,0.899251,0.946418,2,1,-1,0,0,0,0,0,0,-1,0,0,1,5,2.36748,1
1,3,0,1146,97179,162015,48371,2039069,191594,242917,0.788722,0.845616,0.666956,2,2,-1,0,0,0,0,0,0,-1,0,0,1,5,2.36813,1
1,3,0,1768,129746,229772,235406,27746394,315520,301734,1.04569,0.728235,0.761506,2,1,-1,0,0,0,0,0,0,-1,0,0,1,5,2.09422,1
1,3,0,3165,207058,386121,93361,6643283,435673,471327,0.924354,0.886263,0.819221,1,2,-1,0,0,0,0,0,0,-1,0,0,1,5,2.21574,1
1,2,0,1068,267545,327968,24288,233192,327855,333697,0.982492,1.00035,0.982831,2,1,0,8.60233,0.25,8.60233,0.790569,0,0.25,0,3,2,1,5,2.22202,1
1,2,5,3083,309490,483914,25635,258701,490958,490618,1.00069,0.985653,0.986335,2,5,1,18.4391,1.06066,18.4391,1.06066,0,0,-1,1,2,1,3,2.45374,1
1,3,0,2559,192045,336823,52757,1616281,371562,368312,1.00882,0.906505,0.914504,1,3,-1,0,0,0,0,0,0,-1,0,0,1,5,2.37735,1
1,3,0,3559,239764,441118,145868,9363562,461495,455534,1.01309,0.955846,0.968354,2,4,-1,0,0,0,0,0,0,-1,0,0,1,5,2.15168,1
1,2,2,683,111055,149696,13511,78309,149592,149977,0.997436,1.0007,0.998132,2,5,0,89.2749,0.25,88.278,0.559017,1,0.5,0,3,2,1,5,2.07401,1
1,3,0,1728,115021,212784,129573,7604667,355213,330834,1.07369,0.599032,0.643175,1,1,-1,0,0,0,0,0,0,-1,0,0,1,5,2.10231,1
1,3,0,3113,180529,356650,109045,7134723,364304,493702,0.737904,0.978989,0.7224,2,80,-1,0,0,0,0,0,0,-1,0,0,1,5,2.34568,1
1,3,0,3347,190239,379599,120597,6526937,442521,423262,1.0455,0.85781,0.896841,2,1,-1,0,0,0,0,0,0,-1,0,0,1,5,2.43006,1
1,2,2,683,72716,111357,10056,58068,112662,129416,0.870543,0.98842,0.860462,2,7,0,58.2495,0.790569,61.8466,0.707107,12.0416,0.790569,0,1,2,1,5,2.37188,1
1,3,0,1822,129001,232082,117913,14547169,279100,233598,1.19479,0.831538,0.993513,1,1,-1,0,0,0,0,0,0,-1,0,0,1,5,2.27728,1
1,2,1,1351,99512,175946,13497,87715,188437,267509,0.704413,0.933714,0.65772,2,1,1,54.3323,0.25,62.8013,0.559017,8.94427,0.353553,1,1,2,1,5,2.31218,1
1,3,0,1990,129046,241632,58651,1901509,279341,283620,0.984913,0.865009,0.851959,2,3,-1,0,0,0,0,0,0,-1,0,0,1,5,2.24707,1
1,3,0,2755,193348,349215,88468,4453350,422432,437891,0.964696,0.826678,0.797493,2,59,-1,0,0,0,0,0,0,-1,0,0,1,5,2.44309,1
1,2,2,2877,296800,459569,25871,267129,542904,482121,1.12607,0.846502,0.953224,1,8,1,16.4924,0.707107,22.8035,0,37.0135,0.707107,0,3,1,1,5,2.45337,1
1,3,0,477,41460,68446.8,21090,317248,71149.6,72870,0.97639,0.962012,0.939299,1,1,-1,0,0,0,0,0,0,-1,0,0,1,3,2.46116,1
1,3,0,2280,152544,281537,88871,4191921,298613,291077,1.02589,0.942815,0.967225,2,5,-1,0,0,0,0,0,0,-1,0,0,1,5,2.11724,1
1,3,0,1908,134056,242003,89206,4488916,280513,252525,1.11083,0.862716,0.958331,2,3,-1,0,0,0,0,0,0,-1,0,0,1,5,2.33454,1
1,2,1,1049,108260,167608,12802,78016,199445,196555,1.01471,0.840372,0.852731,2,1,0,88.3629,0.901388,95.0368,0.75,9.21954,0.5,1,1,2,1,5,2.39806,1
1,2,2,2061,152867,269470,15916,116778,286147,341194,0.838663,0.941719,0.789785,2,6,1,168.19,0.707107,158.079,0.790569,11.1803,0.790569,0,1,1,1,5,2.23548,1
1,2,1,571,59479,91783.9,10085,54459,94471.7,95938.6,0.98471,0.971549,0.956694,2,1,0,64.195,0.790569,185.559,0.790569,123.065,0,0,1,2,1,5,2.46062,1
1,3,0,575,56200,88731.2,34966,649518,106242,164378,0.646324,0.835183,0.539799,1,2,-1,0,0,0,0,0,0,-1,0,0,1,5,2.20486,1
1,3,0,511,59591,88501.3,22902,274588,109687,126040,0.870258,0.80685,0.702167,1,3,-1,0,0,0,0,0,0,-1,0,0,1,5,2.27884,1
1,3,0,605,60731,94959.5,32971,527789,110591,296283,0.373261,0.858655,0.320503,2,2,-1,0,0,0,0,0,0,-1,0,0,1,5,2.22268,1
1,3,0,2343,143713,276271,65437,2800849,325435,351738,0.92522,0.848927,0.785444,2,3,-1,0,0,0,0,0,0,-1,0,0,1,5,2.18253,1
1,3,0,2952,177530,344542,103281,5142349,373965,391399,0.955458,0.921322,0.880284,2,1,-1,0,0,0,0,0,0,-1,0,0,1,5,2.39421,1
1,3,0,1593,105185,195311,43984,1804294,274761,216385,1.26978,0.710837,0.902608,1,1,-1,0,0,0,0,0,0,-1,0,0,1,5,2.539,1
1,3,0,3050,207786,380343,63773,1927197,428561,411874,1.04052,0.887488,0.923445,2,8,-1,0,0,0,0,0,0,-1,0,0,1,5,2.37474,1
1,2,1,461,82673,108755,11119,65321,174311,374315,0.465679,0.623912,0.290543,1,1,0,114.983,0,148.637,0.790569,33.7343,0.790569,0,1,0,1,3,2.36059,1
1,3,0,1392,89657,168411,41042,1595184,173177,228989,0.756266,0.972478,0.735452,2,1,-1,0,0,0,0,0,0,-1,0,0,1,5,2.0688,1
1,3,0,1748,118887,217782,71452,3530618,253815,265620,0.955559,0.858033,0.819901,2,18,-1,0,0,0,0,0,0,-1,0,0,1,5,2.21141,1
1,3,0,1552,115209,203015,35889,1210247,238645,254709,0.936933,0.850698,0.797047,2,3,-1,0,0,0,0,0,0,-1,0,0,1,5,2.27293,1
1,2,1,1643,112350,205304,13014,86098,220078,298328,0.737706,0.93287,0.688184,2,1,0,83.006,0.790569,77.0065,0.5,7.07107,0.353553,0,1,2,1,5,2.29864,1
1,2,1,2266,169364,297565,16939,131865,349862,360192,0.97132,0.850522,0.826128,2,13,0,87.0057,0.707107,98.0051,0.559017,15.6205,0.75,0,1,1,1,5,2.22475,1
1,3,0,183,21232,31585.4,13884,81558,42435.6,44855.9,0.946042,0.744315,0.704153,1,1,-1,0,0,0,0,0,0,-1,0,0,1,5,2.25693,1
1,3,0,1207,78757,147044,55905,1622585,195986,198171,0.988976,0.750278,0.742007,1,3,-1,0,0,0,0,0,0,-1,0,0,1,5,1.78536,1
1,3,0,2725,151497,305667,83073,3583641,317372,380592,0.83389,0.963119,0.803135,2,1,-1,0,0,0,0,0,0,-1,0,0,1,5,2.0782,1
1,3,0,1188,103342,170554,36842,942738,188654,188204,1.00239,0.904058,0.90622,1,1,-1,0,0,0,0,0,0,-1,0,0,1,5,2.27524,1
1,3,0,287,37100,53337.3,23742,211292,74578.8,136925,0.544667,0.715181,0.389536,1,1,-1,0,0,0,0,0,0,-1,0,0,1,5,2.45015,1
1,3,0,1404,109400,188833,32761,1066761,211120,228638,0.923381,0.894433,0.825903,2,3,-1,0,0,0,0,0,0,-1,0,0,1,5,2.24141,1
1,2,2,3184,217676,397814,21565,204647,413592,519085,0.796771,0.961851,0.766375,1,3,0,28.3196,0.559017,56.5862,0.5,28.3196,0.559017,1,1,2,1,5,2.26903,1
1,3,0,1248,82238,152845,68466,4556708,167255,161811,1.03364,0.913846,0.94459,2,3,-1,0,0,0,0,0,0,-1,0,0,1,3,2.0957,1
1,2,2,325,28362,46749.2,6361,21623,48322.3,52479.9,0.920777,0.967446,0.890802,2,6,1,209.194,0.901388,204.707,0.25,10.8167,0.353553,0,1,2,1,5,2.14469,1
1,3,0,731,46882,88239.1,34392,1254010,94299.1,102493,0.920058,0.935736,0.860931,1,1,-1,0,0,0,0,0,0,-1,0,0,1,5,2.19062,1
1,2,2,1400,116465,195671,15137,98793,219757,225119,0.97618,0.8904,0.869191,1,13,0,97.0052,0.559017,99.0051,0.901388,2.82843,0.790569,0,3,2,1,5,2.17403,1
1,3,0,1769,119715,219798,90705,4575591,233850,235480,0.993076,0.939911,0.933403,2,3,-1,0,0,0,0,0,0,-1,0,0,1,5,2.39635,1
1,3,0,2798,158836,317136,64826,3771978,338854,329806,1.02743,0.935906,0.961582,2,5,-1,0,0,0,0,0,0,-1,0,0,1,5,2.11789,1
1,3,0,165,17638,26973,30912,316692,36313.4,34967.8,1.03848,0.742784,0.771368,1,6,-1,0,0,0,0,0,0,-1,0,0,1,5,2.13385,1
1,3,0,3206,173457,354840,66627,2831807,363137,402001,0.903325,0.97715,0.882684,1,1,-1,0,0,0,0,0,0,-1,0,0,1,5,1.80568,1
1,3,0,4112,239062,471703,92607,3701525,480641,511460,0.939744,0.981402,0.922267,2,2,-1,0,0,0,0,0,0,-1,0,0,1,5,2.25691,1
1,3,0,516,53540,82733.2,18271,295537,86056.4,90766.7,0.948106,0.961384,0.911493,1,1,-1,0,0,0,0,0,0,-1,0,0,1,5,2.34632,1
1,3,0,795,62888,107866,22823,551463,129157,175610,0.73548,0.835152,0.614237,2,1,-1,0,0,0,0,0,0,-1,0,0,1,5,2.1125,1
1,3,0,318,38101,56092.2,18569,188873,64735.1,67594,0.957706,0.866488,0.82984,1,2,-1,0,0,0,0,0,0,-1,0,0,1,5,2.0929,1
1,2,2,2071,215513,332682,19697,174763,350072,362566,0.965541,0.950324,0.917577,2,5,0,71.5891,0.790569,142.271,0.707107,71.5891,0.790569,1,1,2,1,5,2.13125,1
